ENVI ASCII Plot File [Sun Apr 06 16:17:01 2025]
Column 1: Wavelength
Column 2: Min: ROI #20~~2##255,0,0
Column 3: Mean-StdDev: ROI #20~~21##0,200,0
Column 4: Mean: ROI #20~~0##0,0,0
Column 5: Mean+StdDev: ROI #20~~21##0,200,0
Column 6: Max: ROI #20~~2##255,0,0
   935.609985  0.327535  0.554599  0.617523  0.680446  0.842334
   939.059998  0.329132  0.558175  0.620708  0.683241  0.847402
   942.520020  0.346547  0.584865  0.654640  0.724415  0.905429
   945.979980  0.330652  0.602671  0.680426  0.758181  0.954756
   949.429993  0.330019  0.615469  0.698184  0.780899  0.977460
   952.890015  0.329448  0.624036  0.709327  0.794618  0.997317
   956.349976  0.335404  0.630128  0.716882  0.803636  1.008069
   959.809998  0.340028  0.634516  0.722080  0.809644  1.015599
   963.270020  0.344950  0.638425  0.726610  0.814794  1.025410
   966.729980  0.347384  0.641677  0.730517  0.819358  1.028967
   970.190002  0.354664  0.645227  0.734474  0.823722  1.036377
   973.650024  0.355607  0.648146  0.737765  0.827383  1.041158
   977.109985  0.357903  0.651162  0.741104  0.831047  1.045415
   980.580017  0.358912  0.654162  0.744476  0.834790  1.046610
   984.039978  0.363284  0.657109  0.747806  0.838503  1.053542
   987.510010  0.364931  0.659943  0.750964  0.841985  1.058353
   990.969971  0.367518  0.662920  0.754265  0.845611  1.066047
   994.429993  0.367091  0.665918  0.757596  0.849273  1.066618
   997.900024  0.371672  0.669005  0.761048  0.853091  1.075965
  1001.369995  0.371042  0.671889  0.764274  0.856660  1.076626
  1004.830017  0.373625  0.674814  0.767558  0.860303  1.081748
  1008.299988  0.375568  0.677943  0.770951  0.863959  1.086065
  1011.770020  0.377851  0.681065  0.774414  0.867763  1.089531
  1015.239990  0.379741  0.684006  0.777719  0.871431  1.093047
  1018.710022  0.380834  0.686889  0.780905  0.874921  1.097696
  1022.179993  0.384962  0.689948  0.784296  0.878645  1.102507
  1025.650024  0.385467  0.692986  0.787652  0.882319  1.106712
  1029.119995  0.387059  0.695857  0.790878  0.885899  1.112898
  1032.589966  0.390417  0.698831  0.794164  0.889497  1.115895
  1036.060059  0.394264  0.701635  0.797312  0.892988  1.120415
  1039.530029  0.396684  0.704482  0.800488  0.896494  1.125115
  1043.000000  0.399191  0.707349  0.803662  0.899975  1.128175
  1046.479980  0.399945  0.710269  0.806884  0.903499  1.131809
  1049.949951  0.400641  0.713054  0.809973  0.906893  1.139143
  1053.430054  0.402783  0.715665  0.812921  0.910176  1.143565
  1056.900024  0.407695  0.718298  0.815866  0.913433  1.147384
  1060.380005  0.407849  0.720894  0.818750  0.916606  1.149655
  1063.849976  0.409133  0.723504  0.821650  0.919797  1.153829
  1067.329956  0.411856  0.726055  0.824489  0.922922  1.159644
  1070.810059  0.413431  0.728562  0.827268  0.925974  1.164049
  1074.290039  0.415888  0.731110  0.830095  0.929079  1.168033
  1077.760010  0.416400  0.733455  0.832754  0.932053  1.171457
  1081.239990  0.416644  0.735753  0.835301  0.934850  1.174471
  1084.719971  0.417602  0.738021  0.837793  0.937564  1.178499
  1088.199951  0.420737  0.740131  0.840129  0.940127  1.181144
  1091.680054  0.423176  0.742094  0.842343  0.942592  1.183616
  1095.170044  0.423992  0.744025  0.844510  0.944996  1.187829
  1098.650024  0.425888  0.745851  0.846527  0.947203  1.190141
  1102.130005  0.426309  0.747370  0.848215  0.949061  1.191628
  1105.609985  0.426349  0.748691  0.849670  0.950649  1.192978
  1109.099976  0.426692  0.749876  0.850975  0.952074  1.193438
  1112.579956  0.427667  0.751046  0.852261  0.953475  1.192294
  1116.069946  0.427786  0.752140  0.853444  0.954748  1.192686
  1119.550049  0.427074  0.753094  0.854414  0.955734  1.188753
  1123.040039  0.425498  0.753795  0.855065  0.956334  1.182728
  1126.520020  0.425353  0.754212  0.855268  0.956324  1.172773
  1130.010010  0.422964  0.753956  0.854750  0.955544  1.157354
  1133.500000  0.420376  0.753104  0.853545  0.953987  1.135414
  1136.989990  0.416958  0.751558  0.851778  0.951997  1.105282
  1140.469971  0.411374  0.750047  0.850280  0.950513  1.078877
  1143.959961  0.407805  0.749008  0.849453  0.949898  1.064492
  1147.449951  0.405927  0.748935  0.849502  0.950069  1.072139
  1150.939941  0.406300  0.749512  0.850129  0.950746  1.093609
  1154.430054  0.411909  0.750029  0.850689  0.951348  1.119984
  1157.930054  0.415129  0.749661  0.850453  0.951245  1.143367
  1161.420044  0.417731  0.748618  0.849365  0.950112  1.157476
  1164.910034  0.417594  0.747029  0.847776  0.948523  1.164266
  1168.400024  0.416126  0.745506  0.846200  0.946894  1.167703
  1171.900024  0.416515  0.743895  0.844487  0.945078  1.168372
  1175.390015  0.416063  0.742301  0.842768  0.943234  1.168154
  1178.890015  0.414515  0.740888  0.841223  0.941558  1.165010
  1182.380005  0.411759  0.739922  0.840119  0.940317  1.161827
  1185.880005  0.411530  0.739395  0.839539  0.939684  1.158486
  1189.369995  0.412874  0.739524  0.839677  0.939830  1.155723
  1192.869995  0.410482  0.740261  0.840498  0.940735  1.151071
  1196.369995  0.408474  0.741385  0.841716  0.942046  1.150643
  1199.869995  0.411150  0.742689  0.843167  0.943645  1.149215
  1203.369995  0.410550  0.744121  0.844817  0.945512  1.147671
  1206.869995  0.411265  0.745698  0.846533  0.947367  1.148021
  1210.369995  0.412857  0.747477  0.848575  0.949674  1.152723
  1213.869995  0.415612  0.749522  0.850968  0.952415  1.157921
  1217.369995  0.415090  0.751890  0.853731  0.955572  1.166208
  1220.869995  0.419489  0.754327  0.856651  0.958974  1.177322
  1224.369995  0.419086  0.756889  0.859601  0.962312  1.188508
  1227.869995  0.421935  0.759380  0.862487  0.965593  1.194693
  1231.380005  0.423734  0.761739  0.865219  0.968700  1.202963
  1234.880005  0.426180  0.763902  0.867638  0.971375  1.211100
  1238.390015  0.429031  0.765905  0.869991  0.974078  1.214624
  1241.890015  0.429442  0.767771  0.872176  0.976581  1.222428
  1245.400024  0.430936  0.769475  0.874127  0.978778  1.225634
  1248.900024  0.430964  0.771079  0.876016  0.980953  1.230261
  1252.410034  0.432166  0.772396  0.877531  0.982666  1.232252
  1255.920044  0.431698  0.773693  0.879053  0.984412  1.234597
  1259.420044  0.434172  0.774782  0.880392  0.986001  1.238165
  1262.930054  0.433028  0.775794  0.881577  0.987359  1.238815
  1266.439941  0.435029  0.776912  0.882810  0.988709  1.239892
  1269.949951  0.435555  0.777750  0.883915  0.990080  1.243504
  1273.459961  0.435551  0.778858  0.885134  0.991410  1.244843
  1276.969971  0.435613  0.779701  0.886245  0.992789  1.248464
  1280.479980  0.436980  0.780915  0.887614  0.994313  1.250631
  1283.989990  0.437195  0.781915  0.888910  0.995904  1.253776
  1287.510010  0.438235  0.783104  0.890223  0.997342  1.252082
  1291.020020  0.437510  0.783971  0.891327  0.998682  1.257635
  1294.530029  0.436080  0.784954  0.892393  0.999832  1.254815
  1298.050049  0.435480  0.785479  0.893122  1.000765  1.256554
  1301.560059  0.437715  0.786120  0.893798  1.001476  1.255983
  1305.079956  0.437328  0.786522  0.894368  1.002213  1.258960
  1308.589966  0.437278  0.786840  0.894732  1.002624  1.255405
  1312.109985  0.436622  0.786580  0.894615  1.002650  1.258440
  1315.619995  0.438283  0.786368  0.894395  1.002422  1.257380
  1319.140015  0.436185  0.785486  0.893571  1.001657  1.256142
  1322.660034  0.433275  0.784552  0.892482  1.000411  1.253002
  1326.180054  0.431661  0.782759  0.890630  0.998500  1.251301
  1329.699951  0.430533  0.780481  0.888136  0.995791  1.248696
  1333.219971  0.425499  0.777238  0.884714  0.992191  1.240766
  1336.739990  0.424554  0.773698  0.880811  0.987923  1.231297
  1340.260010  0.420370  0.769702  0.876490  0.983279  1.229967
  1343.780029  0.416539  0.765372  0.871648  0.977924  1.217554
  1347.300049  0.409877  0.760438  0.866319  0.972201  1.210389
  1350.819946  0.408612  0.755552  0.860984  0.966417  1.201720
  1354.349976  0.405092  0.750909  0.855884  0.960859  1.195013
  1357.869995  0.402369  0.746550  0.851010  0.955471  1.189895
  1361.390015  0.396799  0.742450  0.846459  0.950469  1.182518
  1364.920044  0.389596  0.738486  0.842137  0.945789  1.175529
  1368.439941  0.390453  0.734735  0.838047  0.941359  1.168632
  1371.969971  0.386283  0.731362  0.834406  0.937449  1.159853
  1375.500000  0.385201  0.728595  0.831430  0.934265  1.152931
  1379.020020  0.380780  0.726238  0.828682  0.931126  1.143297
  1382.550049  0.380781  0.723342  0.825421  0.927500  1.137291
  1386.079956  0.374019  0.719768  0.821606  0.923444  1.135144
  1389.609985  0.370235  0.715226  0.816604  0.917982  1.121722
  1393.140015  0.369920  0.709794  0.810447  0.911100  1.116262
  1396.670044  0.365845  0.703086  0.803055  0.903024  1.105055
  1400.199951  0.356998  0.695666  0.794766  0.893866  1.094008
  1403.729980  0.347216  0.686894  0.784969  0.883045  1.077782
  1407.260010  0.347216  0.677026  0.773963  0.870899  1.060969
  1410.790039  0.337948  0.666203  0.761904  0.857605  1.043639
  1414.319946  0.327604  0.654407  0.748851  0.843295  1.026978
  1417.859985  0.321749  0.642216  0.735287  0.828359  1.013402
  1421.390015  0.312041  0.630172  0.721820  0.813467  0.994024
  1424.920044  0.303706  0.618307  0.708614  0.798921  0.983126
  1428.459961  0.298084  0.607474  0.696493  0.785512  0.965196
  1431.989990  0.292649  0.597692  0.685496  0.773301  0.954058
  1435.530029  0.285099  0.589480  0.676276  0.763072  0.940218
  1439.069946  0.283395  0.582529  0.668573  0.754618  0.930226
  1442.599976  0.278930  0.576713  0.662163  0.747614  0.919797
  1446.140015  0.278369  0.572155  0.657110  0.742064  0.918633
  1449.680054  0.274931  0.568500  0.653042  0.737584  0.913073
  1453.219971  0.272977  0.565582  0.649868  0.734154  0.913025
  1456.760010  0.271388  0.563484  0.647511  0.731539  0.907685
  1460.300049  0.269580  0.561399  0.645371  0.729342  0.910003
  1463.839966  0.269729  0.560233  0.644101  0.727968  0.906296
  1467.380005  0.265833  0.559253  0.643131  0.727008  0.906429
  1470.920044  0.267823  0.558924  0.642852  0.726781  0.904742
  1474.459961  0.268182  0.558684  0.642782  0.726881  0.906995
  1478.010010  0.267600  0.559176  0.643377  0.727578  0.906738
  1481.550049  0.264884  0.559555  0.643881  0.728207  0.914590
  1485.089966  0.267655  0.560004  0.644572  0.729139  0.915698
  1488.640015  0.265822  0.560153  0.644935  0.729718  0.917239
  1492.180054  0.268135  0.560909  0.645817  0.730724  0.917229
  1495.729980  0.263634  0.561442  0.646595  0.731748  0.918771
  1499.270020  0.268236  0.562616  0.647973  0.733331  0.920875
  1502.819946  0.264606  0.563449  0.649100  0.734752  0.924463
  1506.369995  0.267663  0.564563  0.650436  0.736309  0.931618
  1509.910034  0.266898  0.565517  0.651634  0.737750  0.931327
  1513.459961  0.267139  0.566389  0.652735  0.739081  0.934020
  1517.010010  0.266823  0.567003  0.653604  0.740206  0.934300
  1520.560059  0.268330  0.567748  0.654584  0.741420  0.939414
  1524.109985  0.266226  0.568337  0.655387  0.742437  0.938046
  1527.660034  0.268102  0.568825  0.656040  0.743256  0.939608
  1531.209961  0.266088  0.568696  0.656126  0.743557  0.941528
  1534.760010  0.264400  0.568955  0.656433  0.743912  0.943059
  1538.319946  0.265384  0.568593  0.656191  0.743789  0.941037
  1541.869995  0.262146  0.568346  0.656012  0.743677  0.941816
  1545.420044  0.267162  0.567549  0.655266  0.742984  0.939454
  1548.979980  0.263585  0.566804  0.654524  0.742244  0.943384
  1552.530029  0.261820  0.565920  0.653640  0.741360  0.940390
  1556.089966  0.259390  0.565062  0.652777  0.740492  0.941748
  1559.640015  0.262711  0.563856  0.651569  0.739282  0.938595
  1563.199951  0.256488  0.562933  0.650612  0.738290  0.937222
  1566.750000  0.257865  0.562030  0.649716  0.737403  0.935840
  1570.310059  0.254429  0.560937  0.648595  0.736253  0.934731
  1573.869995  0.256632  0.560115  0.647743  0.735371  0.933509
  1577.430054  0.254418  0.559642  0.647232  0.734822  0.931240
  1580.989990  0.254829  0.558807  0.646425  0.734042  0.927949
  1584.550049  0.252521  0.558311  0.645959  0.733607  0.929076
  1588.109985  0.255114  0.557603  0.645298  0.732994  0.926895
  1591.670044  0.252133  0.557565  0.645263  0.732960  0.927019
  1595.229980  0.252675  0.556962  0.644697  0.732432  0.925415
  1598.790039  0.245924  0.556614  0.644360  0.732106  0.923477
  1602.349976  0.250750  0.556205  0.643949  0.731693  0.919355
  1605.920044  0.249188  0.555658  0.643400  0.731142  0.916891
  1609.479980  0.248694  0.555097  0.642774  0.730451  0.911856
  1613.040039  0.245147  0.554135  0.641707  0.729279  0.903037
  1616.609985  0.242577  0.552832  0.640265  0.727698  0.897792
  1620.170044  0.239597  0.551345  0.638467  0.725589  0.877112
  1623.739990  0.236239  0.549098  0.635909  0.722719  0.861120
  1627.310059  0.233590  0.546790  0.633414  0.720039  0.843143
  1630.869995  0.229524  0.544070  0.630656  0.717241  0.837827
  1634.439941  0.226804  0.541746  0.628427  0.715108  0.837754
  1638.010010  0.224241  0.539506  0.626336  0.713167  0.835648
  1641.579956  0.222553  0.538266  0.625286  0.712306  0.840094
  1645.150024  0.220644  0.537436  0.624496  0.711556  0.836279
  1648.709961  0.222872  0.536762  0.623711  0.710661  0.834912
  1652.290039  0.214740  0.535923  0.622630  0.709338  0.835826
  1655.859985  0.219233  0.533364  0.620054  0.706744  0.831466
  1659.430054  0.212665  0.527815  0.615387  0.702960  0.826774
  1663.000000  0.207456  0.518899  0.609222  0.699544  0.823266
  1666.569946  0.195769  0.507087  0.602148  0.697209  0.814842
  1670.140015  0.182122  0.493754  0.595060  0.696365  0.811485
  1673.719971  0.172017  0.481915  0.588891  0.695867  0.804785
  1677.290039  0.164941  0.473927  0.584391  0.694855  0.803757
  1680.869995  0.158077  0.469823  0.581264  0.692704  0.799186
  1684.439941  0.160558  0.468469  0.578664  0.688860  0.795196
  1688.020020  0.162197  0.468243  0.575565  0.682886  0.792609
  1691.589966  0.166236  0.468016  0.571760  0.675503  0.783515
  1695.170044  0.164644  0.468564  0.568227  0.667890  0.776050
  1698.750000  0.176990  0.470794  0.564949  0.659103  0.761882
  1702.329956  0.183039  0.473848  0.562691  0.651534  0.768083
  1705.910034  0.198705  0.475106  0.559232  0.643357  0.747001
  1709.489990  0.190855  0.474956  0.555655  0.636354  0.741165
  1713.069946  0.200025  0.472020  0.549748  0.627477  0.719086
  1716.650024  0.203849  0.468543  0.543165  0.617787  0.725476
  1720.229980  0.207132  0.462994  0.535481  0.607969  0.690982
