ENVI ASCII Plot File [Sun Apr 06 16:03:31 2025]
Column 1: Wavelength
Column 2: Min: ROI #5~~2##255,0,0
Column 3: Mean-StdDev: ROI #5~~21##0,200,0
Column 4: Mean: ROI #5~~0##0,0,0
Column 5: Mean+StdDev: ROI #5~~21##0,200,0
Column 6: Max: ROI #5~~2##255,0,0
   935.609985  0.179680  0.393122  0.465139  0.537156  0.649847
   939.059998  0.182914  0.395072  0.467485  0.539899  0.653675
   942.520020  0.188338  0.404671  0.491133  0.577595  0.712254
   945.979980  0.175456  0.410550  0.508736  0.606922  0.732494
   949.429993  0.176068  0.415458  0.522061  0.628664  0.769821
   952.890015  0.171194  0.421550  0.532156  0.642761  0.790990
   956.349976  0.176866  0.426078  0.539284  0.652491  0.801759
   959.809998  0.175645  0.430266  0.544775  0.659284  0.810063
   963.270020  0.179063  0.433987  0.549690  0.665392  0.817882
   966.729980  0.174797  0.437463  0.554146  0.670829  0.822970
   970.190002  0.180506  0.441202  0.558751  0.676300  0.832001
   973.650024  0.180334  0.444278  0.562560  0.680841  0.837051
   977.109985  0.182149  0.447527  0.566578  0.685629  0.840698
   980.580017  0.184187  0.450877  0.570630  0.690382  0.850494
   984.039978  0.187970  0.454175  0.574653  0.695132  0.851942
   987.510010  0.187210  0.457271  0.578431  0.699592  0.858051
   990.969971  0.190614  0.460542  0.582408  0.704274  0.863802
   994.429993  0.191155  0.463869  0.586399  0.708929  0.871838
   997.900024  0.192967  0.467291  0.590539  0.713787  0.874772
  1001.369995  0.194546  0.470332  0.594292  0.718252  0.882941
  1004.830017  0.195752  0.473608  0.598200  0.722792  0.887032
  1008.299988  0.198240  0.476965  0.602263  0.727560  0.893190
  1011.770020  0.198986  0.480449  0.606439  0.732430  0.896668
  1015.239990  0.200370  0.483622  0.610312  0.737002  0.906162
  1018.710022  0.202233  0.486827  0.614116  0.741405  0.912130
  1022.179993  0.205247  0.490061  0.618053  0.746045  0.916942
  1025.650024  0.206817  0.493428  0.622085  0.750741  0.922024
  1029.119995  0.209315  0.496560  0.625912  0.755263  0.930030
  1032.589966  0.209264  0.499931  0.629907  0.759884  0.936158
  1036.060059  0.211788  0.502928  0.633527  0.764125  0.941291
  1039.530029  0.213445  0.505993  0.637274  0.768555  0.947523
  1043.000000  0.217211  0.509215  0.641172  0.773129  0.952328
  1046.479980  0.218050  0.512518  0.645094  0.777671  0.957446
  1049.949951  0.219048  0.515547  0.648734  0.781921  0.965033
  1053.430054  0.221403  0.518490  0.652265  0.786039  0.970765
  1056.900024  0.222630  0.521477  0.655892  0.790307  0.974935
  1060.380005  0.223855  0.524475  0.659513  0.794552  0.981457
  1063.849976  0.226556  0.527430  0.663108  0.798786  0.986691
  1067.329956  0.227305  0.530381  0.666690  0.803000  0.991120
  1070.810059  0.229772  0.533316  0.670178  0.807039  0.996396
  1074.290039  0.233003  0.536205  0.673650  0.811094  1.003267
  1077.760010  0.233332  0.538972  0.677035  0.815099  1.009197
  1081.239990  0.235757  0.541829  0.680473  0.819116  1.013616
  1084.719971  0.237778  0.544597  0.683818  0.823038  1.018024
  1088.199951  0.237467  0.547141  0.686917  0.826692  1.023684
  1091.680054  0.238808  0.549546  0.689877  0.830208  1.027493
  1095.170044  0.240131  0.552039  0.692910  0.833781  1.030247
  1098.650024  0.241991  0.554533  0.695885  0.837238  1.035006
  1102.130005  0.243389  0.556730  0.698589  0.840447  1.038184
  1105.609985  0.243356  0.558824  0.701141  0.843459  1.040648
  1109.099976  0.244468  0.560813  0.703531  0.846249  1.044279
  1112.579956  0.246136  0.562776  0.705955  0.849133  1.047657
  1116.069946  0.246065  0.564637  0.708280  0.851922  1.047943
  1119.550049  0.244592  0.566396  0.710453  0.854509  1.049650
  1123.040039  0.245285  0.567951  0.712336  0.856720  1.045212
  1126.520020  0.246698  0.569192  0.713838  0.858484  1.039206
  1130.010010  0.245236  0.569755  0.714645  0.859536  1.027700
  1133.500000  0.244661  0.569719  0.714796  0.859874  1.027018
  1136.989990  0.242006  0.569040  0.714415  0.859790  1.028186
  1140.469971  0.240335  0.568618  0.714349  0.860081  1.028777
  1143.959961  0.241261  0.568728  0.714758  0.860788  1.030686
  1147.449951  0.242367  0.569757  0.715998  0.862240  1.031452
  1150.939941  0.242686  0.571430  0.717819  0.864208  1.031800
  1154.430054  0.244954  0.573219  0.719589  0.865959  1.032310
  1157.930054  0.244979  0.574335  0.720752  0.867169  1.032235
  1161.420044  0.246745  0.574897  0.721292  0.867686  1.044788
  1164.910034  0.248212  0.574756  0.721157  0.867559  1.052156
  1168.400024  0.250044  0.574682  0.721032  0.867381  1.055899
  1171.900024  0.248016  0.574607  0.720922  0.867236  1.059159
  1175.390015  0.247416  0.574401  0.720706  0.867011  1.059887
  1178.890015  0.245802  0.574094  0.720379  0.866664  1.057646
  1182.380005  0.245770  0.573813  0.720085  0.866357  1.054684
  1185.880005  0.245895  0.573761  0.720066  0.866371  1.055181
  1189.369995  0.244906  0.574096  0.720540  0.866985  1.054793
  1192.869995  0.244990  0.574846  0.721606  0.868365  1.054299
  1196.369995  0.245167  0.576102  0.723100  0.870097  1.051659
  1199.869995  0.242887  0.577270  0.724687  0.872103  1.049133
  1203.369995  0.244670  0.578678  0.726470  0.874262  1.049599
  1206.869995  0.245392  0.580114  0.728300  0.876485  1.052674
  1210.369995  0.246877  0.581957  0.730522  0.879086  1.052737
  1213.869995  0.248510  0.584309  0.733417  0.882524  1.060154
  1217.369995  0.247555  0.587266  0.736961  0.886656  1.070031
  1220.869995  0.250609  0.590267  0.740764  0.891261  1.081823
  1224.369995  0.250743  0.593605  0.744764  0.895922  1.094100
  1227.869995  0.251329  0.596778  0.748654  0.900531  1.102824
  1231.380005  0.252817  0.599875  0.752410  0.904945  1.110059
  1234.880005  0.257703  0.602665  0.755838  0.909011  1.119298
  1238.390015  0.257399  0.605337  0.759074  0.912811  1.125403
  1241.890015  0.259916  0.607735  0.762019  0.916303  1.132465
  1245.400024  0.256997  0.609920  0.764632  0.919343  1.137603
  1248.900024  0.260252  0.611937  0.767216  0.922495  1.141351
  1252.410034  0.260219  0.614084  0.769778  0.925472  1.146688
  1255.920044  0.260672  0.615886  0.772053  0.928220  1.149975
  1259.420044  0.262238  0.617457  0.774009  0.930560  1.155661
  1262.930054  0.261998  0.619015  0.775984  0.932953  1.160183
  1266.439941  0.260371  0.620657  0.777987  0.935317  1.163441
  1269.949951  0.262022  0.622104  0.779883  0.937663  1.164660
  1273.459961  0.264782  0.623717  0.781797  0.939878  1.169175
  1276.969971  0.264082  0.625098  0.783624  0.942149  1.172461
  1280.479980  0.263448  0.626759  0.785668  0.944578  1.175682
  1283.989990  0.263961  0.628139  0.787501  0.946864  1.179368
  1287.510010  0.263109  0.629675  0.789388  0.949100  1.181344
  1291.020020  0.266270  0.630954  0.791105  0.951256  1.186575
  1294.530029  0.265105  0.632326  0.792796  0.953266  1.185973
  1298.050049  0.264542  0.633463  0.794269  0.955076  1.188789
  1301.560059  0.264674  0.634626  0.795730  0.956833  1.191893
  1305.079956  0.262952  0.635684  0.797038  0.958392  1.192769
  1308.589966  0.263525  0.636502  0.798113  0.959723  1.194234
  1312.109985  0.261200  0.637036  0.798878  0.960721  1.197514
  1315.619995  0.265214  0.637415  0.799413  0.961412  1.198656
  1319.140015  0.260708  0.637289  0.799446  0.961603  1.197078
  1322.660034  0.263505  0.637268  0.799349  0.961430  1.199257
  1326.180054  0.260979  0.636524  0.798656  0.960788  1.194986
  1329.699951  0.264570  0.635421  0.797397  0.959372  1.194591
  1333.219971  0.257951  0.633479  0.795250  0.957020  1.188479
  1336.739990  0.257519  0.631277  0.792710  0.954144  1.183243
  1340.260010  0.256552  0.628485  0.789550  0.950615  1.179989
  1343.780029  0.254752  0.625531  0.785977  0.946424  1.171582
  1347.300049  0.249422  0.621752  0.781596  0.941439  1.164361
  1350.819946  0.250282  0.617729  0.776907  0.936084  1.156751
  1354.349976  0.245338  0.613815  0.772274  0.930732  1.151099
  1357.869995  0.245165  0.610224  0.767942  0.925660  1.145033
  1361.390015  0.240699  0.606672  0.763753  0.920835  1.141606
  1364.920044  0.241090  0.603391  0.759965  0.916538  1.130634
  1368.439941  0.237596  0.600095  0.756242  0.912389  1.123221
  1371.969971  0.231153  0.597252  0.752979  0.908706  1.115150
  1375.500000  0.230297  0.594705  0.750194  0.905682  1.106432
  1379.020020  0.231170  0.592513  0.747457  0.902402  1.099814
  1382.550049  0.227890  0.589941  0.744411  0.898880  1.094690
  1386.079956  0.224072  0.586838  0.740894  0.894951  1.086403
  1389.609985  0.222443  0.582999  0.736472  0.889944  1.079754
  1393.140015  0.219687  0.578960  0.731559  0.884157  1.067125
  1396.670044  0.215086  0.573641  0.725406  0.877172  1.060033
  1400.199951  0.213889  0.567868  0.718407  0.868946  1.051159
  1403.729980  0.212378  0.560485  0.709632  0.858779  1.036310
  1407.260010  0.202504  0.551827  0.699307  0.846787  1.014680
  1410.790039  0.201031  0.541854  0.687473  0.833091  0.996947
  1414.319946  0.192187  0.531373  0.674927  0.818480  0.978426
  1417.859985  0.188575  0.520002  0.661405  0.802808  0.961375
  1421.390015  0.183737  0.509014  0.648081  0.787148  0.942555
  1424.920044  0.178239  0.497880  0.634740  0.771599  0.925961
  1428.459961  0.167148  0.487951  0.622738  0.757524  0.909025
  1431.989990  0.167905  0.478937  0.611912  0.744887  0.895280
  1435.530029  0.165320  0.471472  0.602791  0.734110  0.882053
  1439.069946  0.159704  0.464951  0.595036  0.725122  0.871023
  1442.599976  0.156392  0.459695  0.588829  0.717962  0.863205
  1446.140015  0.155044  0.455806  0.584073  0.712339  0.858049
  1449.680054  0.152678  0.452613  0.580369  0.708125  0.856326
  1453.219971  0.154107  0.450343  0.577657  0.704971  0.852003
  1456.760010  0.151397  0.448696  0.575661  0.702626  0.848285
  1460.300049  0.150390  0.447104  0.573897  0.700690  0.847140
  1463.839966  0.147775  0.446282  0.573051  0.699820  0.846515
  1467.380005  0.146982  0.445814  0.572580  0.699346  0.845321
  1470.920044  0.146733  0.445899  0.572783  0.699667  0.845062
  1474.459961  0.145325  0.445808  0.572862  0.699916  0.845515
  1478.010010  0.148002  0.446357  0.573605  0.700853  0.850132
  1481.550049  0.147901  0.446776  0.574285  0.701794  0.851740
  1485.089966  0.148924  0.447330  0.575133  0.702936  0.854864
  1488.640015  0.147219  0.447779  0.575837  0.703895  0.854038
  1492.180054  0.148117  0.448715  0.577099  0.705483  0.858155
  1495.729980  0.146321  0.449459  0.578190  0.706920  0.860511
  1499.270020  0.145923  0.450668  0.579753  0.708837  0.864522
  1502.819946  0.146250  0.451745  0.581193  0.710641  0.866125
  1506.369995  0.148638  0.452814  0.582676  0.712538  0.869159
  1509.910034  0.145145  0.454060  0.584259  0.714458  0.872181
  1513.459961  0.147538  0.455308  0.585898  0.716489  0.876522
  1517.010010  0.146338  0.456211  0.587255  0.718299  0.875399
  1520.560059  0.145831  0.457115  0.588588  0.720062  0.880206
  1524.109985  0.145563  0.457844  0.589568  0.721293  0.885055
  1527.660034  0.143981  0.458496  0.590435  0.722373  0.884362
  1531.209961  0.147004  0.458478  0.590759  0.723040  0.885608
  1534.760010  0.143563  0.458909  0.591309  0.723708  0.888194
  1538.319946  0.143759  0.458827  0.591257  0.723687  0.887128
  1541.869995  0.143270  0.458604  0.591162  0.723719  0.888022
  1545.420044  0.141974  0.458090  0.590691  0.723292  0.886504
  1548.979980  0.142616  0.457431  0.590059  0.722687  0.889755
  1552.530029  0.143329  0.456712  0.589326  0.721940  0.889538
  1556.089966  0.137223  0.455950  0.588500  0.721049  0.888766
  1559.640015  0.139262  0.454903  0.587446  0.719989  0.887516
  1563.199951  0.139072  0.454126  0.586596  0.719066  0.889072
  1566.750000  0.136171  0.453067  0.585557  0.718046  0.883405
  1570.310059  0.135432  0.452146  0.584577  0.717009  0.883979
  1573.869995  0.136526  0.451531  0.583992  0.716454  0.885761
  1577.430054  0.134295  0.451226  0.583592  0.715958  0.884978
  1580.989990  0.135002  0.450407  0.582828  0.715249  0.881005
  1584.550049  0.132248  0.450198  0.582579  0.714961  0.881577
  1588.109985  0.132741  0.449633  0.582129  0.714625  0.880184
  1591.670044  0.129748  0.449845  0.582416  0.714987  0.879175
  1595.229980  0.131921  0.449235  0.581882  0.714530  0.880731
  1598.790039  0.130056  0.449191  0.581873  0.714555  0.881028
  1602.349976  0.131475  0.448982  0.581721  0.714459  0.876221
  1605.920044  0.131124  0.448576  0.581388  0.714201  0.873421
  1609.479980  0.130841  0.448075  0.580902  0.713729  0.871693
  1613.040039  0.126387  0.447229  0.579926  0.712623  0.864375
  1616.609985  0.126083  0.445980  0.578504  0.711027  0.859299
  1620.170044  0.123114  0.444544  0.576780  0.709016  0.859842
  1623.739990  0.123803  0.442357  0.574354  0.706350  0.859347
  1627.310059  0.120668  0.440426  0.572172  0.703919  0.855707
  1630.869995  0.118557  0.437921  0.569568  0.701215  0.853577
  1634.439941  0.117334  0.436143  0.567774  0.699406  0.850442
  1638.010010  0.116589  0.434678  0.566417  0.698157  0.852126
  1641.579956  0.115656  0.433987  0.565859  0.697731  0.853769
  1645.150024  0.114163  0.433578  0.565468  0.697358  0.854183
  1648.709961  0.113857  0.433395  0.565291  0.697188  0.854965
  1652.290039  0.114784  0.433039  0.564783  0.696527  0.849594
  1655.859985  0.112910  0.430606  0.562303  0.693999  0.849288
  1659.430054  0.106825  0.425686  0.557550  0.689414  0.848803
  1663.000000  0.096582  0.417829  0.550939  0.684048  0.842913
  1666.569946  0.086745  0.407992  0.543403  0.678814  0.837899
  1670.140015  0.071258  0.396974  0.535705  0.674435  0.831275
  1673.719971  0.067795  0.387061  0.528777  0.670493  0.828970
  1677.290039  0.059551  0.379719  0.523197  0.666675  0.817508
  1680.869995  0.061758  0.375724  0.519130  0.662536  0.816296
  1684.439941  0.061423  0.373853  0.515743  0.657633  0.807350
  1688.020020  0.063373  0.372836  0.511987  0.651138  0.807377
  1691.589966  0.066963  0.371388  0.507177  0.642966  0.796326
  1695.170044  0.077383  0.371227  0.502856  0.634484  0.791875
  1698.750000  0.083138  0.371421  0.498201  0.624980  0.774555
  1702.329956  0.097209  0.372800  0.494659  0.616519  0.761741
  1705.910034  0.100516  0.372850  0.490283  0.607716  0.758052
  1709.489990  0.104759  0.371784  0.485261  0.598737  0.740386
  1713.069946  0.106064  0.369386  0.479090  0.588794  0.722731
  1716.650024  0.119599  0.366908  0.472826  0.578744  0.706354
  1720.229980  0.127276  0.362504  0.464590  0.566675  0.707820
