ENVI ASCII Plot File [Sun Apr 06 17:03:39 2025]
Column 1: Wavelength
Column 2: Min: ROI #67~~2##255,0,0
Column 3: Mean-StdDev: ROI #67~~21##0,200,0
Column 4: Mean: ROI #67~~0##0,0,0
Column 5: Mean+StdDev: ROI #67~~21##0,200,0
Column 6: Max: ROI #67~~2##255,0,0
   935.609985  0.227684  0.486242  0.558469  0.630696  0.747954
   939.059998  0.243314  0.488668  0.561278  0.633888  0.736820
   942.520020  0.243760  0.502711  0.589569  0.676427  0.776738
   945.979980  0.264595  0.513021  0.611235  0.709450  0.815153
   949.429993  0.244012  0.519884  0.625991  0.732097  0.840222
   952.890015  0.254555  0.526027  0.635891  0.745755  0.860091
   956.349976  0.248817  0.530992  0.643041  0.755090  0.871238
   959.809998  0.252398  0.534569  0.647878  0.761186  0.882400
   963.270020  0.250379  0.538062  0.652266  0.766470  0.890917
   966.729980  0.255030  0.541336  0.656265  0.771195  0.897967
   970.190002  0.252843  0.544546  0.660159  0.775772  0.897798
   973.650024  0.257453  0.547325  0.663563  0.779801  0.903046
   977.109985  0.252242  0.550289  0.667086  0.783882  0.909284
   980.580017  0.261212  0.553405  0.670668  0.787931  0.913149
   984.039978  0.261807  0.556325  0.674106  0.791887  0.918781
   987.510010  0.265059  0.559098  0.677364  0.795630  0.925174
   990.969971  0.266207  0.562105  0.680857  0.799609  0.930462
   994.429993  0.267986  0.565030  0.684304  0.803579  0.934432
   997.900024  0.269202  0.568314  0.688037  0.807761  0.939402
  1001.369995  0.268078  0.571108  0.691351  0.811594  0.944054
  1004.830017  0.270580  0.574023  0.694757  0.815491  0.948131
  1008.299988  0.275287  0.577007  0.698214  0.819422  0.953017
  1011.770020  0.276093  0.580175  0.701838  0.823502  0.958909
  1015.239990  0.276426  0.583092  0.705244  0.827395  0.963159
  1018.710022  0.279268  0.585970  0.708572  0.831174  0.967881
  1022.179993  0.279904  0.588973  0.712091  0.835209  0.970987
  1025.650024  0.283835  0.591992  0.715580  0.839168  0.976433
  1029.119995  0.284205  0.594883  0.718976  0.843069  0.982189
  1032.589966  0.290300  0.597709  0.722236  0.846762  0.986597
  1036.060059  0.290423  0.600408  0.725371  0.850334  0.990795
  1039.530029  0.289874  0.603254  0.728688  0.854122  0.994713
  1043.000000  0.292407  0.606131  0.732047  0.857962  1.000152
  1046.479980  0.295466  0.609024  0.735344  0.861665  1.004590
  1049.949951  0.295925  0.611721  0.738451  0.865180  1.008601
  1053.430054  0.298282  0.614398  0.741572  0.868745  1.013341
  1056.900024  0.301041  0.617112  0.744728  0.872344  1.018104
  1060.380005  0.302592  0.619794  0.747820  0.875846  1.020883
  1063.849976  0.304111  0.622386  0.750842  0.879299  1.025422
  1067.329956  0.307196  0.624933  0.753827  0.882721  1.029387
  1070.810059  0.309237  0.627508  0.756817  0.886125  1.032801
  1074.290039  0.310126  0.630106  0.759825  0.889545  1.038152
  1077.760010  0.312171  0.632558  0.762684  0.892810  1.042088
  1081.239990  0.313216  0.634978  0.765491  0.896004  1.045705
  1084.719971  0.314562  0.637315  0.768210  0.899105  1.050072
  1088.199951  0.316533  0.639493  0.770787  0.902082  1.052667
  1091.680054  0.318496  0.641686  0.773350  0.905014  1.056354
  1095.170044  0.318219  0.643839  0.775864  0.907888  1.060644
  1098.650024  0.321233  0.645882  0.778241  0.910601  1.063004
  1102.130005  0.323596  0.647715  0.780431  0.913147  1.066942
  1105.609985  0.324074  0.649448  0.782474  0.915500  1.072330
  1109.099976  0.326102  0.651088  0.784370  0.917652  1.074506
  1112.579956  0.325799  0.652707  0.786287  0.919867  1.074523
  1116.069946  0.325088  0.654207  0.788140  0.922073  1.077987
  1119.550049  0.325671  0.655665  0.789933  0.924201  1.082835
  1123.040039  0.327680  0.656869  0.791463  0.926058  1.084548
  1126.520020  0.328483  0.657779  0.792703  0.927627  1.087674
  1130.010010  0.328737  0.658258  0.793495  0.928731  1.088336
  1133.500000  0.327082  0.658288  0.793891  0.929495  1.088737
  1136.989990  0.327378  0.657914  0.793998  0.930082  1.089938
  1140.469971  0.322684  0.657805  0.794297  0.930789  1.091285
  1143.959961  0.323690  0.658002  0.794762  0.931521  1.091150
  1147.449951  0.324680  0.658543  0.795407  0.932271  1.091569
  1150.939941  0.327227  0.659342  0.796147  0.932951  1.092130
  1154.430054  0.327381  0.660219  0.796729  0.933240  1.093070
  1157.930054  0.328807  0.660528  0.796746  0.932963  1.091653
  1161.420044  0.328866  0.660504  0.796416  0.932328  1.091424
  1164.910034  0.328934  0.659835  0.795592  0.931348  1.091877
  1168.400024  0.328372  0.659299  0.794881  0.930463  1.088957
  1171.900024  0.329265  0.658641  0.794094  0.929546  1.086812
  1175.390015  0.325749  0.658126  0.793467  0.928808  1.088005
  1178.890015  0.324790  0.657617  0.792932  0.928246  1.086826
  1182.380005  0.325756  0.657322  0.792606  0.927891  1.084461
  1185.880005  0.327365  0.657312  0.792671  0.928029  1.086937
  1189.369995  0.326621  0.657804  0.793364  0.928925  1.087296
  1192.869995  0.326471  0.658676  0.794515  0.930354  1.089665
  1196.369995  0.326934  0.659986  0.796137  0.932288  1.092130
  1199.869995  0.330691  0.661316  0.797853  0.934390  1.093888
  1203.369995  0.329703  0.662867  0.799723  0.936579  1.098623
  1206.869995  0.329818  0.664379  0.801610  0.938841  1.099886
  1210.369995  0.334738  0.666183  0.803711  0.941239  1.103976
  1213.869995  0.335224  0.668184  0.806032  0.943881  1.107507
  1217.369995  0.337875  0.670375  0.808540  0.946705  1.111045
  1220.869995  0.338498  0.672668  0.811190  0.949712  1.112465
  1224.369995  0.342045  0.675150  0.814007  0.952864  1.117380
  1227.869995  0.340261  0.677535  0.816805  0.956076  1.122095
  1231.380005  0.344146  0.679913  0.819538  0.959164  1.125217
  1234.880005  0.344471  0.682118  0.822141  0.962164  1.129070
  1238.390015  0.347976  0.684240  0.824555  0.964869  1.132451
  1241.890015  0.347853  0.686208  0.826864  0.967520  1.135992
  1245.400024  0.351897  0.687972  0.828952  0.969932  1.140162
  1248.900024  0.350133  0.689620  0.830943  0.972266  1.140625
  1252.410034  0.351107  0.691274  0.832895  0.974515  1.145416
  1255.920044  0.350292  0.692678  0.834596  0.976515  1.149199
  1259.420044  0.354382  0.693963  0.836157  0.978351  1.153066
  1262.930054  0.354653  0.695278  0.837748  0.980219  1.154607
  1266.439941  0.358253  0.696638  0.839328  0.982018  1.154837
  1269.949951  0.354552  0.697722  0.840734  0.983745  1.158369
  1273.459961  0.360780  0.699036  0.842250  0.985463  1.161616
  1276.969971  0.360784  0.700221  0.843751  0.987280  1.165344
  1280.479980  0.359554  0.701626  0.845436  0.989246  1.165235
  1283.989990  0.360051  0.702801  0.846928  0.991056  1.168823
  1287.510010  0.361462  0.704099  0.848464  0.992828  1.167752
  1291.020020  0.362235  0.705185  0.849850  0.994515  1.171679
  1294.530029  0.363551  0.706264  0.851141  0.996018  1.174120
  1298.050049  0.364969  0.707174  0.852349  0.997525  1.177759
  1301.560059  0.364774  0.708176  0.853518  0.998861  1.178706
  1305.079956  0.365306  0.708878  0.854422  0.999965  1.179998
  1308.589966  0.365127  0.709624  0.855267  1.000911  1.179771
  1312.109985  0.368147  0.709901  0.855777  1.001653  1.180924
  1315.619995  0.363981  0.709972  0.855957  1.001943  1.179140
  1319.140015  0.366071  0.709569  0.855652  1.001735  1.183235
  1322.660034  0.362388  0.709417  0.855469  1.001520  1.180050
  1326.180054  0.365930  0.708379  0.854481  1.000583  1.183349
  1329.699951  0.363578  0.707120  0.853065  0.999011  1.178774
  1333.219971  0.363320  0.704930  0.850708  0.996485  1.175485
  1336.739990  0.356618  0.702491  0.848036  0.993581  1.171313
  1340.260010  0.357775  0.699500  0.844707  0.989913  1.166062
  1343.780029  0.353579  0.696348  0.841135  0.985923  1.160498
  1347.300049  0.353654  0.692453  0.836848  0.981242  1.155136
  1350.819946  0.345400  0.688555  0.832401  0.976247  1.146936
  1354.349976  0.346269  0.684785  0.828107  0.971429  1.141620
  1357.869995  0.342989  0.681353  0.824139  0.966925  1.137187
  1361.390015  0.342083  0.678118  0.820499  0.962881  1.130274
  1364.920044  0.338328  0.674977  0.817035  0.959094  1.129173
  1368.439941  0.333447  0.671885  0.813682  0.955478  1.120729
  1371.969971  0.330406  0.669243  0.810765  0.952287  1.118597
  1375.500000  0.331230  0.666991  0.808399  0.949806  1.112771
  1379.020020  0.327298  0.665238  0.806290  0.947342  1.112602
  1382.550049  0.328624  0.663152  0.803958  0.944764  1.104294
  1386.079956  0.323854  0.660237  0.800902  0.941566  1.101968
  1389.609985  0.319907  0.656630  0.796973  0.937315  1.095653
  1393.140015  0.318098  0.652766  0.792422  0.932079  1.090870
  1396.670044  0.314245  0.647513  0.786517  0.925522  1.080415
  1400.199951  0.313744  0.641730  0.779782  0.917835  1.071307
  1403.729980  0.306740  0.634784  0.771822  0.908860  1.059450
  1407.260010  0.301553  0.626394  0.762288  0.898183  1.048166
  1410.790039  0.292586  0.617242  0.751773  0.886304  1.030843
  1414.319946  0.285637  0.606953  0.740021  0.873089  1.016842
  1417.859985  0.279103  0.596256  0.727620  0.858983  0.997208
  1421.390015  0.273079  0.585231  0.714724  0.844217  0.981131
  1424.920044  0.265709  0.574167  0.701910  0.829652  0.965255
  1428.459961  0.260646  0.564163  0.690168  0.816172  0.948426
  1431.989990  0.252020  0.554838  0.679299  0.803760  0.931615
  1435.530029  0.249531  0.546861  0.670050  0.793240  0.916833
  1439.069946  0.241404  0.540418  0.662465  0.784511  0.908979
  1442.599976  0.239703  0.535091  0.656285  0.777480  0.900625
  1446.140015  0.238693  0.530904  0.651436  0.771968  0.893128
  1449.680054  0.235702  0.527506  0.647514  0.767523  0.888056
  1453.219971  0.233559  0.524892  0.644511  0.764129  0.885496
  1456.760010  0.234785  0.523110  0.642430  0.761750  0.880018
  1460.300049  0.231739  0.521494  0.640664  0.759834  0.880177
  1463.839966  0.231296  0.520659  0.639797  0.758936  0.877913
  1467.380005  0.231913  0.520178  0.639303  0.758427  0.879796
  1470.920044  0.233356  0.520038  0.639253  0.758469  0.878886
  1474.459961  0.231952  0.519839  0.639228  0.758618  0.878157
  1478.010010  0.228839  0.520269  0.639781  0.759293  0.879494
  1481.550049  0.232221  0.520628  0.640363  0.760098  0.880881
  1485.089966  0.231255  0.521222  0.641133  0.761043  0.881359
  1488.640015  0.230809  0.521461  0.641668  0.761876  0.883316
  1492.180054  0.232061  0.522334  0.642680  0.763027  0.883880
  1495.729980  0.234113  0.522917  0.643543  0.764169  0.886879
  1499.270020  0.228968  0.523906  0.644747  0.765588  0.887342
  1502.819946  0.236038  0.524777  0.645904  0.767030  0.891064
  1506.369995  0.230117  0.525727  0.647148  0.768569  0.889924
  1509.910034  0.233940  0.526658  0.648390  0.770122  0.892199
  1513.459961  0.234131  0.527661  0.649673  0.771684  0.894705
  1517.010010  0.234310  0.528362  0.650694  0.773025  0.896974
  1520.560059  0.233849  0.529080  0.651662  0.774244  0.902004
  1524.109985  0.235508  0.529376  0.652231  0.775087  0.899989
  1527.660034  0.236826  0.529845  0.652837  0.775829  0.899199
  1531.209961  0.237484  0.529690  0.652921  0.776151  0.900921
  1534.760010  0.233682  0.529869  0.653121  0.776374  0.901399
  1538.319946  0.236900  0.529459  0.652820  0.776181  0.902141
  1541.869995  0.236276  0.529100  0.652438  0.775777  0.902212
  1545.420044  0.234953  0.528338  0.651705  0.775072  0.899378
  1548.979980  0.233278  0.527624  0.650943  0.774262  0.902257
  1552.530029  0.233419  0.526603  0.649882  0.773162  0.898926
  1556.089966  0.232876  0.525642  0.648901  0.772160  0.898547
  1559.640015  0.229679  0.524471  0.647693  0.770915  0.896905
  1563.199951  0.229490  0.523574  0.646772  0.769970  0.898789
  1566.750000  0.230166  0.522450  0.645611  0.768772  0.894350
  1570.310059  0.229038  0.521474  0.644578  0.767682  0.896758
  1573.869995  0.227722  0.520659  0.643752  0.766844  0.892155
  1577.430054  0.226302  0.520051  0.643098  0.766146  0.891671
  1580.989990  0.225908  0.519247  0.642367  0.765488  0.890768
  1584.550049  0.224416  0.518763  0.641893  0.765023  0.890858
  1588.109985  0.221576  0.518158  0.641359  0.764560  0.893027
  1591.670044  0.220848  0.518144  0.641364  0.764584  0.894166
  1595.229980  0.224513  0.517427  0.640727  0.764028  0.888326
  1598.790039  0.224911  0.517068  0.640454  0.763840  0.889551
  1602.349976  0.220455  0.516635  0.640046  0.763458  0.888965
  1605.920044  0.222946  0.516212  0.639704  0.763196  0.888261
  1609.479980  0.219936  0.515624  0.639168  0.762711  0.885824
  1613.040039  0.221974  0.514609  0.638209  0.761809  0.885737
  1616.609985  0.217978  0.513412  0.636988  0.760563  0.887237
  1620.170044  0.216445  0.512284  0.635864  0.759444  0.886798
  1623.739990  0.214246  0.510492  0.634127  0.757763  0.883163
  1627.310059  0.214981  0.508810  0.632584  0.756359  0.879767
  1630.869995  0.211040  0.507019  0.630884  0.754749  0.876912
  1634.439941  0.211112  0.505654  0.629687  0.753721  0.876255
  1638.010010  0.210307  0.504509  0.628712  0.752914  0.876832
  1641.579956  0.208806  0.504001  0.628318  0.752635  0.873742
  1645.150024  0.204159  0.503567  0.627870  0.752173  0.873780
  1648.709961  0.206716  0.502922  0.627219  0.751516  0.872089
  1652.290039  0.203826  0.502391  0.626536  0.750682  0.872481
  1655.859985  0.204256  0.500636  0.624772  0.748909  0.873152
  1659.430054  0.202065  0.497512  0.621790  0.746068  0.867846
  1663.000000  0.199764  0.493295  0.617957  0.742618  0.865280
  1666.569946  0.194617  0.488323  0.613443  0.738563  0.861336
  1670.140015  0.185027  0.483157  0.608858  0.734559  0.855590
  1673.719971  0.172085  0.478113  0.604250  0.730388  0.848547
  1677.290039  0.170486  0.474048  0.600303  0.726559  0.844405
  1680.869995  0.165448  0.471061  0.596999  0.722937  0.838263
  1684.439941  0.164416  0.468657  0.593807  0.718957  0.832584
  1688.020020  0.161267  0.465962  0.589752  0.713542  0.829051
  1691.589966  0.166107  0.462776  0.584820  0.706864  0.820916
  1695.170044  0.169066  0.459906  0.579980  0.700053  0.812694
  1698.750000  0.174329  0.456954  0.574535  0.692117  0.810799
  1702.329956  0.177382  0.454915  0.569594  0.684274  0.789796
  1705.910034  0.180417  0.452446  0.564141  0.675837  0.788148
  1709.489990  0.188000  0.449547  0.558516  0.667484  0.776302
  1713.069946  0.173030  0.445558  0.551432  0.657307  0.779230
  1716.650024  0.184290  0.441542  0.543881  0.646221  0.761706
  1720.229980  0.190871  0.436004  0.534648  0.633293  0.744950
