ENVI ASCII Plot File [Sun Apr 06 16:01:36 2025]
Column 1: Wavelength
Column 2: Min: ROI #3~~2##255,0,0
Column 3: Mean-StdDev: ROI #3~~21##0,200,0
Column 4: Mean: ROI #3~~0##0,0,0
Column 5: Mean+StdDev: ROI #3~~21##0,200,0
Column 6: Max: ROI #3~~2##255,0,0
   935.609985  0.143438  0.338546  0.403860  0.469174  0.605025
   939.059998  0.152477  0.340629  0.405666  0.470703  0.591021
   942.520020  0.126545  0.351097  0.423894  0.496691  0.586254
   945.979980  0.136488  0.359854  0.439422  0.518990  0.620667
   949.429993  0.135519  0.365874  0.450682  0.535491  0.650141
   952.890015  0.133896  0.372319  0.460044  0.547769  0.666920
   956.349976  0.138497  0.377303  0.466703  0.556103  0.686401
   959.809998  0.137036  0.381499  0.472032  0.562566  0.692285
   963.270020  0.138642  0.385593  0.476945  0.568296  0.701001
   966.729980  0.136365  0.388962  0.481088  0.573214  0.708715
   970.190002  0.143076  0.392726  0.485609  0.578493  0.714357
   973.650024  0.142223  0.395911  0.489333  0.582754  0.720324
   977.109985  0.145507  0.399092  0.493141  0.587190  0.728457
   980.580017  0.147247  0.402538  0.497209  0.591880  0.735232
   984.039978  0.148102  0.405815  0.501113  0.596412  0.736831
   987.510010  0.149173  0.408919  0.504776  0.600633  0.745886
   990.969971  0.150770  0.412202  0.508715  0.605228  0.749482
   994.429993  0.151733  0.415534  0.512658  0.609782  0.755029
   997.900024  0.155081  0.418973  0.516763  0.614553  0.759438
  1001.369995  0.154668  0.422132  0.520436  0.618741  0.767424
  1004.830017  0.156896  0.425355  0.524297  0.623238  0.773916
  1008.299988  0.157112  0.428688  0.528224  0.627761  0.777011
  1011.770020  0.159821  0.432191  0.532321  0.632451  0.782003
  1015.239990  0.158962  0.435345  0.536119  0.636893  0.789284
  1018.710022  0.162236  0.438498  0.539791  0.641083  0.792547
  1022.179993  0.164655  0.441749  0.543666  0.645583  0.798330
  1025.650024  0.165955  0.445070  0.547575  0.650081  0.803327
  1029.119995  0.168910  0.448228  0.551318  0.654408  0.808484
  1032.589966  0.168464  0.451535  0.555181  0.658827  0.814454
  1036.060059  0.170244  0.454588  0.558782  0.662976  0.819973
  1039.530029  0.171983  0.457666  0.562431  0.667195  0.824951
  1043.000000  0.173446  0.460882  0.566228  0.671575  0.831952
  1046.479980  0.175374  0.464182  0.570062  0.675941  0.838087
  1049.949951  0.176740  0.467227  0.573615  0.680003  0.843235
  1053.430054  0.177713  0.470160  0.577078  0.683996  0.847623
  1056.900024  0.179962  0.473192  0.580681  0.688171  0.852467
  1060.380005  0.181201  0.476244  0.584281  0.692319  0.857573
  1063.849976  0.183498  0.479182  0.587776  0.696370  0.862029
  1067.329956  0.185284  0.482120  0.591244  0.700367  0.866901
  1070.810059  0.186781  0.485080  0.594666  0.704252  0.872533
  1074.290039  0.186441  0.487967  0.598076  0.708185  0.877462
  1077.760010  0.187899  0.490677  0.601350  0.712024  0.880923
  1081.239990  0.190080  0.493548  0.604714  0.715879  0.886066
  1084.719971  0.191485  0.496368  0.608026  0.719684  0.889655
  1088.199951  0.192326  0.498954  0.611069  0.723184  0.891858
  1091.680054  0.193099  0.501437  0.614029  0.726620  0.897532
  1095.170044  0.195704  0.503971  0.617038  0.730104  0.901588
  1098.650024  0.197362  0.506473  0.619974  0.733475  0.905518
  1102.130005  0.196920  0.508714  0.622652  0.736590  0.910981
  1105.609985  0.197643  0.510852  0.625225  0.739598  0.914688
  1109.099976  0.199272  0.512899  0.627671  0.742442  0.915609
  1112.579956  0.201120  0.514932  0.630143  0.745354  0.919591
  1116.069946  0.202353  0.516834  0.632483  0.748131  0.922594
  1119.550049  0.204070  0.518673  0.634712  0.750751  0.921983
  1123.040039  0.204877  0.520244  0.636673  0.753102  0.921449
  1126.520020  0.206281  0.521556  0.638380  0.755204  0.917424
  1130.010010  0.205480  0.522433  0.639624  0.756814  0.909794
  1133.500000  0.205190  0.522832  0.640322  0.757812  0.897154
  1136.989990  0.203607  0.522716  0.640601  0.758487  0.886953
  1140.469971  0.204999  0.522789  0.641123  0.759457  0.885787
  1143.959961  0.205035  0.523246  0.641896  0.760547  0.887254
  1147.449951  0.207845  0.524205  0.643040  0.761874  0.890347
  1150.939941  0.207431  0.525661  0.644507  0.763352  0.893833
  1154.430054  0.208620  0.527304  0.646016  0.764728  0.895261
  1157.930054  0.205161  0.528316  0.646934  0.765552  0.912908
  1161.420044  0.208995  0.528897  0.647394  0.765890  0.921543
  1164.910034  0.209566  0.528879  0.647310  0.765741  0.926231
  1168.400024  0.210703  0.528907  0.647249  0.765591  0.929038
  1171.900024  0.209205  0.528908  0.647233  0.765559  0.931587
  1175.390015  0.209879  0.528980  0.647278  0.765576  0.931562
  1178.890015  0.207588  0.528792  0.647103  0.765414  0.933802
  1182.380005  0.209826  0.528708  0.647034  0.765361  0.934271
  1185.880005  0.209172  0.528823  0.647208  0.765593  0.932898
  1189.369995  0.209334  0.529321  0.647890  0.766458  0.931800
  1192.869995  0.210449  0.530221  0.649087  0.767953  0.933079
  1196.369995  0.211572  0.531596  0.650784  0.769973  0.930240
  1199.869995  0.212559  0.532994  0.652535  0.772076  0.930904
  1203.369995  0.212767  0.534609  0.654539  0.774469  0.930545
  1206.869995  0.213746  0.536258  0.656540  0.776821  0.933956
  1210.369995  0.215512  0.538210  0.658865  0.779520  0.937019
  1213.869995  0.217133  0.540617  0.661705  0.782794  0.942366
  1217.369995  0.217370  0.543596  0.665134  0.786671  0.950857
  1220.869995  0.217214  0.546617  0.668724  0.790830  0.959772
  1224.369995  0.219165  0.549794  0.672426  0.795058  0.970269
  1227.869995  0.222594  0.552968  0.676107  0.799246  0.977561
  1231.380005  0.223857  0.556103  0.679727  0.803351  0.982846
  1234.880005  0.227503  0.558858  0.682975  0.807092  0.990861
  1238.390015  0.227384  0.561510  0.686123  0.810735  0.998917
  1241.890015  0.229994  0.563852  0.688856  0.813861  1.000438
  1245.400024  0.228816  0.566097  0.691462  0.816827  1.008976
  1248.900024  0.232971  0.568082  0.693912  0.819743  1.010832
  1252.410034  0.232094  0.570275  0.696463  0.822651  1.017529
  1255.920044  0.235834  0.572073  0.698616  0.825159  1.017203
  1259.420044  0.235749  0.573848  0.700659  0.827471  1.023519
  1262.930054  0.236159  0.575453  0.702605  0.829757  1.024295
  1266.439941  0.237259  0.577170  0.704565  0.831960  1.030695
  1269.949951  0.237408  0.578615  0.706423  0.834231  1.030946
  1273.459961  0.238658  0.580171  0.708274  0.836376  1.035753
  1276.969971  0.240622  0.581600  0.710085  0.838571  1.039317
  1280.479980  0.239757  0.583304  0.712057  0.840811  1.044975
  1283.989990  0.242045  0.584701  0.713776  0.842851  1.043277
  1287.510010  0.243645  0.586299  0.715636  0.844973  1.049484
  1291.020020  0.245692  0.587601  0.717305  0.847010  1.046641
  1294.530029  0.244651  0.589056  0.719035  0.849014  1.054065
  1298.050049  0.246342  0.590087  0.720374  0.850661  1.051915
  1301.560059  0.247054  0.591353  0.721844  0.852335  1.055862
  1305.079956  0.245121  0.592382  0.723137  0.853893  1.058045
  1308.589966  0.247860  0.593255  0.724218  0.855182  1.063612
  1312.109985  0.247611  0.593889  0.725061  0.856232  1.061529
  1315.619995  0.249229  0.594308  0.725572  0.856836  1.062583
  1319.140015  0.248464  0.594336  0.725701  0.857067  1.062136
  1322.660034  0.248784  0.594361  0.725710  0.857058  1.061888
  1326.180054  0.246558  0.593622  0.725018  0.856414  1.059127
  1329.699951  0.249155  0.592649  0.723887  0.855125  1.055762
  1333.219971  0.244789  0.590813  0.721886  0.852959  1.058616
  1336.739990  0.245023  0.588728  0.719515  0.850301  1.049150
  1340.260010  0.242153  0.586195  0.716709  0.847222  1.045973
  1343.780029  0.243025  0.583342  0.713398  0.843454  1.042775
  1347.300049  0.238071  0.579848  0.709464  0.839080  1.037498
  1350.819946  0.236975  0.576188  0.705242  0.834296  1.030965
  1354.349976  0.233926  0.572712  0.701134  0.829555  1.028211
  1357.869995  0.236154  0.569363  0.697287  0.825211  1.023080
  1361.390015  0.230126  0.566136  0.693553  0.820970  1.016540
  1364.920044  0.229671  0.563040  0.690071  0.817103  1.009140
  1368.439941  0.227468  0.559857  0.686531  0.813205  1.005214
  1371.969971  0.225293  0.557095  0.683478  0.809862  0.998339
  1375.500000  0.224431  0.554712  0.680830  0.806949  0.995585
  1379.020020  0.220146  0.552480  0.678231  0.803981  0.987865
  1382.550049  0.221469  0.549962  0.675258  0.800554  0.983942
  1386.079956  0.219109  0.546618  0.671576  0.796534  0.975310
  1389.609985  0.216456  0.542653  0.667162  0.791670  0.969843
  1393.140015  0.212356  0.538309  0.662087  0.785865  0.958492
  1396.670044  0.209794  0.532940  0.655944  0.778947  0.952422
  1400.199951  0.202798  0.526926  0.648907  0.770888  0.944924
  1403.729980  0.201473  0.519521  0.640218  0.760916  0.928056
  1407.260010  0.198292  0.510811  0.630163  0.749515  0.914829
  1410.790039  0.195784  0.501195  0.618974  0.736754  0.898503
  1414.319946  0.186253  0.490823  0.606993  0.723162  0.879781
  1417.859985  0.181415  0.480159  0.594432  0.708706  0.868834
  1421.390015  0.177125  0.469711  0.582113  0.694516  0.851012
  1424.920044  0.171050  0.459327  0.569948  0.680570  0.830162
  1428.459961  0.165739  0.450340  0.559386  0.668432  0.818867
  1431.989990  0.163006  0.442255  0.549806  0.657357  0.803537
  1435.530029  0.159260  0.435651  0.541990  0.648329  0.794455
  1439.069946  0.158443  0.430168  0.535518  0.640868  0.785144
  1442.599976  0.151366  0.425794  0.530401  0.635008  0.781029
  1446.140015  0.156382  0.422541  0.526601  0.630662  0.774735
  1449.680054  0.152637  0.420065  0.523652  0.627240  0.776276
  1453.219971  0.150731  0.418263  0.521542  0.624821  0.770519
  1456.760010  0.149504  0.417122  0.520199  0.623277  0.773529
  1460.300049  0.150827  0.415859  0.518801  0.621743  0.768528
  1463.839966  0.150056  0.415367  0.518192  0.621017  0.770634
  1467.380005  0.150351  0.415153  0.517977  0.620802  0.771247
  1470.920044  0.151113  0.415281  0.518269  0.621256  0.773340
  1474.459961  0.148839  0.415313  0.518391  0.621469  0.775114
  1478.010010  0.152035  0.415930  0.519102  0.622274  0.777743
  1481.550049  0.147873  0.416306  0.519655  0.623005  0.777376
  1485.089966  0.151837  0.416847  0.520415  0.623983  0.779771
  1488.640015  0.149862  0.417222  0.520919  0.624616  0.778926
  1492.180054  0.151201  0.418064  0.521967  0.625870  0.780655
  1495.729980  0.151102  0.418751  0.522893  0.627035  0.784254
  1499.270020  0.153981  0.419932  0.524360  0.628788  0.788671
  1502.819946  0.151050  0.421103  0.525785  0.630466  0.789287
  1506.369995  0.152164  0.422309  0.527292  0.632274  0.794777
  1509.910034  0.151559  0.423527  0.528845  0.634164  0.799512
  1513.459961  0.153901  0.424853  0.530493  0.636133  0.804037
  1517.010010  0.153472  0.425931  0.531933  0.637935  0.802664
  1520.560059  0.155704  0.426985  0.533318  0.639652  0.805685
  1524.109985  0.156632  0.427796  0.534374  0.640952  0.808116
  1527.660034  0.153882  0.428576  0.535336  0.642096  0.811288
  1531.209961  0.152341  0.428855  0.535814  0.642772  0.814327
  1534.760010  0.152224  0.429363  0.536441  0.643519  0.811450
  1538.319946  0.155060  0.429331  0.536493  0.643655  0.813397
  1541.869995  0.152115  0.429415  0.536646  0.643876  0.814449
  1545.420044  0.156049  0.429083  0.536328  0.643572  0.815599
  1548.979980  0.151272  0.428640  0.535943  0.643245  0.815484
  1552.530029  0.152284  0.428004  0.535277  0.642550  0.815456
  1556.089966  0.150346  0.427352  0.534635  0.641918  0.812395
  1559.640015  0.155616  0.426526  0.533732  0.640938  0.815422
  1563.199951  0.151056  0.425859  0.533071  0.640283  0.813117
  1566.750000  0.152147  0.424976  0.532148  0.639320  0.813345
  1570.310059  0.149620  0.424177  0.531362  0.638547  0.812807
  1573.869995  0.153025  0.423642  0.530787  0.637933  0.815830
  1577.430054  0.149562  0.423413  0.530528  0.637643  0.813791
  1580.989990  0.152512  0.422851  0.529970  0.637089  0.811196
  1584.550049  0.151262  0.422480  0.529678  0.636876  0.808036
  1588.109985  0.151374  0.421985  0.529259  0.636534  0.809079
  1591.670044  0.148160  0.422130  0.529474  0.636819  0.811020
  1595.229980  0.152407  0.421698  0.529053  0.636408  0.812458
  1598.790039  0.146172  0.421565  0.529064  0.636564  0.808775
  1602.349976  0.148290  0.421401  0.528922  0.636442  0.806987
  1605.920044  0.147458  0.421022  0.528650  0.636278  0.804852
  1609.479980  0.147762  0.420533  0.528158  0.635782  0.802054
  1613.040039  0.147056  0.419647  0.527257  0.634868  0.797884
  1616.609985  0.146880  0.418432  0.525993  0.633554  0.789265
  1620.170044  0.147710  0.417084  0.524576  0.632069  0.778618
  1623.739990  0.144045  0.415163  0.522580  0.629997  0.778605
  1627.310059  0.141969  0.413350  0.520746  0.628143  0.775538
  1630.869995  0.143568  0.411235  0.518560  0.625886  0.771744
  1634.439941  0.144302  0.409760  0.517142  0.624524  0.771003
  1638.010010  0.139988  0.408276  0.515804  0.623333  0.768818
  1641.579956  0.142623  0.407614  0.515188  0.622762  0.768964
  1645.150024  0.139247  0.407090  0.514755  0.622420  0.767799
  1648.709961  0.141094  0.406646  0.514267  0.621889  0.770136
  1652.290039  0.141300  0.406291  0.513793  0.621295  0.767330
  1655.859985  0.142192  0.404454  0.511892  0.619329  0.766610
  1659.430054  0.137079  0.400703  0.508331  0.615959  0.762295
  1663.000000  0.138777  0.395044  0.503389  0.611735  0.757848
  1666.569946  0.131938  0.388124  0.497663  0.607201  0.751674
  1670.140015  0.133754  0.380376  0.491690  0.603004  0.742882
  1673.719971  0.130594  0.373294  0.486221  0.599148  0.736989
  1677.290039  0.134057  0.367499  0.481377  0.595255  0.732146
  1680.869995  0.129365  0.363573  0.477281  0.590989  0.727295
  1684.439941  0.125382  0.360776  0.473431  0.586087  0.718187
  1688.020020  0.122186  0.358246  0.468987  0.579727  0.713556
  1691.589966  0.126380  0.355160  0.463552  0.571944  0.705097
  1695.170044  0.124497  0.352806  0.458422  0.564038  0.698051
  1698.750000  0.126677  0.350845  0.452951  0.555058  0.682967
  1702.329956  0.125281  0.349407  0.448302  0.547198  0.679008
  1705.910034  0.122227  0.347043  0.443100  0.539157  0.667768
  1709.489990  0.125943  0.345104  0.438273  0.531442  0.658131
  1713.069946  0.117398  0.341241  0.431697  0.522152  0.648248
  1716.650024  0.117492  0.337315  0.425016  0.512718  0.634893
  1720.229980  0.117115  0.332421  0.417251  0.502081  0.621395
