ENVI ASCII Plot File [Sun Apr 06 16:28:45 2025]
Column 1: Wavelength
Column 2: Min: ROI #33~~2##255,0,0
Column 3: Mean-StdDev: ROI #33~~21##0,200,0
Column 4: Mean: ROI #33~~0##0,0,0
Column 5: Mean+StdDev: ROI #33~~21##0,200,0
Column 6: Max: ROI #33~~2##255,0,0
   935.609985  0.218486  0.492376  0.562253  0.632131  0.826819
   939.059998  0.225092  0.495280  0.565205  0.635131  0.824746
   942.520020  0.214093  0.514790  0.595507  0.676224  0.853787
   945.979980  0.186113  0.528822  0.619170  0.709518  0.906721
   949.429993  0.169815  0.538485  0.635270  0.732056  0.943687
   952.890015  0.176666  0.545956  0.645900  0.745844  0.962620
   956.349976  0.167529  0.551718  0.653526  0.755334  0.975491
   959.809998  0.169461  0.555962  0.658763  0.761564  0.982828
   963.270020  0.175148  0.559592  0.663292  0.766992  0.992887
   966.729980  0.176489  0.562863  0.667306  0.771750  0.999139
   970.190002  0.175514  0.566314  0.671335  0.776357  1.005863
   973.650024  0.177968  0.569103  0.674588  0.780073  1.008391
   977.109985  0.182149  0.571962  0.677965  0.783968  1.012589
   980.580017  0.182359  0.574936  0.681392  0.787848  1.017130
   984.039978  0.183619  0.577865  0.684813  0.791761  1.021036
   987.510010  0.183553  0.580640  0.687962  0.795283  1.022920
   990.969971  0.187173  0.583529  0.691305  0.799082  1.030185
   994.429993  0.188004  0.586462  0.694699  0.802935  1.036063
   997.900024  0.193429  0.589571  0.698211  0.806852  1.041770
  1001.369995  0.190773  0.592407  0.701486  0.810564  1.044258
  1004.830017  0.195320  0.595351  0.704848  0.814345  1.049662
  1008.299988  0.196293  0.598329  0.708268  0.818207  1.053631
  1011.770020  0.198881  0.601471  0.711858  0.822245  1.061460
  1015.239990  0.199029  0.604294  0.715130  0.825966  1.062483
  1018.710022  0.203123  0.607150  0.718391  0.829631  1.067498
  1022.179993  0.204842  0.610146  0.721826  0.833506  1.072066
  1025.650024  0.207216  0.613109  0.725220  0.837330  1.076381
  1029.119995  0.206820  0.615938  0.728539  0.841141  1.081576
  1032.589966  0.210388  0.618873  0.731868  0.844863  1.085112
  1036.060059  0.211887  0.621629  0.735048  0.848467  1.088980
  1039.530029  0.214447  0.624420  0.738257  0.852094  1.095000
  1043.000000  0.215876  0.627215  0.741479  0.855742  1.099819
  1046.479980  0.217942  0.630079  0.744744  0.859409  1.104939
  1049.949951  0.218933  0.632809  0.747893  0.862978  1.108094
  1053.430054  0.221099  0.635370  0.750860  0.866350  1.112242
  1056.900024  0.224154  0.638001  0.753886  0.869770  1.116657
  1060.380005  0.225098  0.640626  0.756903  0.873181  1.121249
  1063.849976  0.226416  0.643147  0.759840  0.876534  1.125794
  1067.329956  0.227440  0.645667  0.762759  0.879851  1.129946
  1070.810059  0.228996  0.648174  0.765621  0.883068  1.133703
  1074.290039  0.230965  0.650663  0.768508  0.886353  1.137579
  1077.760010  0.233583  0.653018  0.771252  0.889487  1.142480
  1081.239990  0.235417  0.655381  0.773947  0.892512  1.147427
  1084.719971  0.237044  0.657686  0.776605  0.895525  1.152995
  1088.199951  0.238275  0.659784  0.779048  0.898311  1.156241
  1091.680054  0.239895  0.661779  0.781365  0.900951  1.158619
  1095.170044  0.241356  0.663811  0.783676  0.903540  1.160880
  1098.650024  0.242947  0.665760  0.785868  0.905976  1.162078
  1102.130005  0.244886  0.667407  0.787795  0.908183  1.165176
  1105.609985  0.245856  0.668898  0.789495  0.910092  1.167542
  1109.099976  0.247940  0.670269  0.791017  0.911764  1.167680
  1112.579956  0.247873  0.671579  0.792480  0.913382  1.165755
  1116.069946  0.248673  0.672846  0.793872  0.914899  1.168131
  1119.550049  0.250237  0.674012  0.795072  0.916132  1.166595
  1123.040039  0.251561  0.675015  0.795987  0.916959  1.159369
  1126.520020  0.253072  0.675776  0.796466  0.917156  1.147401
  1130.010010  0.253050  0.675943  0.796207  0.916471  1.132304
  1133.500000  0.251986  0.675622  0.795261  0.914901  1.107657
  1136.989990  0.253130  0.674727  0.793747  0.912767  1.100369
  1140.469971  0.252437  0.673901  0.792532  0.911163  1.100259
  1143.959961  0.251874  0.673315  0.791926  0.910537  1.098648
  1147.449951  0.250469  0.673456  0.792302  0.911147  1.098715
  1150.939941  0.251162  0.674116  0.793367  0.912619  1.099782
  1154.430054  0.251466  0.674662  0.794404  0.914145  1.098383
  1157.930054  0.250392  0.674447  0.794724  0.915000  1.118406
  1161.420044  0.250686  0.673682  0.794246  0.914811  1.135040
  1164.910034  0.247620  0.672432  0.793182  0.913932  1.142010
  1168.400024  0.248693  0.671302  0.792054  0.912807  1.145720
  1171.900024  0.247118  0.670181  0.790875  0.911568  1.148328
  1175.390015  0.246160  0.668959  0.789563  0.910168  1.149006
  1178.890015  0.244761  0.667906  0.788368  0.908829  1.144600
  1182.380005  0.246160  0.667181  0.787504  0.907828  1.144228
  1185.880005  0.242379  0.666815  0.787045  0.907276  1.139378
  1189.369995  0.243699  0.667040  0.787220  0.907400  1.139765
  1192.869995  0.244629  0.667766  0.787963  0.908159  1.136299
  1196.369995  0.248065  0.668873  0.789125  0.909377  1.128965
  1199.869995  0.246621  0.670029  0.790450  0.910871  1.128571
  1203.369995  0.249269  0.671436  0.792024  0.912612  1.127901
  1206.869995  0.248566  0.672844  0.793665  0.914486  1.126549
  1210.369995  0.249263  0.674514  0.795657  0.916799  1.133776
  1213.869995  0.252404  0.676462  0.798034  0.919607  1.137204
  1217.369995  0.254889  0.678693  0.800806  0.922920  1.146129
  1220.869995  0.255299  0.680856  0.803631  0.926406  1.156621
  1224.369995  0.257772  0.683238  0.806556  0.929875  1.167002
  1227.869995  0.257793  0.685651  0.809508  0.933366  1.177168
  1231.380005  0.260962  0.687918  0.812281  0.936644  1.180897
  1234.880005  0.262645  0.690047  0.814869  0.939690  1.188540
  1238.390015  0.262325  0.692129  0.817394  0.942658  1.193066
  1241.890015  0.265587  0.694009  0.819706  0.945403  1.198918
  1245.400024  0.265545  0.695739  0.821783  0.947828  1.206584
  1248.900024  0.266967  0.697291  0.823765  0.950239  1.209787
  1252.410034  0.271306  0.698787  0.825504  0.952221  1.208308
  1255.920044  0.271930  0.700120  0.827169  0.954218  1.217210
  1259.420044  0.271391  0.701356  0.828646  0.955936  1.216811
  1262.930054  0.273318  0.702426  0.830028  0.957629  1.223379
  1266.439941  0.271487  0.703682  0.831472  0.959261  1.223600
  1269.949951  0.277507  0.704676  0.832758  0.960840  1.229023
  1273.459961  0.275669  0.705840  0.834092  0.962345  1.229486
  1276.969971  0.277879  0.706900  0.835487  0.964075  1.231905
  1280.479980  0.277177  0.708145  0.836960  0.965775  1.234128
  1283.989990  0.278874  0.709208  0.838370  0.967531  1.234903
  1287.510010  0.281130  0.710473  0.839838  0.969202  1.236819
  1291.020020  0.282274  0.711397  0.841084  0.970772  1.238998
  1294.530029  0.281553  0.712492  0.842299  0.972106  1.239067
  1298.050049  0.283841  0.713115  0.843154  0.973193  1.238602
  1301.560059  0.281642  0.713897  0.844033  0.974169  1.242597
  1305.079956  0.286577  0.714488  0.844769  0.975050  1.241356
  1308.589966  0.284803  0.714858  0.845274  0.975690  1.241431
  1312.109985  0.285245  0.714802  0.845417  0.976033  1.242861
  1315.619995  0.283670  0.714785  0.845398  0.976011  1.243637
  1319.140015  0.285041  0.714113  0.844760  0.975408  1.241572
  1322.660034  0.283713  0.713408  0.843921  0.974433  1.238226
  1326.180054  0.282099  0.711961  0.842339  0.972717  1.233444
  1329.699951  0.280214  0.710036  0.840231  0.970426  1.231883
  1333.219971  0.276687  0.707150  0.837084  0.967018  1.226046
  1336.739990  0.273842  0.703985  0.833510  0.963034  1.225296
  1340.260010  0.269873  0.700395  0.829468  0.958541  1.215167
  1343.780029  0.267475  0.696367  0.824830  0.953294  1.207773
  1347.300049  0.263850  0.691842  0.819689  0.947536  1.200401
  1350.819946  0.259954  0.687161  0.814510  0.941859  1.193498
  1354.349976  0.256218  0.682759  0.809495  0.936230  1.188148
  1357.869995  0.251457  0.678692  0.804841  0.930990  1.181022
  1361.390015  0.247762  0.674844  0.800396  0.925948  1.173267
  1364.920044  0.245374  0.671278  0.796333  0.921389  1.167357
  1368.439941  0.241288  0.667813  0.792426  0.917040  1.155875
  1371.969971  0.241256  0.664781  0.788982  0.913184  1.150898
  1375.500000  0.236876  0.662353  0.786247  0.910141  1.143031
  1379.020020  0.238933  0.660131  0.783517  0.906903  1.137367
  1382.550049  0.233130  0.657451  0.780361  0.903270  1.128756
  1386.079956  0.233069  0.654128  0.776663  0.899198  1.122369
  1389.609985  0.229780  0.649942  0.771926  0.893911  1.113794
  1393.140015  0.225074  0.644941  0.766021  0.887100  1.105404
  1396.670044  0.217611  0.638676  0.758879  0.879082  1.092931
  1400.199951  0.216996  0.631772  0.750907  0.870041  1.083435
  1403.729980  0.208945  0.623430  0.741338  0.859246  1.067319
  1407.260010  0.205602  0.614054  0.730511  0.846968  1.049214
  1410.790039  0.194795  0.603444  0.718338  0.833231  1.033153
  1414.319946  0.190580  0.591986  0.705212  0.818438  1.014332
  1417.859985  0.183130  0.579917  0.691449  0.802981  0.994609
  1421.390015  0.173135  0.568163  0.677873  0.787583  0.977920
  1424.920044  0.170267  0.556528  0.664510  0.772492  0.960557
  1428.459961  0.160789  0.546066  0.652326  0.758587  0.945191
  1431.989990  0.156429  0.536447  0.641194  0.745940  0.931019
  1435.530029  0.152942  0.528633  0.632088  0.735544  0.917463
  1439.069946  0.149668  0.521881  0.624469  0.727056  0.907465
  1442.599976  0.144230  0.516417  0.618244  0.720072  0.898721
  1446.140015  0.143274  0.512294  0.613556  0.714819  0.897181
  1449.680054  0.141599  0.509072  0.609928  0.710784  0.890780
  1453.219971  0.141441  0.506555  0.607143  0.707731  0.890689
  1456.760010  0.139102  0.504852  0.605213  0.705574  0.890839
  1460.300049  0.138803  0.503263  0.603568  0.703872  0.892944
  1463.839966  0.138688  0.502422  0.602697  0.702973  0.891038
  1467.380005  0.136557  0.501887  0.602220  0.702553  0.890954
  1470.920044  0.138452  0.502049  0.602472  0.702894  0.891296
  1474.459961  0.136991  0.501975  0.602683  0.703391  0.894419
  1478.010010  0.137669  0.502746  0.603629  0.704511  0.892794
  1481.550049  0.138097  0.503256  0.604384  0.705512  0.894664
  1485.089966  0.137775  0.503920  0.605311  0.706702  0.899641
  1488.640015  0.137943  0.504352  0.605939  0.707526  0.900696
  1492.180054  0.138817  0.505237  0.607097  0.708956  0.904246
  1495.729980  0.138062  0.505976  0.608156  0.710337  0.908027
  1499.270020  0.139272  0.507177  0.609691  0.712205  0.910101
  1502.819946  0.138331  0.508085  0.610951  0.713816  0.911798
  1506.369995  0.139867  0.509259  0.612453  0.715647  0.912673
  1509.910034  0.142007  0.510276  0.613786  0.717296  0.916667
  1513.459961  0.137279  0.511289  0.615112  0.718935  0.914268
  1517.010010  0.138874  0.511959  0.616100  0.720240  0.921849
  1520.560059  0.136537  0.512692  0.617173  0.721654  0.927376
  1524.109985  0.139753  0.513360  0.618041  0.722722  0.924758
  1527.660034  0.136110  0.513838  0.618748  0.723658  0.930795
  1531.209961  0.137918  0.513788  0.618920  0.724052  0.927587
  1534.760010  0.137509  0.513970  0.619197  0.724424  0.931186
  1538.319946  0.140330  0.513712  0.619055  0.724398  0.929524
  1541.869995  0.135333  0.513441  0.618870  0.724299  0.933485
  1545.420044  0.137850  0.512799  0.618275  0.723751  0.928932
  1548.979980  0.135389  0.512037  0.617550  0.723063  0.928796
  1552.530029  0.136255  0.511263  0.616747  0.722231  0.927867
  1556.089966  0.134138  0.510321  0.615766  0.721211  0.929303
  1559.640015  0.133806  0.509163  0.614616  0.720068  0.922607
  1563.199951  0.133762  0.508348  0.613746  0.719143  0.926155
  1566.750000  0.130504  0.507502  0.612899  0.718295  0.920154
  1570.310059  0.128886  0.506539  0.611912  0.717286  0.922358
  1573.869995  0.128974  0.505813  0.611137  0.716461  0.919125
  1577.430054  0.128317  0.505434  0.610692  0.715951  0.919179
  1580.989990  0.128958  0.504678  0.609972  0.715267  0.918307
  1584.550049  0.128624  0.504356  0.609634  0.714911  0.916154
  1588.109985  0.128930  0.503738  0.609041  0.714344  0.913477
  1591.670044  0.127647  0.503831  0.609166  0.714502  0.916591
  1595.229980  0.126956  0.503291  0.608672  0.714052  0.910322
  1598.790039  0.128816  0.503091  0.608453  0.713815  0.908140
  1602.349976  0.127049  0.502802  0.608169  0.713535  0.904945
  1605.920044  0.126816  0.502366  0.607691  0.713016  0.905366
  1609.479980  0.124856  0.501962  0.607169  0.712375  0.899479
  1613.040039  0.125726  0.501111  0.606132  0.711153  0.891346
  1616.609985  0.123693  0.500027  0.604696  0.709365  0.883293
  1620.170044  0.125011  0.498820  0.602971  0.707122  0.868868
  1623.739990  0.120648  0.496877  0.600406  0.703935  0.848287
  1627.310059  0.123050  0.494865  0.597763  0.700661  0.850597
  1630.869995  0.117166  0.492393  0.594930  0.697468  0.843731
  1634.439941  0.120814  0.490462  0.592742  0.695021  0.845047
  1638.010010  0.117697  0.488526  0.590784  0.693042  0.841689
  1641.579956  0.120730  0.487585  0.589795  0.692006  0.841133
  1645.150024  0.117975  0.486798  0.589079  0.691360  0.840349
  1648.709961  0.116869  0.486391  0.588669  0.690947  0.840198
  1652.290039  0.116526  0.485735  0.587919  0.690103  0.840279
  1655.859985  0.118386  0.483486  0.585379  0.687272  0.837805
  1659.430054  0.113931  0.478576  0.580627  0.682678  0.832677
  1663.000000  0.114064  0.470460  0.574257  0.678055  0.832462
  1666.569946  0.113206  0.459593  0.567041  0.674489  0.826741
  1670.140015  0.112919  0.447023  0.559787  0.672552  0.821183
  1673.719971  0.108395  0.435715  0.553474  0.671233  0.816344
  1677.290039  0.108517  0.427880  0.548804  0.669729  0.810364
  1680.869995  0.108657  0.423898  0.545530  0.667163  0.808999
  1684.439941  0.104405  0.422638  0.542855  0.663073  0.804689
  1688.020020  0.105076  0.422565  0.539883  0.657202  0.798556
  1691.589966  0.106580  0.422572  0.536368  0.650165  0.795329
  1695.170044  0.110178  0.423478  0.533229  0.642981  0.789002
  1698.750000  0.106135  0.425884  0.530404  0.634924  0.775815
  1702.329956  0.121954  0.429119  0.528376  0.627633  0.775533
  1705.910034  0.118978  0.430517  0.525725  0.620933  0.756766
  1709.489990  0.127351  0.430470  0.522141  0.613812  0.753812
  1713.069946  0.122711  0.427765  0.516596  0.605428  0.724845
  1716.650024  0.136015  0.424300  0.509975  0.595650  0.721384
  1720.229980  0.122548  0.420089  0.502408  0.584727  0.692857
