ENVI ASCII Plot File [Sun Apr 06 16:19:14 2025]
Column 1: Wavelength
Column 2: Min: ROI #22~~2##255,0,0
Column 3: Mean-StdDev: ROI #22~~21##0,200,0
Column 4: Mean: ROI #22~~0##0,0,0
Column 5: Mean+StdDev: ROI #22~~21##0,200,0
Column 6: Max: ROI #22~~2##255,0,0
   935.609985  0.278933  0.469618  0.537304  0.604990  0.804890
   939.059998  0.284220  0.472602  0.540183  0.607764  0.798969
   942.520020  0.251516  0.490556  0.567417  0.644279  0.830729
   945.979980  0.278860  0.505252  0.588789  0.672325  0.881409
   949.429993  0.259867  0.514460  0.603274  0.692089  0.904690
   952.890015  0.267872  0.522402  0.613703  0.705005  0.927456
   956.349976  0.260939  0.528208  0.621120  0.714033  0.935633
   959.809998  0.262137  0.532728  0.626411  0.720094  0.948506
   963.270020  0.267302  0.536709  0.631174  0.725639  0.954671
   966.729980  0.271986  0.540072  0.635166  0.730261  0.957460
   970.190002  0.272041  0.543677  0.639365  0.735052  0.957826
   973.650024  0.278161  0.546730  0.642942  0.739155  0.969577
   977.109985  0.277579  0.549892  0.646659  0.743426  0.972759
   980.580017  0.281511  0.553320  0.650521  0.747722  0.979653
   984.039978  0.281681  0.556407  0.654102  0.751798  0.985743
   987.510010  0.283629  0.559471  0.657577  0.755683  0.989862
   990.969971  0.285907  0.562713  0.661251  0.759789  0.993998
   994.429993  0.288299  0.565888  0.664904  0.763921  0.999632
   997.900024  0.290701  0.569290  0.668746  0.768201  1.005619
  1001.369995  0.291487  0.572282  0.672234  0.772186  1.010572
  1004.830017  0.295326  0.575480  0.675875  0.776270  1.016369
  1008.299988  0.296498  0.578766  0.679582  0.780398  1.019619
  1011.770020  0.299899  0.582184  0.683443  0.784702  1.024986
  1015.239990  0.302498  0.585270  0.687007  0.788745  1.029100
  1018.710022  0.305285  0.588384  0.690508  0.792631  1.035469
  1022.179993  0.306079  0.591553  0.694178  0.796803  1.040699
  1025.650024  0.306745  0.594849  0.697900  0.800951  1.043751
  1029.119995  0.309651  0.597931  0.701476  0.805022  1.048764
  1032.589966  0.312880  0.601144  0.705090  0.809036  1.056329
  1036.060059  0.313587  0.604220  0.708581  0.812942  1.060730
  1039.530029  0.316319  0.607225  0.712032  0.816839  1.064978
  1043.000000  0.317578  0.610327  0.715570  0.820812  1.069681
  1046.479980  0.318677  0.613543  0.719184  0.824825  1.074239
  1049.949951  0.321320  0.616560  0.722596  0.828632  1.078635
  1053.430054  0.322436  0.619458  0.725910  0.832363  1.083906
  1056.900024  0.324370  0.622370  0.729255  0.836140  1.087697
  1060.380005  0.327509  0.625224  0.732522  0.839819  1.091605
  1063.849976  0.330204  0.628082  0.735781  0.843481  1.095814
  1067.329956  0.330767  0.630828  0.738940  0.847053  1.100291
  1070.810059  0.331470  0.633526  0.742055  0.850585  1.105922
  1074.290039  0.333965  0.636330  0.745237  0.854144  1.109565
  1077.760010  0.335320  0.639014  0.748302  0.857589  1.114172
  1081.239990  0.336919  0.641589  0.751251  0.860913  1.119330
  1084.719971  0.338719  0.644089  0.754106  0.864124  1.123565
  1088.199951  0.339544  0.646474  0.756816  0.867157  1.125097
  1091.680054  0.340858  0.648740  0.759428  0.870116  1.129327
  1095.170044  0.341545  0.650962  0.761985  0.873009  1.133517
  1098.650024  0.344388  0.653099  0.764390  0.875682  1.135680
  1102.130005  0.343869  0.654934  0.766469  0.878004  1.138905
  1105.609985  0.342266  0.656588  0.768350  0.880111  1.138800
  1109.099976  0.345687  0.658123  0.770084  0.882045  1.140547
  1112.579956  0.346834  0.659625  0.771739  0.883854  1.140717
  1116.069946  0.347112  0.661112  0.773362  0.885613  1.141231
  1119.550049  0.347530  0.662451  0.774806  0.887162  1.138939
  1123.040039  0.349779  0.663562  0.775892  0.888223  1.134920
  1126.520020  0.347947  0.664289  0.776480  0.888671  1.126171
  1130.010010  0.348170  0.664426  0.776356  0.888286  1.113392
  1133.500000  0.345795  0.664075  0.775551  0.887027  1.091591
  1136.989990  0.345416  0.663062  0.774163  0.885265  1.066800
  1140.469971  0.343068  0.662195  0.773099  0.884003  1.042665
  1143.959961  0.342168  0.661765  0.772715  0.883664  1.031139
  1147.449951  0.340823  0.662000  0.773135  0.884269  1.037818
  1150.939941  0.340459  0.662698  0.774101  0.885504  1.057037
  1154.430054  0.342330  0.663376  0.775030  0.886684  1.081045
  1157.930054  0.345168  0.663168  0.775130  0.887093  1.101671
  1161.420044  0.344733  0.662402  0.774442  0.886483  1.115851
  1164.910034  0.343946  0.661124  0.773169  0.885215  1.118854
  1168.400024  0.344045  0.659882  0.771866  0.883851  1.121512
  1171.900024  0.343814  0.658590  0.770491  0.882393  1.126068
  1175.390015  0.340878  0.657331  0.769139  0.880948  1.125870
  1178.890015  0.343436  0.656187  0.767859  0.879531  1.123370
  1182.380005  0.343332  0.655387  0.766909  0.878431  1.122293
  1185.880005  0.341247  0.655104  0.766508  0.877913  1.121800
  1189.369995  0.340982  0.655449  0.766845  0.878240  1.117244
  1192.869995  0.340763  0.656282  0.767814  0.879347  1.115748
  1196.369995  0.343281  0.657633  0.769303  0.880973  1.115047
  1199.869995  0.343058  0.659084  0.770920  0.882755  1.110613
  1203.369995  0.344364  0.660746  0.772800  0.884854  1.109422
  1206.869995  0.343189  0.662358  0.774656  0.886954  1.111467
  1210.369995  0.344698  0.664271  0.776872  0.889472  1.116434
  1213.869995  0.344883  0.666562  0.779588  0.892615  1.119360
  1217.369995  0.348379  0.669258  0.782783  0.896309  1.131199
  1220.869995  0.347895  0.672063  0.786194  0.900325  1.140010
  1224.369995  0.349540  0.674984  0.789622  0.904261  1.149697
  1227.869995  0.353933  0.677800  0.792977  0.908154  1.156586
  1231.380005  0.356727  0.680602  0.796228  0.911855  1.165745
  1234.880005  0.356808  0.683020  0.799087  0.915153  1.171111
  1238.390015  0.359296  0.685382  0.801829  0.918276  1.178683
  1241.890015  0.360952  0.687475  0.804322  0.921168  1.185230
  1245.400024  0.362418  0.689439  0.806623  0.923807  1.187582
  1248.900024  0.361879  0.691261  0.808780  0.926300  1.193957
  1252.410034  0.363675  0.692884  0.810668  0.928452  1.197097
  1255.920044  0.363628  0.694347  0.812418  0.930490  1.199625
  1259.420044  0.363554  0.695785  0.814099  0.932413  1.204205
  1262.930054  0.364533  0.697017  0.815544  0.934071  1.206376
  1266.439941  0.367451  0.698377  0.817085  0.935793  1.205720
  1269.949951  0.365957  0.699406  0.818393  0.937379  1.207801
  1273.459961  0.366432  0.700702  0.819878  0.939054  1.211668
  1276.969971  0.368029  0.701840  0.821340  0.940840  1.213915
  1280.479980  0.368330  0.703235  0.822962  0.942689  1.217541
  1283.989990  0.370229  0.704597  0.824599  0.944601  1.222148
  1287.510010  0.368938  0.706021  0.826230  0.946440  1.221207
  1291.020020  0.371353  0.707022  0.827503  0.947983  1.225233
  1294.530029  0.369961  0.708226  0.828796  0.949365  1.224559
  1298.050049  0.371024  0.709040  0.829798  0.950556  1.225227
  1301.560059  0.370685  0.709888  0.830778  0.951668  1.223221
  1305.079956  0.372609  0.710576  0.831600  0.952624  1.227274
  1308.589966  0.369558  0.711182  0.832275  0.953369  1.231058
  1312.109985  0.372384  0.711204  0.832426  0.953648  1.233103
  1315.619995  0.368793  0.711172  0.832418  0.953664  1.227221
  1319.140015  0.370583  0.710566  0.831846  0.953127  1.228305
  1322.660034  0.367585  0.709870  0.831004  0.952137  1.223781
  1326.180054  0.365808  0.708274  0.829314  0.950353  1.222504
  1329.699951  0.367018  0.706282  0.827064  0.947846  1.218191
  1333.219971  0.363370  0.703234  0.823733  0.944232  1.216494
  1336.739990  0.362129  0.699855  0.819952  0.940050  1.209865
  1340.260010  0.361110  0.696029  0.815703  0.935376  1.199087
  1343.780029  0.355247  0.691774  0.810876  0.929978  1.194530
  1347.300049  0.352971  0.686963  0.805492  0.924022  1.185308
  1350.819946  0.349453  0.682096  0.800040  0.917985  1.176861
  1354.349976  0.346859  0.677380  0.794756  0.912132  1.170172
  1357.869995  0.343660  0.673019  0.789797  0.906575  1.165042
  1361.390015  0.337970  0.668863  0.785081  0.901298  1.159603
  1364.920044  0.336982  0.664909  0.780593  0.896276  1.147483
  1368.439941  0.333604  0.661087  0.776357  0.891627  1.138723
  1371.969971  0.330883  0.657760  0.772586  0.887411  1.130925
  1375.500000  0.329098  0.655113  0.769612  0.884110  1.124491
  1379.020020  0.326691  0.652893  0.766908  0.880923  1.119576
  1382.550049  0.324540  0.650152  0.763777  0.877402  1.112587
  1386.079956  0.322463  0.646697  0.759925  0.873152  1.107867
  1389.609985  0.315526  0.642258  0.754993  0.867728  1.095951
  1393.140015  0.314501  0.637141  0.749028  0.860916  1.088570
  1396.670044  0.311471  0.630858  0.741876  0.852894  1.073781
  1400.199951  0.309991  0.623852  0.733860  0.843868  1.064032
  1403.729980  0.300356  0.615336  0.724183  0.833030  1.047984
  1407.260010  0.296459  0.605791  0.713251  0.820710  1.031348
  1410.790039  0.284519  0.595063  0.701062  0.807061  1.013035
  1414.319946  0.280000  0.583507  0.687866  0.792225  0.994850
  1417.859985  0.269257  0.571231  0.674015  0.776798  0.976936
  1421.390015  0.267661  0.559215  0.660161  0.761106  0.959057
  1424.920044  0.256864  0.547155  0.646490  0.745824  0.939092
  1428.459961  0.249636  0.536390  0.634056  0.731721  0.922630
  1431.989990  0.243318  0.526586  0.622757  0.718927  0.903376
  1435.530029  0.237124  0.518136  0.613105  0.708074  0.893622
  1439.069946  0.232035  0.511146  0.605140  0.699134  0.883920
  1442.599976  0.234016  0.505313  0.598456  0.691600  0.875812
  1446.140015  0.230257  0.500619  0.593099  0.685579  0.866878
  1449.680054  0.228548  0.496746  0.588788  0.680830  0.865870
  1453.219971  0.227543  0.493652  0.585325  0.676999  0.861468
  1456.760010  0.224468  0.491491  0.582808  0.674125  0.856685
  1460.300049  0.221469  0.489257  0.580431  0.671606  0.855740
  1463.839966  0.220131  0.488080  0.579090  0.670101  0.855654
  1467.380005  0.221057  0.487084  0.578041  0.668998  0.856521
  1470.920044  0.219936  0.486573  0.577591  0.668609  0.854983
  1474.459961  0.219849  0.486159  0.577267  0.668376  0.855152
  1478.010010  0.218504  0.486429  0.577660  0.668892  0.853496
  1481.550049  0.219697  0.486590  0.577902  0.669214  0.856343
  1485.089966  0.218928  0.486916  0.578430  0.669944  0.855193
  1488.640015  0.222886  0.487004  0.578639  0.670275  0.858087
  1492.180054  0.216423  0.487542  0.579342  0.671142  0.860093
  1495.729980  0.222473  0.487959  0.580009  0.672059  0.864026
  1499.270020  0.216861  0.488888  0.581217  0.673546  0.863439
  1502.819946  0.221006  0.489791  0.582307  0.674823  0.868846
  1506.369995  0.219348  0.490645  0.583480  0.676315  0.867136
  1509.910034  0.224357  0.491698  0.584715  0.677731  0.872956
  1513.459961  0.220907  0.492454  0.585806  0.679158  0.871978
  1517.010010  0.221788  0.493101  0.586688  0.680276  0.876700
  1520.560059  0.220821  0.493923  0.587699  0.681475  0.878122
  1524.109985  0.220291  0.494537  0.588522  0.682507  0.880715
  1527.660034  0.220543  0.494891  0.589076  0.683260  0.880887
  1531.209961  0.220028  0.494958  0.589293  0.683628  0.881802
  1534.760010  0.219927  0.495121  0.589530  0.683938  0.884458
  1538.319946  0.222069  0.494763  0.589293  0.683822  0.883642
  1541.869995  0.223362  0.494596  0.589154  0.683711  0.881540
  1545.420044  0.218547  0.493833  0.588398  0.682963  0.883025
  1548.979980  0.221472  0.493059  0.587642  0.682225  0.881571
  1552.530029  0.217896  0.492185  0.586721  0.681258  0.882764
  1556.089966  0.219112  0.491241  0.585723  0.680204  0.881535
  1559.640015  0.217387  0.490012  0.584487  0.678962  0.875413
  1563.199951  0.217589  0.489179  0.583553  0.677927  0.877928
  1566.750000  0.212156  0.488050  0.582449  0.676848  0.878939
  1570.310059  0.215087  0.487121  0.581398  0.675676  0.875542
  1573.869995  0.211945  0.486192  0.580458  0.674723  0.873234
  1577.430054  0.213411  0.485649  0.579844  0.674039  0.873978
  1580.989990  0.207660  0.484859  0.579026  0.673193  0.868548
  1584.550049  0.211350  0.484448  0.578552  0.672655  0.872406
  1588.109985  0.210345  0.483721  0.577890  0.672060  0.861688
  1591.670044  0.212306  0.483734  0.577885  0.672037  0.866604
  1595.229980  0.205237  0.483129  0.577293  0.671458  0.859849
  1598.790039  0.211159  0.482906  0.576995  0.671084  0.860723
  1602.349976  0.207389  0.482543  0.576601  0.670659  0.859123
  1605.920044  0.210265  0.482071  0.576090  0.670109  0.860393
  1609.479980  0.208377  0.481466  0.575416  0.669365  0.852938
  1613.040039  0.207015  0.480520  0.574240  0.667961  0.850091
  1616.609985  0.206453  0.479374  0.572790  0.666205  0.838517
  1620.170044  0.204867  0.477914  0.570903  0.663892  0.824254
  1623.739990  0.199495  0.475859  0.568303  0.660747  0.801428
  1627.310059  0.199343  0.473769  0.565710  0.657652  0.780483
  1630.869995  0.196481  0.471465  0.563038  0.654612  0.757231
  1634.439941  0.192166  0.469524  0.560831  0.652138  0.754041
  1638.010010  0.191598  0.467579  0.558926  0.650273  0.752908
  1641.579956  0.190572  0.466647  0.557988  0.649329  0.751505
  1645.150024  0.189717  0.465909  0.557245  0.648580  0.752085
  1648.709961  0.189981  0.465242  0.556598  0.647955  0.748917
  1652.290039  0.188898  0.464501  0.555709  0.646917  0.747903
  1655.859985  0.186150  0.462116  0.553028  0.643940  0.744814
  1659.430054  0.185471  0.457389  0.548341  0.639293  0.745372
  1663.000000  0.176696  0.449640  0.541997  0.634354  0.740143
  1666.569946  0.170674  0.439487  0.534795  0.630102  0.735079
  1670.140015  0.164523  0.427664  0.527485  0.627306  0.729960
  1673.719971  0.160119  0.417007  0.521106  0.625205  0.728719
  1677.290039  0.152156  0.409584  0.516369  0.623153  0.725388
  1680.869995  0.153235  0.405728  0.513077  0.620425  0.718255
  1684.439941  0.149289  0.404258  0.510348  0.616438  0.714207
  1688.020020  0.152429  0.403703  0.507357  0.611011  0.708010
  1691.589966  0.147010  0.402879  0.503498  0.604116  0.700040
  1695.170044  0.156848  0.403094  0.499947  0.596799  0.702719
  1698.750000  0.153704  0.404189  0.496532  0.588876  0.687605
  1702.329956  0.161459  0.406368  0.494228  0.582089  0.682235
  1705.910034  0.160267  0.406798  0.491081  0.575365  0.673919
  1709.489990  0.166512  0.405999  0.487350  0.568701  0.669008
  1713.069946  0.159003  0.403191  0.482213  0.561234  0.659694
  1716.650024  0.160004  0.399773  0.476330  0.552887  0.647812
  1720.229980  0.141550  0.395006  0.469777  0.544547  0.649892
