ENVI ASCII Plot File [Sun Apr 06 16:37:18 2025]
Column 1: Wavelength
Column 2: Min: ROI #42~~2##255,0,0
Column 3: Mean-StdDev: ROI #42~~21##0,200,0
Column 4: Mean: ROI #42~~0##0,0,0
Column 5: Mean+StdDev: ROI #42~~21##0,200,0
Column 6: Max: ROI #42~~2##255,0,0
   935.609985  0.309027  0.517408  0.578267  0.639127  0.761527
   939.059998  0.311107  0.520575  0.581276  0.641977  0.763384
   942.520020  0.344686  0.539817  0.611272  0.682726  0.831392
   945.979980  0.316800  0.553190  0.634415  0.715641  0.891279
   949.429993  0.325458  0.562720  0.650473  0.738227  0.918495
   952.890015  0.312881  0.570197  0.661140  0.752083  0.943332
   956.349976  0.319288  0.575550  0.668335  0.761119  0.952228
   959.809998  0.313065  0.579381  0.673088  0.766796  0.969558
   963.270020  0.321727  0.582843  0.677363  0.771884  0.979077
   966.729980  0.322043  0.585849  0.681032  0.776216  0.985543
   970.190002  0.328847  0.589070  0.684831  0.780592  0.990578
   973.650024  0.328266  0.591771  0.687927  0.784082  0.997378
   977.109985  0.330511  0.594485  0.691165  0.787845  0.999863
   980.580017  0.329073  0.597390  0.694432  0.791473  1.006273
   984.039978  0.333539  0.600154  0.697622  0.795090  1.008263
   987.510010  0.331624  0.602782  0.700647  0.798512  1.016333
   990.969971  0.336519  0.605543  0.703819  0.802095  1.021476
   994.429993  0.338735  0.608245  0.706936  0.805627  1.027759
   997.900024  0.341480  0.611215  0.710295  0.809375  1.030896
  1001.369995  0.343258  0.613793  0.713302  0.812810  1.036022
  1004.830017  0.342469  0.616539  0.716424  0.816310  1.038086
  1008.299988  0.344085  0.619314  0.719585  0.819856  1.042601
  1011.770020  0.347484  0.622251  0.722885  0.823520  1.049090
  1015.239990  0.348408  0.624900  0.725954  0.827009  1.054486
  1018.710022  0.350034  0.627541  0.728973  0.830404  1.058256
  1022.179993  0.352765  0.630286  0.732138  0.833991  1.062675
  1025.650024  0.353668  0.632992  0.735256  0.837521  1.067426
  1029.119995  0.357458  0.635653  0.738333  0.841014  1.073288
  1032.589966  0.358666  0.638385  0.741428  0.844470  1.078253
  1036.060059  0.361043  0.640951  0.744392  0.847834  1.082533
  1039.530029  0.361005  0.643521  0.747356  0.851191  1.087365
  1043.000000  0.363031  0.646107  0.750341  0.854575  1.090492
  1046.479980  0.363304  0.648864  0.753446  0.858027  1.096150
  1049.949951  0.366801  0.651323  0.756313  0.861304  1.100962
  1053.430054  0.367319  0.653668  0.759022  0.864377  1.104676
  1056.900024  0.368418  0.656080  0.761793  0.867506  1.111179
  1060.380005  0.370395  0.658486  0.764562  0.870638  1.115825
  1063.849976  0.372345  0.660838  0.767308  0.873779  1.117649
  1067.329956  0.373648  0.663159  0.770006  0.876854  1.122071
  1070.810059  0.374145  0.665490  0.772663  0.879836  1.125300
  1074.290039  0.376934  0.667808  0.775338  0.882868  1.129269
  1077.760010  0.379140  0.669955  0.777861  0.885766  1.133396
  1081.239990  0.379747  0.672091  0.780332  0.888573  1.136808
  1084.719971  0.381365  0.674228  0.782770  0.891313  1.142978
  1088.199951  0.383590  0.676183  0.785048  0.893913  1.145380
  1091.680054  0.385180  0.678025  0.787228  0.896431  1.146441
  1095.170044  0.385916  0.679887  0.789394  0.898901  1.149652
  1098.650024  0.386042  0.681699  0.791482  0.901264  1.151375
  1102.130005  0.387253  0.683243  0.793305  0.903368  1.156245
  1105.609985  0.388727  0.684622  0.794926  0.905229  1.159196
  1109.099976  0.388710  0.685926  0.796444  0.906963  1.158890
  1112.579956  0.388427  0.687228  0.797973  0.908719  1.161131
  1116.069946  0.388436  0.688433  0.799421  0.910409  1.161023
  1119.550049  0.390918  0.689485  0.800733  0.911981  1.158924
  1123.040039  0.390905  0.690333  0.801796  0.913259  1.153575
  1126.520020  0.391405  0.690944  0.802557  0.914169  1.147371
  1130.010010  0.388588  0.690831  0.802654  0.914477  1.134696
  1133.500000  0.386865  0.690231  0.802242  0.914253  1.112437
  1136.989990  0.383708  0.689028  0.801379  0.913729  1.086971
  1140.469971  0.383449  0.687980  0.800729  0.913479  1.084258
  1143.959961  0.380636  0.687467  0.800508  0.913550  1.086630
  1147.449951  0.381570  0.687677  0.800832  0.913987  1.085281
  1150.939941  0.382469  0.688564  0.801544  0.914524  1.086077
  1154.430054  0.383426  0.689575  0.802268  0.914962  1.101792
  1157.930054  0.385671  0.689968  0.802397  0.914826  1.122232
  1161.420044  0.387587  0.689714  0.801867  0.914019  1.133128
  1164.910034  0.385967  0.688914  0.800912  0.912909  1.140792
  1168.400024  0.388223  0.688076  0.799936  0.911795  1.144571
  1171.900024  0.386980  0.687238  0.798946  0.910654  1.145521
  1175.390015  0.385297  0.686358  0.797921  0.909484  1.145988
  1178.890015  0.384447  0.685423  0.796897  0.908372  1.146286
  1182.380005  0.384169  0.684795  0.796233  0.907670  1.141300
  1185.880005  0.383543  0.684419  0.795908  0.907398  1.140419
  1189.369995  0.383262  0.684647  0.796223  0.907799  1.137649
  1192.869995  0.380912  0.685231  0.797031  0.908831  1.138810
  1196.369995  0.382784  0.686239  0.798270  0.910300  1.135360
  1199.869995  0.384887  0.687274  0.799606  0.911938  1.130549
  1203.369995  0.384760  0.688482  0.801115  0.913748  1.132097
  1206.869995  0.384772  0.689822  0.802733  0.915644  1.131983
  1210.369995  0.384583  0.691328  0.804567  0.917806  1.134498
  1213.869995  0.388200  0.693106  0.806683  0.920260  1.142808
  1217.369995  0.385747  0.695303  0.809224  0.923144  1.151238
  1220.869995  0.388279  0.697482  0.811831  0.926180  1.158197
  1224.369995  0.391203  0.699772  0.814485  0.929197  1.167201
  1227.869995  0.391915  0.702040  0.817142  0.932244  1.174821
  1231.380005  0.392303  0.704242  0.819687  0.935133  1.183459
  1234.880005  0.397559  0.706240  0.822042  0.937843  1.190088
  1238.390015  0.394550  0.708179  0.824290  0.940402  1.196454
  1241.890015  0.397931  0.709853  0.826338  0.942823  1.198796
  1245.400024  0.394836  0.711525  0.828314  0.945103  1.205525
  1248.900024  0.397073  0.712912  0.830069  0.947227  1.208802
  1252.410034  0.398513  0.714261  0.831632  0.949002  1.213144
  1255.920044  0.398805  0.715517  0.833204  0.950892  1.213674
  1259.420044  0.399131  0.716634  0.834564  0.952494  1.217824
  1262.930054  0.402280  0.717678  0.835835  0.953992  1.220539
  1266.439941  0.402473  0.718782  0.837139  0.955496  1.226851
  1269.949951  0.402485  0.719671  0.838317  0.956963  1.225241
  1273.459961  0.402733  0.720746  0.839646  0.958545  1.230344
  1276.969971  0.402121  0.721764  0.840910  0.960057  1.234632
  1280.479980  0.404857  0.722850  0.842274  0.961697  1.233546
  1283.989990  0.403856  0.723800  0.843523  0.963245  1.232528
  1287.510010  0.404622  0.724925  0.844910  0.964895  1.235790
  1291.020020  0.403982  0.725718  0.846019  0.966319  1.241112
  1294.530029  0.405623  0.726697  0.847152  0.967607  1.242876
  1298.050049  0.404372  0.727266  0.848014  0.968761  1.241237
  1301.560059  0.405929  0.727961  0.848842  0.969723  1.239610
  1305.079956  0.403321  0.728477  0.849534  0.970591  1.240441
  1308.589966  0.406524  0.728911  0.850134  0.971356  1.244106
  1312.109985  0.405457  0.728839  0.850251  0.971664  1.245729
  1315.619995  0.405696  0.728895  0.850328  0.971760  1.242336
  1319.140015  0.402208  0.728446  0.849987  0.971527  1.243021
  1322.660034  0.405233  0.727916  0.849418  0.970920  1.240127
  1326.180054  0.403587  0.726683  0.848191  0.969699  1.239608
  1329.699951  0.402078  0.725127  0.846499  0.967871  1.234008
  1333.219971  0.400378  0.722793  0.843953  0.965112  1.234911
  1336.739990  0.397391  0.720157  0.841054  0.961952  1.226397
  1340.260010  0.395263  0.717138  0.837707  0.958276  1.220313
  1343.780029  0.393237  0.713775  0.833876  0.953978  1.207866
  1347.300049  0.389234  0.709854  0.829491  0.949127  1.207575
  1350.819946  0.389167  0.705853  0.825018  0.944184  1.200348
  1354.349976  0.383526  0.702083  0.820739  0.939395  1.194749
  1357.869995  0.381055  0.698632  0.816729  0.934827  1.187454
  1361.390015  0.379814  0.695307  0.812958  0.930608  1.184614
  1364.920044  0.374707  0.691971  0.809300  0.926629  1.172703
  1368.439941  0.372106  0.688782  0.805816  0.922849  1.168112
  1371.969971  0.372368  0.686002  0.802758  0.919515  1.157968
  1375.500000  0.367467  0.683625  0.800265  0.916904  1.150921
  1379.020020  0.366869  0.681693  0.798007  0.914322  1.143756
  1382.550049  0.369422  0.679351  0.795289  0.911227  1.137755
  1386.079956  0.363286  0.676256  0.792005  0.907753  1.131257
  1389.609985  0.362835  0.672428  0.787791  0.903154  1.122582
  1393.140015  0.358486  0.668045  0.782629  0.897213  1.113611
  1396.670044  0.353464  0.662669  0.776500  0.890332  1.102793
  1400.199951  0.349621  0.656667  0.769603  0.882539  1.091596
  1403.729980  0.348901  0.649311  0.761172  0.873032  1.074984
  1407.260010  0.340292  0.640897  0.751626  0.862355  1.059496
  1410.790039  0.333050  0.631454  0.740921  0.850388  1.042213
  1414.319946  0.327259  0.621239  0.729312  0.837386  1.028304
  1417.859985  0.321730  0.610493  0.717013  0.823532  1.009102
  1421.390015  0.314554  0.600010  0.704832  0.809654  0.994469
  1424.920044  0.307308  0.589438  0.692730  0.796023  0.974415
  1428.459961  0.301264  0.579886  0.681588  0.783291  0.961441
  1431.989990  0.296758  0.571124  0.671596  0.772068  0.944925
  1435.530029  0.291483  0.563878  0.663204  0.762529  0.935040
  1439.069946  0.287672  0.557689  0.656158  0.754628  0.926753
  1442.599976  0.286773  0.552765  0.650518  0.748271  0.919060
  1446.140015  0.281767  0.548790  0.646020  0.743250  0.912686
  1449.680054  0.281609  0.545790  0.642589  0.739388  0.913102
  1453.219971  0.279597  0.543524  0.640059  0.736594  0.911315
  1456.760010  0.279090  0.541881  0.638213  0.734544  0.909556
  1460.300049  0.275185  0.540316  0.636539  0.732761  0.907005
  1463.839966  0.277605  0.539536  0.635712  0.731888  0.909492
  1467.380005  0.275372  0.538809  0.635060  0.731311  0.905429
  1470.920044  0.274064  0.538867  0.635170  0.731474  0.906807
  1474.459961  0.272990  0.538803  0.635338  0.731873  0.908179
  1478.010010  0.275205  0.539317  0.635995  0.732672  0.911430
  1481.550049  0.273790  0.539750  0.636694  0.733638  0.912534
  1485.089966  0.275814  0.540379  0.637499  0.734618  0.915644
  1488.640015  0.272920  0.540566  0.637906  0.735246  0.916071
  1492.180054  0.273834  0.541289  0.638791  0.736293  0.919519
  1495.729980  0.274570  0.541893  0.639695  0.737498  0.922662
  1499.270020  0.277452  0.542998  0.641043  0.739089  0.924353
  1502.819946  0.272947  0.543824  0.642186  0.740547  0.927815
  1506.369995  0.276692  0.544896  0.643544  0.742192  0.929363
  1509.910034  0.273488  0.545872  0.644813  0.743755  0.929657
  1513.459961  0.278529  0.546754  0.646014  0.745274  0.935956
  1517.010010  0.275985  0.547433  0.646924  0.746415  0.938897
  1520.560059  0.277254  0.548084  0.647917  0.747751  0.939650
  1524.109985  0.274817  0.548632  0.648731  0.748830  0.944318
  1527.660034  0.277262  0.549055  0.649366  0.749677  0.947205
  1531.209961  0.275879  0.548993  0.649488  0.749983  0.946994
  1534.760010  0.277121  0.549243  0.649863  0.750483  0.942959
  1538.319946  0.274533  0.549101  0.649828  0.750554  0.947342
  1541.869995  0.275093  0.548931  0.649677  0.750423  0.947893
  1545.420044  0.275046  0.548154  0.649038  0.749923  0.948809
  1548.979980  0.275846  0.547483  0.648321  0.749158  0.944591
  1552.530029  0.274945  0.546672  0.647515  0.748359  0.946669
  1556.089966  0.272622  0.545843  0.646692  0.747540  0.943537
  1559.640015  0.272346  0.544653  0.645540  0.746427  0.946244
  1563.199951  0.270783  0.543780  0.644689  0.745598  0.942028
  1566.750000  0.269438  0.542903  0.643773  0.744644  0.943101
  1570.310059  0.270142  0.541891  0.642818  0.743746  0.939632
  1573.869995  0.268244  0.541111  0.642020  0.742929  0.940142
  1577.430054  0.268375  0.540711  0.641650  0.742589  0.940139
  1580.989990  0.267705  0.539906  0.640917  0.741929  0.936494
  1584.550049  0.267603  0.539508  0.640546  0.741583  0.935702
  1588.109985  0.265588  0.538857  0.639972  0.741088  0.934844
  1591.670044  0.264666  0.538897  0.640005  0.741114  0.934057
  1595.229980  0.265068  0.538336  0.639622  0.740908  0.933832
  1598.790039  0.260366  0.538060  0.639392  0.740724  0.930700
  1602.349976  0.264274  0.537732  0.639153  0.740575  0.927489
  1605.920044  0.261308  0.537127  0.638583  0.740038  0.924165
  1609.479980  0.263365  0.536657  0.638133  0.739609  0.921096
  1613.040039  0.257356  0.535664  0.637133  0.738602  0.916620
  1616.609985  0.256564  0.534419  0.635909  0.737398  0.909165
  1620.170044  0.260229  0.533061  0.634422  0.735783  0.897302
  1623.739990  0.254228  0.530919  0.632323  0.733727  0.890821
  1627.310059  0.256701  0.528956  0.630340  0.731725  0.892473
  1630.869995  0.252087  0.526535  0.628085  0.729634  0.885666
  1634.439941  0.250590  0.524846  0.626623  0.728401  0.886030
  1638.010010  0.248828  0.523119  0.625146  0.727173  0.879969
  1641.579956  0.247474  0.522365  0.624545  0.726725  0.885769
  1645.150024  0.245519  0.521809  0.624104  0.726399  0.884618
  1648.709961  0.245290  0.521437  0.623643  0.725849  0.886920
  1652.290039  0.244671  0.520945  0.622965  0.724986  0.882906
  1655.859985  0.242281  0.518764  0.620837  0.722911  0.880833
  1659.430054  0.238856  0.514323  0.617056  0.719789  0.876405
  1663.000000  0.236670  0.507397  0.611837  0.716277  0.874847
  1666.569946  0.223300  0.498538  0.605862  0.713185  0.868008
  1670.140015  0.209854  0.488621  0.599692  0.710763  0.864118
  1673.719971  0.193705  0.479466  0.594021  0.708575  0.857524
  1677.290039  0.183448  0.472874  0.589666  0.706457  0.851209
  1680.869995  0.174005  0.469042  0.586293  0.703544  0.845405
  1684.439941  0.175659  0.467372  0.583405  0.699437  0.838996
  1688.020020  0.182389  0.466046  0.579794  0.693542  0.829733
  1691.589966  0.187256  0.464724  0.575545  0.686365  0.822448
  1695.170044  0.191317  0.464142  0.571611  0.679079  0.815655
  1698.750000  0.201915  0.463915  0.567051  0.670187  0.800309
  1702.329956  0.208404  0.464904  0.563630  0.662356  0.800574
  1705.910034  0.215611  0.464775  0.559658  0.654541  0.784305
  1709.489990  0.214422  0.463373  0.554838  0.646304  0.768448
  1713.069946  0.224349  0.459476  0.548208  0.636939  0.759074
  1716.650024  0.222009  0.455741  0.541125  0.626508  0.747323
  1720.229980  0.206171  0.450614  0.532981  0.615348  0.730979
