ENVI ASCII Plot File [Sun Apr 06 16:25:28 2025]
Column 1: Wavelength
Column 2: Min: ROI #29~~2##255,0,0
Column 3: Mean-StdDev: ROI #29~~21##0,200,0
Column 4: Mean: ROI #29~~0##0,0,0
Column 5: Mean+StdDev: ROI #29~~21##0,200,0
Column 6: Max: ROI #29~~2##255,0,0
   935.609985  0.266997  0.461525  0.533290  0.605055  0.751880
   939.059998  0.270087  0.464053  0.535996  0.607940  0.747698
   942.520020  0.244506  0.479529  0.563077  0.646625  0.803419
   945.979980  0.272844  0.489832  0.583506  0.677180  0.836612
   949.429993  0.251283  0.497340  0.597973  0.698606  0.881875
   952.890015  0.262067  0.504576  0.608417  0.712257  0.892898
   956.349976  0.258696  0.509656  0.615659  0.721662  0.908274
   959.809998  0.264852  0.513817  0.620909  0.728001  0.914425
   963.270020  0.264275  0.517464  0.625485  0.733506  0.923136
   966.729980  0.264539  0.520762  0.629532  0.738301  0.928185
   970.190002  0.266750  0.524200  0.633695  0.743189  0.937690
   973.650024  0.270640  0.527115  0.637171  0.747226  0.939458
   977.109985  0.273588  0.530197  0.640831  0.751465  0.945284
   980.580017  0.275300  0.533272  0.644501  0.755730  0.948885
   984.039978  0.276928  0.536297  0.648092  0.759887  0.958246
   987.510010  0.278442  0.539202  0.651548  0.763895  0.959523
   990.969971  0.281177  0.542311  0.655207  0.768103  0.966657
   994.429993  0.284258  0.545401  0.658839  0.772277  0.971369
   997.900024  0.285944  0.548684  0.662589  0.776493  0.976403
  1001.369995  0.286380  0.551609  0.666093  0.780578  0.981636
  1004.830017  0.288742  0.554591  0.669621  0.784652  0.988854
  1008.299988  0.291273  0.557737  0.673301  0.788864  0.991879
  1011.770020  0.292391  0.561056  0.677114  0.793172  0.997716
  1015.239990  0.293176  0.563996  0.680613  0.797230  1.001071
  1018.710022  0.296061  0.566913  0.684038  0.801163  1.007368
  1022.179993  0.296725  0.570022  0.687684  0.805346  1.014887
  1025.650024  0.297841  0.573145  0.691335  0.809525  1.020667
  1029.119995  0.299971  0.576096  0.694827  0.813559  1.024450
  1032.589966  0.303345  0.579190  0.698401  0.817612  1.029058
  1036.060059  0.303039  0.582094  0.701822  0.821549  1.034353
  1039.530029  0.304904  0.584976  0.705263  0.825550  1.039660
  1043.000000  0.307858  0.587937  0.708721  0.829504  1.046468
  1046.479980  0.310883  0.590986  0.712234  0.833482  1.051200
  1049.949951  0.312483  0.593811  0.715565  0.837319  1.054950
  1053.430054  0.313842  0.596548  0.718780  0.841012  1.058438
  1056.900024  0.314859  0.599284  0.722010  0.844735  1.063640
  1060.380005  0.317494  0.602010  0.725225  0.848440  1.068506
  1063.849976  0.318647  0.604735  0.728472  0.852209  1.073569
  1067.329956  0.320908  0.607381  0.731592  0.855804  1.079333
  1070.810059  0.323974  0.610041  0.734690  0.859339  1.084870
  1074.290039  0.325754  0.612719  0.737844  0.862969  1.091262
  1077.760010  0.326989  0.615235  0.740823  0.866411  1.095950
  1081.239990  0.328649  0.617745  0.743756  0.869767  1.099273
  1084.719971  0.329509  0.620189  0.746652  0.873115  1.103531
  1088.199951  0.330402  0.622476  0.749353  0.876230  1.106832
  1091.680054  0.332463  0.624656  0.751934  0.879213  1.110463
  1095.170044  0.334531  0.626835  0.754527  0.882218  1.113687
  1098.650024  0.335136  0.629028  0.757071  0.885113  1.115600
  1102.130005  0.336105  0.630895  0.759343  0.887792  1.119112
  1105.609985  0.337195  0.632597  0.761401  0.890205  1.120998
  1109.099976  0.337452  0.634245  0.763327  0.892409  1.122808
  1112.579956  0.339558  0.635865  0.765277  0.894688  1.125996
  1116.069946  0.340450  0.637371  0.767107  0.896842  1.123351
  1119.550049  0.340784  0.638791  0.768779  0.898768  1.121763
  1123.040039  0.342499  0.639935  0.770180  0.900424  1.118639
  1126.520020  0.340654  0.640682  0.771099  0.901516  1.112668
  1130.010010  0.342597  0.640738  0.771339  0.901940  1.115710
  1133.500000  0.341160  0.640210  0.770990  0.901771  1.116161
  1136.989990  0.338687  0.639108  0.770188  0.901268  1.116782
  1140.469971  0.337583  0.638154  0.769582  0.901009  1.117209
  1143.959961  0.337719  0.637755  0.769493  0.901231  1.117724
  1147.449951  0.338220  0.638362  0.770203  0.902043  1.119414
  1150.939941  0.339118  0.639708  0.771454  0.903200  1.121179
  1154.430054  0.339320  0.641208  0.772755  0.904301  1.119341
  1157.930054  0.340778  0.642018  0.773398  0.904777  1.118230
  1161.420044  0.341260  0.642132  0.773328  0.904525  1.116764
  1164.910034  0.342261  0.641608  0.772668  0.903728  1.118095
  1168.400024  0.341744  0.641006  0.771951  0.902897  1.120861
  1171.900024  0.342345  0.640368  0.771192  0.902016  1.122128
  1175.390015  0.339948  0.639641  0.770340  0.901038  1.120207
  1178.890015  0.342499  0.638871  0.769488  0.900106  1.117657
  1182.380005  0.339456  0.638388  0.768906  0.899424  1.118505
  1185.880005  0.340283  0.638209  0.768719  0.899229  1.113781
  1189.369995  0.337924  0.638552  0.769192  0.899833  1.113811
  1192.869995  0.341202  0.639301  0.770169  0.901037  1.114204
  1196.369995  0.341249  0.640456  0.771597  0.902737  1.116261
  1199.869995  0.341859  0.641694  0.773166  0.904638  1.120024
  1203.369995  0.341571  0.643006  0.774831  0.906655  1.121747
  1206.869995  0.341798  0.644535  0.776650  0.908764  1.126148
  1210.369995  0.341058  0.646254  0.778746  0.911238  1.127475
  1213.869995  0.343218  0.648449  0.781316  0.914184  1.132103
  1217.369995  0.348046  0.650980  0.784301  0.917622  1.136464
  1220.869995  0.347691  0.653544  0.787387  0.921230  1.140946
  1224.369995  0.350191  0.656260  0.790572  0.924884  1.148669
  1227.869995  0.351341  0.658877  0.793746  0.928614  1.153735
  1231.380005  0.356041  0.661499  0.796777  0.932055  1.163945
  1234.880005  0.355051  0.663814  0.799569  0.935323  1.173340
  1238.390015  0.357994  0.666233  0.802357  0.938481  1.177775
  1241.890015  0.357178  0.668244  0.804854  0.941464  1.182737
  1245.400024  0.360063  0.670173  0.807143  0.944113  1.186550
  1248.900024  0.359847  0.671885  0.809299  0.946712  1.191238
  1252.410034  0.361518  0.673602  0.811293  0.948984  1.196141
  1255.920044  0.362491  0.675226  0.813235  0.951243  1.198485
  1259.420044  0.364646  0.676600  0.814973  0.953346  1.201616
  1262.930054  0.366006  0.677905  0.816567  0.955230  1.206963
  1266.439941  0.364788  0.679320  0.818208  0.957096  1.207509
  1269.949951  0.364722  0.680492  0.819700  0.958908  1.210841
  1273.459961  0.367885  0.681845  0.821302  0.960760  1.211773
  1276.969971  0.368884  0.683009  0.822850  0.962691  1.213749
  1280.479980  0.369193  0.684454  0.824583  0.964713  1.219797
  1283.989990  0.366923  0.685704  0.826133  0.966561  1.225605
  1287.510010  0.369208  0.687199  0.827858  0.968518  1.223173
  1291.020020  0.368481  0.688175  0.829242  0.970309  1.228295
  1294.530029  0.371307  0.689456  0.830718  0.971980  1.229652
  1298.050049  0.370052  0.690257  0.831828  0.973400  1.230455
  1301.560059  0.370447  0.691232  0.832936  0.974641  1.230555
  1305.079956  0.373384  0.691916  0.833841  0.975766  1.232148
  1308.589966  0.373179  0.692573  0.834660  0.976746  1.233769
  1312.109985  0.372852  0.692820  0.835095  0.977370  1.238393
  1315.619995  0.371292  0.692963  0.835330  0.977697  1.238682
  1319.140015  0.372789  0.692651  0.835080  0.977508  1.234863
  1322.660034  0.368936  0.692300  0.834643  0.976986  1.234197
  1326.180054  0.370216  0.691045  0.833336  0.975628  1.233093
  1329.699951  0.368918  0.689576  0.831696  0.973817  1.230875
  1333.219971  0.367759  0.687219  0.829069  0.970920  1.224235
  1336.739990  0.364850  0.684491  0.825992  0.967493  1.225309
  1340.260010  0.363602  0.681300  0.822383  0.963466  1.213796
  1343.780029  0.361605  0.677640  0.818153  0.958666  1.206866
  1347.300049  0.360171  0.673460  0.813384  0.953307  1.197257
  1350.819946  0.356612  0.669219  0.808526  0.947832  1.193526
  1354.349976  0.353368  0.665138  0.803737  0.942335  1.184338
  1357.869995  0.350059  0.661326  0.799231  0.937136  1.179388
  1361.390015  0.347508  0.657625  0.794929  0.932232  1.174342
  1364.920044  0.344077  0.654197  0.791026  0.927855  1.166693
  1368.439941  0.343006  0.650902  0.787378  0.923854  1.156995
  1371.969971  0.338296  0.647948  0.784079  0.920210  1.154220
  1375.500000  0.336967  0.645506  0.781398  0.917290  1.143972
  1379.020020  0.337141  0.643239  0.778710  0.914181  1.137342
  1382.550049  0.333961  0.640683  0.775687  0.910691  1.132506
  1386.079956  0.331857  0.637322  0.772048  0.906774  1.126583
  1389.609985  0.327188  0.633250  0.767444  0.901637  1.119530
  1393.140015  0.327671  0.628464  0.761742  0.895020  1.108568
  1396.670044  0.319398  0.622637  0.754985  0.887334  1.099232
  1400.199951  0.318711  0.616115  0.747312  0.878509  1.094933
  1403.729980  0.311577  0.608134  0.737981  0.867828  1.084762
  1407.260010  0.306441  0.598904  0.727226  0.855548  1.064816
  1410.790039  0.300254  0.588613  0.715262  0.841911  1.051687
  1414.319946  0.296402  0.577415  0.702247  0.827079  1.032295
  1417.859985  0.285821  0.565809  0.688626  0.811443  1.009088
  1421.390015  0.282010  0.554433  0.675081  0.795730  0.989477
  1424.920044  0.272969  0.542873  0.661631  0.780388  0.970213
  1428.459961  0.266715  0.532640  0.649444  0.766249  0.955181
  1431.989990  0.260834  0.523154  0.638298  0.753441  0.933677
  1435.530029  0.259610  0.515363  0.629053  0.742742  0.922174
  1439.069946  0.251421  0.508828  0.621392  0.733957  0.911678
  1442.599976  0.249631  0.503503  0.615139  0.726776  0.907137
  1446.140015  0.248312  0.499450  0.610377  0.721305  0.892562
  1449.680054  0.246987  0.496310  0.606728  0.717146  0.892238
  1453.219971  0.244539  0.493804  0.603864  0.713925  0.883422
  1456.760010  0.244809  0.492241  0.601957  0.711673  0.881346
  1460.300049  0.242174  0.490597  0.600260  0.709922  0.879737
  1463.839966  0.242968  0.489911  0.599473  0.709036  0.879783
  1467.380005  0.242369  0.489417  0.598980  0.708542  0.879201
  1470.920044  0.242404  0.489482  0.599170  0.708858  0.879193
  1474.459961  0.241687  0.489494  0.599367  0.709241  0.880182
  1478.010010  0.241282  0.490249  0.600278  0.710308  0.884141
  1481.550049  0.243994  0.490749  0.601038  0.711327  0.883995
  1485.089966  0.243049  0.491427  0.601918  0.712410  0.886322
  1488.640015  0.243571  0.491875  0.602559  0.713242  0.888140
  1492.180054  0.242271  0.492725  0.603695  0.714664  0.891049
  1495.729980  0.246703  0.493420  0.604677  0.715934  0.893763
  1499.270020  0.242739  0.494725  0.606283  0.717841  0.896019
  1502.819946  0.243694  0.495845  0.607695  0.719546  0.900160
  1506.369995  0.243126  0.496978  0.609166  0.721355  0.903628
  1509.910034  0.243250  0.498165  0.610697  0.723229  0.906730
  1513.459961  0.242730  0.499155  0.612037  0.724920  0.913326
  1517.010010  0.247889  0.500043  0.613196  0.726350  0.911811
  1520.560059  0.245018  0.500864  0.614413  0.727962  0.915805
  1524.109985  0.248904  0.501548  0.615303  0.729059  0.916398
  1527.660034  0.242208  0.502070  0.616063  0.730055  0.920086
  1531.209961  0.246199  0.502173  0.616355  0.730537  0.920373
  1534.760010  0.245708  0.502393  0.616663  0.730932  0.924298
  1538.319946  0.243817  0.502225  0.616634  0.731043  0.920765
  1541.869995  0.243669  0.502084  0.616532  0.730981  0.919766
  1545.420044  0.243751  0.501388  0.615886  0.730384  0.921457
  1548.979980  0.244124  0.500711  0.615189  0.729666  0.919537
  1552.530029  0.239961  0.499949  0.614377  0.728804  0.922270
  1556.089966  0.240107  0.499112  0.613447  0.727782  0.917948
  1559.640015  0.242541  0.497981  0.612282  0.726583  0.919757
  1563.199951  0.241409  0.497123  0.611444  0.725766  0.918934
  1566.750000  0.240581  0.496307  0.610543  0.724779  0.917350
  1570.310059  0.239333  0.495406  0.609578  0.723751  0.913398
  1573.869995  0.236919  0.494640  0.608824  0.723008  0.912301
  1577.430054  0.237285  0.494216  0.608373  0.722529  0.910531
  1580.989990  0.236944  0.493584  0.607746  0.721909  0.909988
  1584.550049  0.236573  0.493194  0.607419  0.721644  0.909754
  1588.109985  0.236641  0.492482  0.606778  0.721075  0.908365
  1591.670044  0.238984  0.492639  0.606948  0.721257  0.906409
  1595.229980  0.236744  0.492103  0.606495  0.720887  0.904256
  1598.790039  0.236623  0.491965  0.606408  0.720852  0.904680
  1602.349976  0.231135  0.491671  0.606159  0.720647  0.901938
  1605.920044  0.234177  0.491309  0.605776  0.720243  0.896173
  1609.479980  0.235167  0.490749  0.605319  0.719889  0.895223
  1613.040039  0.234472  0.489808  0.604299  0.718790  0.902259
  1616.609985  0.229762  0.488547  0.602990  0.717432  0.895715
  1620.170044  0.234588  0.487141  0.601429  0.715716  0.896555
  1623.739990  0.227558  0.484765  0.599003  0.713240  0.898000
  1627.310059  0.230430  0.482572  0.596780  0.710989  0.898076
  1630.869995  0.225488  0.480115  0.594381  0.708647  0.891954
  1634.439941  0.225303  0.478151  0.592644  0.707138  0.895096
  1638.010010  0.224014  0.476421  0.591164  0.705906  0.894021
  1641.579956  0.223392  0.475724  0.590602  0.705479  0.894635
  1645.150024  0.219919  0.475316  0.590295  0.705274  0.889265
  1648.709961  0.219565  0.475159  0.590023  0.704887  0.890380
  1652.290039  0.223142  0.474738  0.589457  0.704177  0.891757
  1655.859985  0.218314  0.472299  0.587039  0.701779  0.884850
  1659.430054  0.216277  0.466964  0.582478  0.697992  0.882248
  1663.000000  0.205042  0.458631  0.576154  0.693677  0.880046
  1666.569946  0.197687  0.448196  0.569035  0.689874  0.878429
  1670.140015  0.189304  0.436513  0.561732  0.686951  0.871921
  1673.719971  0.178846  0.425978  0.555108  0.684237  0.865627
  1677.290039  0.173839  0.418552  0.550002  0.681452  0.854529
  1680.869995  0.174859  0.414553  0.546355  0.678156  0.851621
  1684.439941  0.171099  0.412942  0.543365  0.673789  0.847442
  1688.020020  0.175894  0.412185  0.539968  0.667752  0.837646
  1691.589966  0.173480  0.411269  0.535841  0.660412  0.829091
  1695.170044  0.176864  0.411623  0.532169  0.652715  0.823012
  1698.750000  0.179962  0.412594  0.528426  0.644257  0.808904
  1702.329956  0.185550  0.414600  0.525502  0.636405  0.805342
  1705.910034  0.184424  0.415604  0.522217  0.628831  0.788404
  1709.489990  0.174955  0.415032  0.517889  0.620746  0.789350
  1713.069946  0.181414  0.412332  0.511993  0.611654  0.762123
  1716.650024  0.191416  0.409255  0.505306  0.601356  0.755723
  1720.229980  0.183958  0.404466  0.497512  0.590558  0.745709
