ENVI ASCII Plot File [Sun Apr 06 16:05:18 2025]
Column 1: Wavelength
Column 2: Min: ROI #7~~2##255,0,0
Column 3: Mean-StdDev: ROI #7~~21##0,200,0
Column 4: Mean: ROI #7~~0##0,0,0
Column 5: Mean+StdDev: ROI #7~~21##0,200,0
Column 6: Max: ROI #7~~2##255,0,0
   935.609985  0.166006  0.382342  0.457382  0.532422  0.642116
   939.059998  0.183805  0.383967  0.459400  0.534832  0.651478
   942.520020  0.179849  0.391303  0.479297  0.567290  0.678586
   945.979980  0.178103  0.396945  0.495789  0.594634  0.740975
   949.429993  0.159659  0.401089  0.507522  0.613954  0.759958
   952.890015  0.165989  0.406554  0.516800  0.627046  0.789221
   956.349976  0.161073  0.411124  0.523625  0.636127  0.789205
   959.809998  0.168102  0.414785  0.528759  0.642733  0.808668
   963.270020  0.166318  0.418429  0.533408  0.648388  0.808721
   966.729980  0.169454  0.421722  0.537570  0.653417  0.819867
   970.190002  0.172120  0.425231  0.541841  0.658451  0.824405
   973.650024  0.173069  0.428207  0.545507  0.662808  0.828985
   977.109985  0.174814  0.431193  0.549209  0.667226  0.832500
   980.580017  0.177841  0.434529  0.553240  0.671952  0.843965
   984.039978  0.180392  0.437550  0.556980  0.676411  0.846905
   987.510010  0.180105  0.440485  0.560511  0.680538  0.851935
   990.969971  0.180289  0.443641  0.564306  0.684970  0.856796
   994.429993  0.182281  0.446832  0.568174  0.689516  0.862804
   997.900024  0.186311  0.450258  0.572276  0.694294  0.869822
  1001.369995  0.186496  0.453245  0.575819  0.698393  0.873968
  1004.830017  0.189699  0.456315  0.579561  0.702808  0.879976
  1008.299988  0.189075  0.459503  0.583420  0.707338  0.885992
  1011.770020  0.192043  0.462881  0.587401  0.711921  0.891103
  1015.239990  0.191560  0.465943  0.591102  0.716261  0.897004
  1018.710022  0.195498  0.469004  0.594769  0.720533  0.902601
  1022.179993  0.196500  0.472150  0.598534  0.724919  0.906715
  1025.650024  0.197662  0.475416  0.602417  0.729418  0.912665
  1029.119995  0.199452  0.478453  0.606112  0.733771  0.916530
  1032.589966  0.200962  0.481519  0.609762  0.738005  0.922462
  1036.060059  0.202712  0.484526  0.613330  0.742134  0.927253
  1039.530029  0.204202  0.487518  0.616985  0.746451  0.934129
  1043.000000  0.204940  0.490592  0.620674  0.750756  0.938274
  1046.479980  0.208444  0.493682  0.624338  0.754994  0.944531
  1049.949951  0.210338  0.496608  0.627827  0.759046  0.949721
  1053.430054  0.211277  0.499529  0.631321  0.763113  0.955782
  1056.900024  0.211717  0.502428  0.634823  0.767219  0.960078
  1060.380005  0.212408  0.505278  0.638272  0.771266  0.965402
  1063.849976  0.214208  0.508161  0.641724  0.775287  0.970811
  1067.329956  0.216599  0.510978  0.645086  0.779194  0.974505
  1070.810059  0.218227  0.513812  0.648455  0.783099  0.980662
  1074.290039  0.220376  0.516694  0.651905  0.787115  0.986173
  1077.760010  0.222284  0.519381  0.655155  0.790928  0.990768
  1081.239990  0.223921  0.522047  0.658333  0.794618  0.994917
  1084.719971  0.225521  0.524715  0.661531  0.798347  0.998642
  1088.199951  0.227405  0.527244  0.664556  0.801868  1.002876
  1091.680054  0.228468  0.529728  0.667534  0.805340  1.007834
  1095.170044  0.230042  0.532155  0.670489  0.808824  1.011443
  1098.650024  0.229800  0.534585  0.673403  0.812222  1.015689
  1102.130005  0.230183  0.536835  0.676094  0.815353  1.018288
  1105.609985  0.231803  0.538918  0.678604  0.818290  1.020014
  1109.099976  0.234372  0.540907  0.680960  0.821013  1.022424
  1112.579956  0.234628  0.542904  0.683334  0.823764  1.027248
  1116.069946  0.237023  0.544813  0.685657  0.826501  1.028208
  1119.550049  0.237523  0.546701  0.687912  0.829123  1.027114
  1123.040039  0.238625  0.548328  0.689852  0.831376  1.024131
  1126.520020  0.238135  0.549608  0.691405  0.833202  1.019536
  1130.010010  0.239250  0.550515  0.692542  0.834570  1.019967
  1133.500000  0.238526  0.551062  0.693256  0.835451  1.020395
  1136.989990  0.240350  0.551025  0.693478  0.835932  1.024131
  1140.469971  0.240089  0.551207  0.693946  0.836685  1.025887
  1143.959961  0.243341  0.551752  0.694779  0.837806  1.029079
  1147.449951  0.242196  0.552779  0.696051  0.839323  1.031002
  1150.939941  0.241645  0.554231  0.697683  0.841135  1.031767
  1154.430054  0.241486  0.555767  0.699294  0.842822  1.029876
  1157.930054  0.244988  0.556659  0.700292  0.843925  1.030698
  1161.420044  0.243688  0.557174  0.700831  0.844487  1.031648
  1164.910034  0.244535  0.557047  0.700773  0.844500  1.034133
  1168.400024  0.244042  0.557072  0.700782  0.844493  1.037517
  1171.900024  0.243940  0.557007  0.700737  0.844466  1.041063
  1175.390015  0.243793  0.556937  0.700707  0.844476  1.038841
  1178.890015  0.243762  0.556674  0.700483  0.844293  1.040731
  1182.380005  0.245802  0.556594  0.700341  0.844089  1.039412
  1185.880005  0.243609  0.556614  0.700408  0.844201  1.037422
  1189.369995  0.245061  0.557056  0.701005  0.844954  1.033725
  1192.869995  0.243561  0.557935  0.702134  0.846333  1.033504
  1196.369995  0.245692  0.559214  0.703659  0.848104  1.037156
  1199.869995  0.247211  0.560495  0.705247  0.849999  1.036808
  1203.369995  0.248115  0.561896  0.706985  0.852074  1.040603
  1206.869995  0.244097  0.563328  0.708725  0.854123  1.044368
  1210.369995  0.248949  0.565053  0.710853  0.856654  1.048294
  1213.869995  0.250935  0.567338  0.713585  0.859832  1.048800
  1217.369995  0.252412  0.570003  0.716843  0.863682  1.057100
  1220.869995  0.253519  0.573028  0.720489  0.867950  1.059603
  1224.369995  0.256697  0.576269  0.724370  0.872472  1.069648
  1227.869995  0.257953  0.579394  0.728144  0.876894  1.081661
  1231.380005  0.262815  0.582529  0.731844  0.881158  1.089010
  1234.880005  0.262706  0.585229  0.735178  0.885128  1.094241
  1238.390015  0.264893  0.587926  0.738394  0.888861  1.101497
  1241.890015  0.263246  0.590333  0.741265  0.892197  1.104033
  1245.400024  0.264215  0.592537  0.743924  0.895310  1.109987
  1248.900024  0.267920  0.594593  0.746467  0.898341  1.114339
  1252.410034  0.268900  0.596670  0.748985  0.901301  1.119379
  1255.920044  0.270089  0.598564  0.751310  0.904056  1.122726
  1259.420044  0.268456  0.600167  0.753302  0.906437  1.126739
  1262.930054  0.273134  0.601826  0.755301  0.908776  1.131530
  1266.439941  0.274199  0.603604  0.757321  0.911039  1.131581
  1269.949951  0.276046  0.604940  0.759074  0.913207  1.133510
  1273.459961  0.274570  0.606560  0.761035  0.915510  1.140801
  1276.969971  0.276904  0.607978  0.762888  0.917797  1.142043
  1280.479980  0.276678  0.609762  0.765002  0.920242  1.145473
  1283.989990  0.280427  0.611215  0.766823  0.922431  1.148553
  1287.510010  0.279513  0.612909  0.768824  0.924740  1.151636
  1291.020020  0.282615  0.614230  0.770605  0.926981  1.156183
  1294.530029  0.282715  0.615760  0.772343  0.928925  1.158068
  1298.050049  0.284736  0.616945  0.773884  0.930823  1.158657
  1301.560059  0.283892  0.618314  0.775486  0.932659  1.158404
  1305.079956  0.285037  0.619408  0.776882  0.934355  1.160354
  1308.589966  0.287155  0.620491  0.778185  0.935879  1.161914
  1312.109985  0.288123  0.621196  0.779211  0.937226  1.164757
  1315.619995  0.283479  0.621851  0.780016  0.938181  1.165692
  1319.140015  0.286263  0.621843  0.780223  0.938604  1.166154
  1322.660034  0.287315  0.622314  0.780628  0.938943  1.164607
  1326.180054  0.288767  0.621846  0.780316  0.938785  1.168972
  1329.699951  0.285259  0.621164  0.779545  0.937927  1.163524
  1333.219971  0.284266  0.619722  0.778004  0.936286  1.164198
  1336.739990  0.282654  0.617909  0.775952  0.933995  1.154678
  1340.260010  0.281669  0.615498  0.773261  0.931024  1.151484
  1343.780029  0.281047  0.612861  0.770201  0.927541  1.145422
  1347.300049  0.274177  0.609505  0.766371  0.923237  1.141834
  1350.819946  0.272519  0.605848  0.762179  0.918510  1.134632
  1354.349976  0.267466  0.602288  0.758005  0.913721  1.131597
  1357.869995  0.269319  0.598827  0.753964  0.909101  1.125641
  1361.390015  0.265205  0.595665  0.750236  0.904807  1.123901
  1364.920044  0.261966  0.592579  0.746765  0.900952  1.112673
  1368.439941  0.258779  0.589435  0.743230  0.897024  1.105570
  1371.969971  0.256654  0.586884  0.740318  0.893752  1.101727
  1375.500000  0.254475  0.584656  0.737903  0.891149  1.097123
  1379.020020  0.256338  0.583034  0.735891  0.888748  1.093285
  1382.550049  0.253854  0.581038  0.733519  0.885999  1.088702
  1386.079956  0.251803  0.578399  0.730677  0.882955  1.083921
  1389.609985  0.248189  0.575141  0.727048  0.878955  1.078830
  1393.140015  0.247935  0.572118  0.723418  0.874718  1.076121
  1396.670044  0.246066  0.568082  0.718785  0.869489  1.070499
  1400.199951  0.241078  0.563584  0.713437  0.863290  1.064231
  1403.729980  0.237327  0.557547  0.706360  0.855173  1.055062
  1407.260010  0.231509  0.549907  0.697446  0.844985  1.042982
  1410.790039  0.225013  0.540980  0.687028  0.833076  1.024085
  1414.319946  0.219000  0.530675  0.675009  0.819344  1.012101
  1417.859985  0.212419  0.519578  0.661838  0.804097  0.990584
  1421.390015  0.204233  0.507905  0.648034  0.788163  0.972311
  1424.920044  0.194377  0.496373  0.634283  0.772193  0.951967
  1428.459961  0.191675  0.485997  0.621820  0.757642  0.932555
  1431.989990  0.183011  0.476461  0.610406  0.744351  0.916518
  1435.530029  0.179290  0.468525  0.600969  0.733412  0.906191
  1439.069946  0.172832  0.462087  0.593254  0.724421  0.891611
  1442.599976  0.173944  0.457024  0.587218  0.717412  0.883540
  1446.140015  0.170917  0.453209  0.582685  0.712160  0.876633
  1449.680054  0.167885  0.450292  0.579266  0.708240  0.873519
  1453.219971  0.166578  0.448200  0.576819  0.705438  0.871421
  1456.760010  0.166799  0.446988  0.575425  0.703862  0.868162
  1460.300049  0.168430  0.445862  0.574255  0.702648  0.866643
  1463.839966  0.163883  0.445642  0.574046  0.702451  0.868508
  1467.380005  0.164484  0.445576  0.574106  0.702635  0.869242
  1470.920044  0.165792  0.445835  0.574554  0.703274  0.866417
  1474.459961  0.164546  0.445873  0.574849  0.703826  0.871237
  1478.010010  0.163501  0.446436  0.575605  0.704774  0.873028
  1481.550049  0.166588  0.446851  0.576236  0.705620  0.872176
  1485.089966  0.165212  0.447434  0.577047  0.706660  0.877146
  1488.640015  0.165291  0.447742  0.577603  0.707463  0.876370
  1492.180054  0.163410  0.448502  0.578624  0.708746  0.879348
  1495.729980  0.164915  0.449284  0.579750  0.710215  0.882461
  1499.270020  0.164294  0.450462  0.581195  0.711928  0.885452
  1502.819946  0.165574  0.451575  0.582681  0.713788  0.891193
  1506.369995  0.164798  0.452693  0.584151  0.715609  0.891223
  1509.910034  0.167680  0.453766  0.585630  0.717495  0.895352
  1513.459961  0.165343  0.454950  0.587209  0.719469  0.898151
  1517.010010  0.167220  0.455876  0.588502  0.721127  0.898143
  1520.560059  0.165879  0.456792  0.589784  0.722777  0.902694
  1524.109985  0.167628  0.457367  0.590698  0.724030  0.906088
  1527.660034  0.167429  0.457899  0.591449  0.724999  0.908514
  1531.209961  0.163912  0.457881  0.591641  0.725401  0.909131
  1534.760010  0.167080  0.458209  0.592100  0.725992  0.911240
  1538.319946  0.167068  0.457935  0.591969  0.726003  0.913847
  1541.869995  0.165601  0.457732  0.591769  0.725805  0.912471
  1545.420044  0.164176  0.457045  0.591056  0.725068  0.916803
  1548.979980  0.164242  0.456444  0.590496  0.724547  0.912226
  1552.530029  0.163064  0.455521  0.589562  0.723602  0.916706
  1556.089966  0.162888  0.454671  0.588720  0.722770  0.914720
  1559.640015  0.160158  0.453632  0.587594  0.721557  0.915606
  1563.199951  0.164685  0.452825  0.586672  0.720519  0.914995
  1566.750000  0.159900  0.451864  0.585736  0.719609  0.917290
  1570.310059  0.160637  0.450987  0.584753  0.718520  0.910337
  1573.869995  0.158668  0.450083  0.583889  0.717695  0.911013
  1577.430054  0.160595  0.449577  0.583312  0.717047  0.907324
  1580.989990  0.158180  0.448888  0.582630  0.716372  0.907081
  1584.550049  0.157762  0.448434  0.582234  0.716033  0.909374
  1588.109985  0.156118  0.447790  0.581649  0.715508  0.908565
  1591.670044  0.158036  0.447860  0.581749  0.715637  0.905181
  1595.229980  0.155382  0.447274  0.581211  0.715148  0.903738
  1598.790039  0.158055  0.447134  0.581101  0.715068  0.902421
  1602.349976  0.152511  0.446719  0.580690  0.714661  0.903871
  1605.920044  0.155461  0.446271  0.580305  0.714339  0.900852
  1609.479980  0.154516  0.445746  0.579725  0.713704  0.896725
  1613.040039  0.155592  0.444675  0.578570  0.712465  0.892889
  1616.609985  0.152575  0.443362  0.577158  0.710955  0.884644
  1620.170044  0.152171  0.441954  0.575519  0.709084  0.875844
  1623.739990  0.152218  0.439915  0.573283  0.706651  0.875285
  1627.310059  0.150834  0.438016  0.571226  0.704435  0.872085
  1630.869995  0.149309  0.435976  0.568960  0.701943  0.870754
  1634.439941  0.147162  0.434289  0.567216  0.700143  0.867415
  1638.010010  0.150110  0.432673  0.565688  0.698702  0.867873
  1641.579956  0.147669  0.431785  0.564851  0.697917  0.863568
  1645.150024  0.147643  0.431088  0.564116  0.697145  0.864067
  1648.709961  0.145694  0.430451  0.563376  0.696302  0.861872
  1652.290039  0.145884  0.429866  0.562652  0.695438  0.863867
  1655.859985  0.143439  0.427634  0.560290  0.692945  0.859144
  1659.430054  0.144243  0.423304  0.556067  0.688831  0.855823
  1663.000000  0.141523  0.416997  0.550528  0.684058  0.850788
  1666.569946  0.140403  0.408959  0.543990  0.679020  0.847149
  1670.140015  0.138525  0.399923  0.537256  0.674589  0.840775
  1673.719971  0.138261  0.391681  0.531024  0.670366  0.837067
  1677.290039  0.136761  0.385490  0.525869  0.666249  0.829407
  1680.869995  0.142374  0.381701  0.521844  0.661986  0.825355
  1684.439941  0.137432  0.379422  0.518360  0.657298  0.823161
  1688.020020  0.141296  0.377726  0.514327  0.650928  0.812501
  1691.589966  0.138841  0.375564  0.509308  0.643051  0.800919
  1695.170044  0.138468  0.374105  0.504603  0.635102  0.790590
  1698.750000  0.141522  0.372912  0.499171  0.625429  0.777027
  1702.329956  0.146792  0.372367  0.494452  0.616537  0.771844
  1705.910034  0.143870  0.370795  0.489112  0.607429  0.763291
  1709.489990  0.145814  0.368531  0.483512  0.598493  0.749912
  1713.069946  0.140354  0.365041  0.476706  0.588371  0.729895
  1716.650024  0.142490  0.362348  0.469784  0.577220  0.718382
  1720.229980  0.141821  0.357971  0.461534  0.565098  0.697622
