ENVI ASCII Plot File [Sun Apr 06 16:43:27 2025]
Column 1: Wavelength
Column 2: Min: ROI #46~~2##255,0,0
Column 3: Mean-StdDev: ROI #46~~21##0,200,0
Column 4: Mean: ROI #46~~0##0,0,0
Column 5: Mean+StdDev: ROI #46~~21##0,200,0
Column 6: Max: ROI #46~~2##255,0,0
   935.609985  0.232588  0.419130  0.489335  0.559540  0.671014
   939.059998  0.238125  0.421393  0.491869  0.562345  0.667881
   942.520020  0.204803  0.435151  0.516978  0.598805  0.718097
   945.979980  0.178544  0.444774  0.536756  0.628738  0.761233
   949.429993  0.166904  0.451998  0.551027  0.650056  0.788646
   952.890015  0.155640  0.458631  0.561152  0.663673  0.812698
   956.349976  0.159065  0.463760  0.568323  0.672886  0.825250
   959.809998  0.153156  0.467873  0.573482  0.679090  0.831625
   963.270020  0.157584  0.471458  0.577990  0.684522  0.840181
   966.729980  0.153765  0.474726  0.581960  0.689194  0.847016
   970.190002  0.157691  0.478087  0.586060  0.694034  0.848912
   973.650024  0.156730  0.480910  0.589419  0.697927  0.857961
   977.109985  0.162393  0.483894  0.593014  0.702135  0.863919
   980.580017  0.159871  0.486917  0.596660  0.706403  0.865356
   984.039978  0.160401  0.490061  0.600352  0.710643  0.872053
   987.510010  0.161445  0.492886  0.603702  0.714517  0.877476
   990.969971  0.166774  0.495929  0.607290  0.718651  0.883515
   994.429993  0.165632  0.498899  0.610848  0.722797  0.886704
   997.900024  0.167353  0.501956  0.614477  0.726997  0.892424
  1001.369995  0.168942  0.504885  0.617899  0.730913  0.898431
  1004.830017  0.171712  0.507779  0.621355  0.734930  0.902094
  1008.299988  0.173512  0.510752  0.624889  0.739027  0.908205
  1011.770020  0.175601  0.513945  0.628599  0.743253  0.915497
  1015.239990  0.175953  0.516788  0.632045  0.747302  0.919271
  1018.710022  0.176101  0.519658  0.635399  0.751140  0.923052
  1022.179993  0.177196  0.522669  0.638911  0.755152  0.929758
  1025.650024  0.179497  0.525621  0.642400  0.759179  0.934341
  1029.119995  0.182873  0.528420  0.645791  0.763161  0.941251
  1032.589966  0.183256  0.531412  0.649285  0.767158  0.946085
  1036.060059  0.185766  0.534187  0.652546  0.770904  0.950905
  1039.530029  0.187253  0.536960  0.655849  0.774739  0.953904
  1043.000000  0.189536  0.539785  0.659188  0.778591  0.960615
  1046.479980  0.190943  0.542782  0.662653  0.782524  0.964576
  1049.949951  0.191806  0.545472  0.665843  0.786215  0.969790
  1053.430054  0.191599  0.548072  0.668930  0.789788  0.976316
  1056.900024  0.194205  0.550761  0.672135  0.793509  0.980651
  1060.380005  0.196994  0.553419  0.675276  0.797132  0.985644
  1063.849976  0.198667  0.556054  0.678416  0.800778  0.990747
  1067.329956  0.199848  0.558663  0.681528  0.804392  0.994830
  1070.810059  0.202145  0.561242  0.684539  0.807836  1.000005
  1074.290039  0.204095  0.563883  0.687626  0.811369  1.004659
  1077.760010  0.205328  0.566343  0.690559  0.814775  1.008427
  1081.239990  0.206038  0.568809  0.693461  0.818114  1.011494
  1084.719971  0.208199  0.571280  0.696349  0.821417  1.016536
  1088.199951  0.209976  0.573529  0.699025  0.824522  1.020272
  1091.680054  0.211499  0.575646  0.701589  0.827532  1.022599
  1095.170044  0.212416  0.577841  0.704231  0.830621  1.027930
  1098.650024  0.212875  0.579988  0.706804  0.833621  1.034948
  1102.130005  0.215812  0.581912  0.709125  0.836338  1.038986
  1105.609985  0.216954  0.583698  0.711281  0.838864  1.041211
  1109.099976  0.217407  0.585455  0.713353  0.841251  1.044498
  1112.579956  0.218833  0.587122  0.715392  0.843663  1.047313
  1116.069946  0.218737  0.588705  0.717359  0.846013  1.050602
  1119.550049  0.220885  0.590215  0.719240  0.848265  1.054403
  1123.040039  0.220975  0.591564  0.720959  0.850354  1.056675
  1126.520020  0.222803  0.592718  0.722466  0.852215  1.062626
  1130.010010  0.223296  0.593202  0.723330  0.853458  1.062701
  1133.500000  0.224021  0.593226  0.723798  0.854370  1.062946
  1136.989990  0.223729  0.592815  0.723937  0.855060  1.067275
  1140.469971  0.224427  0.592719  0.724326  0.855934  1.068337
  1143.959961  0.224538  0.592955  0.724897  0.856840  1.068089
  1147.449951  0.224640  0.593718  0.725754  0.857791  1.069597
  1150.939941  0.224233  0.594922  0.726839  0.858755  1.070197
  1154.430054  0.225647  0.596231  0.727884  0.859537  1.072419
  1157.930054  0.226612  0.596917  0.728327  0.859736  1.071822
  1161.420044  0.227240  0.597189  0.728349  0.859508  1.070231
  1164.910034  0.225600  0.596976  0.728017  0.859058  1.070433
  1168.400024  0.226166  0.596899  0.727816  0.858733  1.072072
  1171.900024  0.224919  0.596739  0.727604  0.858470  1.070293
  1175.390015  0.225576  0.596448  0.727291  0.858134  1.069435
  1178.890015  0.224477  0.596140  0.726945  0.857750  1.067343
  1182.380005  0.224286  0.595983  0.726796  0.857608  1.068582
  1185.880005  0.224386  0.595943  0.726849  0.857754  1.067857
  1189.369995  0.225842  0.596425  0.727517  0.858608  1.068400
  1192.869995  0.223593  0.597285  0.728664  0.860042  1.073041
  1196.369995  0.225270  0.598450  0.730124  0.861798  1.073600
  1199.869995  0.226613  0.599601  0.731662  0.863724  1.078037
  1203.369995  0.225523  0.600852  0.733310  0.865768  1.079160
  1206.869995  0.229355  0.602263  0.735020  0.867778  1.083147
  1210.369995  0.226992  0.603969  0.737046  0.870123  1.083991
  1213.869995  0.230397  0.606013  0.739465  0.872917  1.090142
  1217.369995  0.233413  0.608486  0.742324  0.876161  1.095103
  1220.869995  0.233738  0.610909  0.745295  0.879681  1.101516
  1224.369995  0.236472  0.613680  0.748446  0.883213  1.103229
  1227.869995  0.237263  0.616402  0.751613  0.886824  1.108708
  1231.380005  0.237922  0.618889  0.754561  0.890233  1.111513
  1234.880005  0.243676  0.621306  0.757359  0.893412  1.119945
  1238.390015  0.241430  0.623488  0.760020  0.896552  1.121873
  1241.890015  0.244006  0.625598  0.762533  0.899468  1.127933
  1245.400024  0.244407  0.627546  0.764801  0.902055  1.129726
  1248.900024  0.245827  0.629229  0.766911  0.904593  1.134022
  1252.410034  0.247180  0.630912  0.768839  0.906765  1.138868
  1255.920044  0.250924  0.632481  0.770776  0.909071  1.144330
  1259.420044  0.250127  0.633909  0.772461  0.911013  1.147735
  1262.930054  0.251768  0.635147  0.774057  0.912966  1.149782
  1266.439941  0.251255  0.636675  0.775794  0.914913  1.151273
  1269.949951  0.253847  0.637862  0.777335  0.916808  1.155085
  1273.459961  0.252755  0.639281  0.778986  0.918690  1.157283
  1276.969971  0.254772  0.640417  0.780475  0.920532  1.161115
  1280.479980  0.255326  0.641738  0.782123  0.922508  1.166253
  1283.989990  0.258255  0.642959  0.783702  0.924446  1.161538
  1287.510010  0.257461  0.644417  0.785416  0.926414  1.165169
  1291.020020  0.258543  0.645405  0.786810  0.928216  1.169715
  1294.530029  0.260636  0.646630  0.788252  0.929874  1.174799
  1298.050049  0.258342  0.647457  0.789399  0.931341  1.175972
  1301.560059  0.263174  0.648553  0.790677  0.932800  1.179121
  1305.079956  0.260365  0.649308  0.791685  0.934062  1.177753
  1308.589966  0.261459  0.650075  0.792610  0.935145  1.184334
  1312.109985  0.260350  0.650415  0.793159  0.935903  1.184173
  1315.619995  0.263277  0.650773  0.793648  0.936522  1.183163
  1319.140015  0.261332  0.650663  0.793700  0.936736  1.185069
  1322.660034  0.264579  0.650618  0.793643  0.936668  1.185890
  1326.180054  0.262740  0.649880  0.792918  0.935957  1.184077
  1329.699951  0.261461  0.648755  0.791750  0.934745  1.180063
  1333.219971  0.257799  0.646994  0.789836  0.932678  1.175646
  1336.739990  0.258168  0.645065  0.787656  0.930246  1.175170
  1340.260010  0.254734  0.642626  0.784942  0.927257  1.172529
  1343.780029  0.252463  0.639809  0.781674  0.923539  1.169782
  1347.300049  0.248019  0.636370  0.777769  0.919169  1.164269
  1350.819946  0.244640  0.632893  0.773786  0.914679  1.154743
  1354.349976  0.244086  0.629495  0.769775  0.910056  1.148929
  1357.869995  0.240751  0.626383  0.766111  0.905840  1.140461
  1361.390015  0.241009  0.623346  0.762583  0.901819  1.132973
  1364.920044  0.240901  0.620479  0.759388  0.898297  1.128891
  1368.439941  0.238686  0.617592  0.756243  0.894895  1.128525
  1371.969971  0.236948  0.614998  0.753468  0.891938  1.123992
  1375.500000  0.233822  0.612801  0.751190  0.889578  1.123417
  1379.020020  0.230760  0.611068  0.749078  0.887087  1.118579
  1382.550049  0.229776  0.608810  0.746479  0.884148  1.113212
  1386.079956  0.226200  0.606099  0.743486  0.880873  1.108404
  1389.609985  0.224844  0.602569  0.739525  0.876482  1.105664
  1393.140015  0.219522  0.598665  0.734842  0.871019  1.096181
  1396.670044  0.219048  0.593722  0.729246  0.864771  1.085789
  1400.199951  0.213429  0.588393  0.722934  0.857474  1.075988
  1403.729980  0.210776  0.581706  0.715110  0.848514  1.065973
  1407.260010  0.202981  0.573971  0.706097  0.838222  1.051736
  1410.790039  0.201854  0.565136  0.695826  0.826515  1.035558
  1414.319946  0.189373  0.555364  0.684446  0.813529  1.016925
  1417.859985  0.188807  0.544990  0.672290  0.799589  0.999031
  1421.390015  0.180411  0.534788  0.660131  0.785474  0.983878
  1424.920044  0.175428  0.524628  0.648213  0.771798  0.963012
  1428.459961  0.169321  0.515400  0.637232  0.759065  0.945825
  1431.989990  0.165504  0.507018  0.627280  0.747542  0.931485
  1435.530029  0.159411  0.500048  0.618922  0.737795  0.920113
  1439.069946  0.160049  0.493901  0.611849  0.729797  0.908304
  1442.599976  0.154544  0.489123  0.606188  0.723252  0.898216
  1446.140015  0.152553  0.485383  0.601816  0.718250  0.897010
  1449.680054  0.150131  0.482526  0.598442  0.714358  0.891418
  1453.219971  0.150869  0.480492  0.596014  0.711536  0.888162
  1456.760010  0.149094  0.478998  0.594224  0.709451  0.884026
  1460.300049  0.149288  0.477494  0.592605  0.707716  0.883924
  1463.839966  0.149000  0.476846  0.591909  0.706972  0.881693
  1467.380005  0.147469  0.476265  0.591354  0.706442  0.881467
  1470.920044  0.147315  0.476375  0.591572  0.706769  0.880617
  1474.459961  0.147596  0.476317  0.591657  0.706997  0.883467
  1478.010010  0.146776  0.476924  0.592458  0.707992  0.880653
  1481.550049  0.147638  0.477360  0.593091  0.708823  0.882974
  1485.089966  0.147533  0.477910  0.593905  0.709900  0.888083
  1488.640015  0.147483  0.478136  0.594311  0.710486  0.886407
  1492.180054  0.148882  0.479104  0.595509  0.711914  0.890084
  1495.729980  0.148011  0.479744  0.596475  0.713206  0.891570
  1499.270020  0.148881  0.480935  0.597924  0.714912  0.895688
  1502.819946  0.149117  0.481912  0.599226  0.716539  0.892136
  1506.369995  0.148570  0.482987  0.600669  0.718350  0.898279
  1509.910034  0.149777  0.484052  0.602009  0.719965  0.898779
  1513.459961  0.151685  0.485048  0.603337  0.721626  0.903034
  1517.010010  0.147942  0.485733  0.604312  0.722890  0.903377
  1520.560059  0.151805  0.486460  0.605382  0.724305  0.905919
  1524.109985  0.149410  0.487181  0.606301  0.725420  0.909888
  1527.660034  0.150722  0.487649  0.607006  0.726363  0.909733
  1531.209961  0.149635  0.487595  0.607175  0.726756  0.907839
  1534.760010  0.151670  0.487897  0.607508  0.727120  0.909309
  1538.319946  0.148876  0.487674  0.607414  0.727153  0.910274
  1541.869995  0.149455  0.487461  0.607264  0.727067  0.908379
  1545.420044  0.149787  0.486948  0.606684  0.726420  0.908477
  1548.979980  0.148414  0.486257  0.606109  0.725960  0.908960
  1552.530029  0.150807  0.485602  0.605384  0.725165  0.906791
  1556.089966  0.146999  0.484892  0.604654  0.724415  0.908751
  1559.640015  0.148456  0.483772  0.603537  0.723302  0.907747
  1563.199951  0.146890  0.483007  0.602743  0.722480  0.905713
  1566.750000  0.148839  0.482119  0.601869  0.721620  0.904773
  1570.310059  0.146160  0.481351  0.601063  0.720774  0.900715
  1573.869995  0.148190  0.480591  0.600339  0.720087  0.901231
  1577.430054  0.146666  0.480250  0.599973  0.719696  0.902204
  1580.989990  0.147534  0.479497  0.599281  0.719064  0.900569
  1584.550049  0.145154  0.479195  0.599018  0.718842  0.900144
  1588.109985  0.144550  0.478583  0.598503  0.718424  0.901281
  1591.670044  0.141806  0.478594  0.598600  0.718606  0.895863
  1595.229980  0.144482  0.478124  0.598189  0.718255  0.894478
  1598.790039  0.141596  0.477961  0.598101  0.718240  0.897963
  1602.349976  0.143760  0.477702  0.597873  0.718044  0.899113
  1605.920044  0.140965  0.477227  0.597526  0.717824  0.898954
  1609.479980  0.142694  0.476749  0.597134  0.717520  0.900217
  1613.040039  0.142062  0.475969  0.596372  0.716774  0.896492
  1616.609985  0.142244  0.474777  0.595242  0.715706  0.898120
  1620.170044  0.142990  0.473487  0.593937  0.714388  0.894890
  1623.739990  0.140967  0.471608  0.592166  0.712723  0.894373
  1627.310059  0.139543  0.469778  0.590428  0.711078  0.892279
  1630.869995  0.137624  0.467700  0.588609  0.709517  0.890706
  1634.439941  0.138884  0.466288  0.587306  0.708324  0.887727
  1638.010010  0.134675  0.464845  0.586119  0.707393  0.886262
  1641.579956  0.138289  0.464443  0.585720  0.706997  0.887101
  1645.150024  0.135538  0.463931  0.585258  0.706585  0.886521
  1648.709961  0.137130  0.463549  0.584795  0.706042  0.885565
  1652.290039  0.137242  0.462919  0.584023  0.705127  0.884373
  1655.859985  0.136906  0.461080  0.582184  0.703287  0.881518
  1659.430054  0.134652  0.457425  0.578867  0.700310  0.877199
  1663.000000  0.132093  0.451949  0.574310  0.696671  0.875765
  1666.569946  0.130709  0.445649  0.569136  0.692623  0.870831
  1670.140015  0.125913  0.438724  0.563717  0.688710  0.867166
  1673.719971  0.119547  0.432546  0.558632  0.684718  0.856599
  1677.290039  0.119999  0.427695  0.554381  0.681067  0.850453
  1680.869995  0.119074  0.424533  0.550939  0.677345  0.839598
  1684.439941  0.119852  0.422022  0.547504  0.672987  0.833581
  1688.020020  0.119231  0.419783  0.543460  0.667138  0.823666
  1691.589966  0.125235  0.416866  0.538321  0.659777  0.822258
  1695.170044  0.123548  0.414644  0.533544  0.652444  0.807373
  1698.750000  0.126145  0.412167  0.527981  0.643794  0.798192
  1702.329956  0.124565  0.410895  0.523188  0.635480  0.781603
  1705.910034  0.138029  0.409238  0.518148  0.627057  0.778464
  1709.489990  0.131903  0.406751  0.512297  0.617843  0.772026
  1713.069946  0.133543  0.402663  0.505656  0.608649  0.768386
  1716.650024  0.129881  0.399390  0.498367  0.597345  0.723613
  1720.229980  0.140402  0.393971  0.489580  0.585189  0.714160
