ENVI ASCII Plot File [Sun Apr 06 16:41:27 2025]
Column 1: Wavelength
Column 2: Min: ROI #45~~2##255,0,0
Column 3: Mean-StdDev: ROI #45~~21##0,200,0
Column 4: Mean: ROI #45~~0##0,0,0
Column 5: Mean+StdDev: ROI #45~~21##0,200,0
Column 6: Max: ROI #45~~2##255,0,0
   935.609985  0.193134  0.440332  0.516112  0.591892  0.729961
   939.059998  0.199066  0.442917  0.518896  0.594876  0.723081
   942.520020  0.213892  0.460980  0.547241  0.633502  0.738574
   945.979980  0.184319  0.473656  0.568987  0.664318  0.801366
   949.429993  0.181252  0.482663  0.584484  0.686305  0.821730
   952.890015  0.174377  0.490434  0.595487  0.700540  0.844632
   956.349976  0.168253  0.496317  0.603393  0.710470  0.851753
   959.809998  0.172703  0.500866  0.609031  0.717197  0.859760
   963.270020  0.170335  0.504919  0.614052  0.723184  0.866717
   966.729980  0.171423  0.508603  0.618577  0.728552  0.873784
   970.190002  0.171941  0.512408  0.623131  0.733855  0.878785
   973.650024  0.177094  0.515646  0.627056  0.738466  0.886833
   977.109985  0.177712  0.518959  0.631082  0.743205  0.890144
   980.580017  0.180592  0.522440  0.635152  0.747864  0.898048
   984.039978  0.180346  0.525876  0.639228  0.752581  0.903400
   987.510010  0.181659  0.528997  0.643050  0.757103  0.910208
   990.969971  0.182967  0.532361  0.647002  0.761642  0.912140
   994.429993  0.184964  0.535634  0.650919  0.766204  0.918336
   997.900024  0.185966  0.539226  0.655114  0.771003  0.924471
  1001.369995  0.189845  0.542354  0.658898  0.775443  0.928077
  1004.830017  0.189990  0.545843  0.662909  0.779976  0.934205
  1008.299988  0.192149  0.549189  0.666912  0.784635  0.939125
  1011.770020  0.192699  0.552722  0.671066  0.789409  0.945171
  1015.239990  0.195777  0.556006  0.674952  0.793899  0.948791
  1018.710022  0.196186  0.559265  0.678792  0.798318  0.953205
  1022.179993  0.198213  0.562623  0.682786  0.802949  0.960474
  1025.650024  0.200341  0.566015  0.686809  0.807603  0.966003
  1029.119995  0.202428  0.569280  0.690684  0.812087  0.968021
  1032.589966  0.202932  0.572684  0.694662  0.816639  0.975215
  1036.060059  0.205410  0.575851  0.698394  0.820938  0.980672
  1039.530029  0.206258  0.578993  0.702159  0.825325  0.986704
  1043.000000  0.208623  0.582228  0.705978  0.829727  0.991721
  1046.479980  0.208361  0.585509  0.709827  0.834145  0.997696
  1049.949951  0.211321  0.588619  0.713499  0.838380  1.001559
  1053.430054  0.212207  0.591583  0.716985  0.842386  1.007339
  1056.900024  0.214168  0.594607  0.720553  0.846498  1.012564
  1060.380005  0.215884  0.597631  0.724117  0.850604  1.017309
  1063.849976  0.216669  0.600605  0.727664  0.854723  1.022004
  1067.329956  0.218263  0.603536  0.731175  0.858814  1.025752
  1070.810059  0.220636  0.606415  0.734541  0.862666  1.030020
  1074.290039  0.221815  0.609320  0.737932  0.866545  1.035119
  1077.760010  0.221998  0.612124  0.741254  0.870384  1.040437
  1081.239990  0.224946  0.614870  0.744504  0.874138  1.042713
  1084.719971  0.225748  0.617532  0.747691  0.877849  1.049217
  1088.199951  0.226143  0.619984  0.750690  0.881397  1.054885
  1091.680054  0.225892  0.622380  0.753555  0.884730  1.057931
  1095.170044  0.228072  0.624853  0.756480  0.888106  1.061837
  1098.650024  0.229330  0.627296  0.759346  0.891395  1.065799
  1102.130005  0.230123  0.629363  0.761836  0.894308  1.069122
  1105.609985  0.229649  0.631286  0.764161  0.897035  1.070809
  1109.099976  0.230122  0.633177  0.766375  0.899573  1.071902
  1112.579956  0.231513  0.634978  0.768532  0.902086  1.074204
  1116.069946  0.231329  0.636658  0.770596  0.904535  1.077057
  1119.550049  0.231320  0.638162  0.772493  0.906825  1.076923
  1123.040039  0.230506  0.639472  0.774175  0.908877  1.075687
  1126.520020  0.230639  0.640553  0.775562  0.910570  1.067491
  1130.010010  0.226954  0.640876  0.776252  0.911629  1.057049
  1133.500000  0.226156  0.640637  0.776390  0.912143  1.038683
  1136.989990  0.223069  0.639869  0.776087  0.912306  1.025216
  1140.469971  0.222512  0.639377  0.776066  0.912754  1.025760
  1143.959961  0.220074  0.639295  0.776359  0.913424  1.026948
  1147.449951  0.223160  0.639896  0.777063  0.914230  1.028540
  1150.939941  0.224259  0.641144  0.778168  0.915191  1.029283
  1154.430054  0.227783  0.642548  0.779209  0.915871  1.037755
  1157.930054  0.226972  0.643198  0.779554  0.915910  1.052801
  1161.420044  0.228502  0.643218  0.779279  0.915341  1.063404
  1164.910034  0.228098  0.642705  0.778578  0.914452  1.070262
  1168.400024  0.231060  0.642255  0.777910  0.913564  1.074028
  1171.900024  0.231386  0.641661  0.777151  0.912641  1.072845
  1175.390015  0.230604  0.640952  0.776296  0.911639  1.073708
  1178.890015  0.230127  0.640307  0.775539  0.910772  1.073003
  1182.380005  0.229340  0.639857  0.775034  0.910211  1.072388
  1185.880005  0.228317  0.639690  0.774922  0.910153  1.070321
  1189.369995  0.228252  0.640106  0.775497  0.910888  1.070015
  1192.869995  0.227837  0.640960  0.776616  0.912272  1.068544
  1196.369995  0.226307  0.642191  0.778188  0.914186  1.068977
  1199.869995  0.227195  0.643558  0.779929  0.916300  1.066288
  1203.369995  0.227827  0.645084  0.781858  0.918631  1.067535
  1206.869995  0.229271  0.646683  0.783823  0.920963  1.067269
  1210.369995  0.230063  0.648651  0.786128  0.923605  1.072726
  1213.869995  0.232695  0.650905  0.788774  0.926644  1.074446
  1217.369995  0.233379  0.653533  0.791792  0.930050  1.084349
  1220.869995  0.238297  0.656189  0.794930  0.933672  1.090955
  1224.369995  0.237362  0.658900  0.798160  0.937420  1.100705
  1227.869995  0.241353  0.661715  0.801430  0.941146  1.111567
  1231.380005  0.237544  0.664407  0.804556  0.944705  1.115343
  1234.880005  0.243818  0.666918  0.807517  0.948116  1.120135
  1238.390015  0.244461  0.669397  0.810377  0.951357  1.126624
  1241.890015  0.246371  0.671579  0.812987  0.954394  1.132274
  1245.400024  0.248075  0.673641  0.815402  0.957164  1.136512
  1248.900024  0.248993  0.675556  0.817718  0.959880  1.139507
  1252.410034  0.249441  0.677289  0.819713  0.962136  1.143526
  1255.920044  0.252694  0.678946  0.821679  0.964411  1.146627
  1259.420044  0.252128  0.680440  0.823515  0.966590  1.150197
  1262.930054  0.253978  0.681886  0.825275  0.968663  1.157619
  1266.439941  0.254183  0.683347  0.826982  0.970617  1.157699
  1269.949951  0.254581  0.684654  0.828583  0.972512  1.160652
  1273.459961  0.257761  0.686131  0.830318  0.974505  1.163587
  1276.969971  0.255379  0.687445  0.831951  0.976457  1.166879
  1280.479980  0.256056  0.688887  0.833725  0.978563  1.167019
  1283.989990  0.254537  0.690339  0.835508  0.980676  1.173191
  1287.510010  0.259303  0.691766  0.837186  0.982606  1.171745
  1291.020020  0.256525  0.692917  0.838735  0.984554  1.174564
  1294.530029  0.257948  0.694260  0.840291  0.986321  1.174337
  1298.050049  0.259174  0.695084  0.841452  0.987820  1.175478
  1301.560059  0.261447  0.696080  0.842555  0.989031  1.176761
  1305.079956  0.256159  0.696776  0.843464  0.990152  1.178416
  1308.589966  0.263107  0.697491  0.844286  0.991080  1.180590
  1312.109985  0.260082  0.697577  0.844572  0.991568  1.182732
  1315.619995  0.262860  0.697685  0.844684  0.991682  1.180451
  1319.140015  0.258829  0.697304  0.844390  0.991476  1.180804
  1322.660034  0.261145  0.696833  0.843805  0.990776  1.179230
  1326.180054  0.259866  0.695538  0.842415  0.989291  1.179444
  1329.699951  0.260320  0.693826  0.840447  0.987069  1.175001
  1333.219971  0.253133  0.691172  0.837491  0.983810  1.169713
  1336.739990  0.253989  0.688398  0.834251  0.980104  1.166249
  1340.260010  0.250353  0.684912  0.830298  0.975683  1.157287
  1343.780029  0.247903  0.681140  0.825882  0.970624  1.152782
  1347.300049  0.246606  0.676610  0.820722  0.964834  1.146115
  1350.819946  0.242503  0.672040  0.815406  0.958773  1.136218
  1354.349976  0.240185  0.667679  0.810241  0.952803  1.129609
  1357.869995  0.239895  0.663494  0.805327  0.947160  1.125772
  1361.390015  0.236192  0.659527  0.800708  0.941889  1.121231
  1364.920044  0.234286  0.655980  0.796592  0.937204  1.113596
  1368.439941  0.231251  0.652463  0.792717  0.932970  1.105814
  1371.969971  0.229095  0.649450  0.789306  0.929162  1.100277
  1375.500000  0.226777  0.646865  0.786469  0.926072  1.090682
  1379.020020  0.222738  0.644572  0.783711  0.922849  1.086892
  1382.550049  0.225672  0.641592  0.780202  0.918812  1.080137
  1386.079956  0.219099  0.637977  0.776162  0.914348  1.072696
  1389.609985  0.220397  0.633374  0.770907  0.908439  1.066698
  1393.140015  0.213644  0.627815  0.764229  0.900643  1.053826
  1396.670044  0.214631  0.620926  0.756208  0.891491  1.041349
  1400.199951  0.207188  0.613388  0.747315  0.881243  1.032518
  1403.729980  0.205500  0.604267  0.736606  0.868945  1.014431
  1407.260010  0.197323  0.594182  0.724677  0.855172  0.998619
  1410.790039  0.193131  0.583017  0.711544  0.840072  0.976535
  1414.319946  0.184463  0.570936  0.697340  0.823745  0.961769
  1417.859985  0.182642  0.558500  0.682605  0.806711  0.939427
  1421.390015  0.179079  0.546395  0.668102  0.789809  0.928613
  1424.920044  0.173825  0.534510  0.654057  0.773605  0.909783
  1428.459961  0.166694  0.523885  0.641322  0.758759  0.892753
  1431.989990  0.161545  0.514238  0.629855  0.745473  0.875359
  1435.530029  0.159933  0.506457  0.620501  0.734545  0.864831
  1439.069946  0.152893  0.499781  0.612623  0.725465  0.853124
  1442.599976  0.152266  0.494477  0.606338  0.718198  0.845353
  1446.140015  0.151526  0.490238  0.601257  0.712276  0.837270
  1449.680054  0.149469  0.486861  0.597282  0.707703  0.835856
  1453.219971  0.148237  0.484222  0.594207  0.704191  0.831290
  1456.760010  0.145765  0.482255  0.591874  0.701493  0.831542
  1460.300049  0.144790  0.480504  0.589856  0.699208  0.829648
  1463.839966  0.148279  0.479726  0.588947  0.698168  0.829557
  1467.380005  0.144173  0.479149  0.588329  0.697508  0.827875
  1470.920044  0.146114  0.479304  0.588505  0.697705  0.827193
  1474.459961  0.145420  0.479384  0.588774  0.698164  0.831604
  1478.010010  0.145404  0.480206  0.589793  0.699381  0.831819
  1481.550049  0.146514  0.481000  0.590830  0.700661  0.835974
  1485.089966  0.144776  0.481940  0.592030  0.702120  0.832944
  1488.640015  0.147212  0.482644  0.592994  0.703343  0.837413
  1492.180054  0.146678  0.483996  0.594663  0.705330  0.837603
  1495.729980  0.146742  0.485211  0.596298  0.707386  0.847331
  1499.270020  0.147025  0.486915  0.598318  0.709721  0.844601
  1502.819946  0.148569  0.488349  0.600151  0.711952  0.848545
  1506.369995  0.148664  0.489820  0.601989  0.714159  0.853053
  1509.910034  0.151975  0.491285  0.603830  0.716375  0.859247
  1513.459961  0.149097  0.492624  0.605441  0.718257  0.857177
  1517.010010  0.150905  0.493616  0.606769  0.719923  0.864187
  1520.560059  0.147132  0.494653  0.608102  0.721551  0.863278
  1524.109985  0.150994  0.495527  0.609264  0.723002  0.867644
  1527.660034  0.146118  0.496184  0.610125  0.724066  0.869476
  1531.209961  0.151099  0.496346  0.610487  0.724627  0.873321
  1534.760010  0.149083  0.496872  0.611013  0.725154  0.872299
  1538.319946  0.151399  0.496806  0.611084  0.725362  0.873996
  1541.869995  0.147305  0.496744  0.611044  0.725344  0.869975
  1545.420044  0.149050  0.496176  0.610489  0.724802  0.872894
  1548.979980  0.148117  0.495677  0.609966  0.724254  0.874758
  1552.530029  0.148511  0.495077  0.609339  0.723601  0.871337
  1556.089966  0.146974  0.494402  0.608600  0.722798  0.871486
  1559.640015  0.147039  0.493348  0.607514  0.721679  0.867772
  1563.199951  0.144813  0.492671  0.606815  0.720959  0.865534
  1566.750000  0.147207  0.491962  0.606075  0.720188  0.866779
  1570.310059  0.146072  0.491284  0.605362  0.719440  0.868365
  1573.869995  0.147171  0.490768  0.604790  0.718812  0.864045
  1577.430054  0.144046  0.490445  0.604477  0.718509  0.864109
  1580.989990  0.144950  0.489928  0.603968  0.718008  0.860527
  1584.550049  0.146194  0.489684  0.603783  0.717881  0.862892
  1588.109985  0.143418  0.489274  0.603400  0.717526  0.861586
  1591.670044  0.144918  0.489516  0.603689  0.717862  0.862644
  1595.229980  0.142880  0.489077  0.603399  0.717721  0.858666
  1598.790039  0.142322  0.489118  0.603558  0.717998  0.860637
  1602.349976  0.141791  0.489054  0.603551  0.718047  0.857435
  1605.920044  0.143413  0.488683  0.603258  0.717833  0.859565
  1609.479980  0.140357  0.488335  0.602959  0.717582  0.850604
  1613.040039  0.145031  0.487606  0.602228  0.716850  0.848845
  1616.609985  0.140374  0.486515  0.601135  0.715755  0.840582
  1620.170044  0.143140  0.485370  0.599862  0.714354  0.828314
  1623.739990  0.140120  0.483305  0.597825  0.712344  0.810818
  1627.310059  0.141439  0.481257  0.595846  0.710435  0.808624
  1630.869995  0.137282  0.479041  0.593720  0.708400  0.806115
  1634.439941  0.137850  0.477260  0.592139  0.707017  0.806129
  1638.010010  0.135973  0.475631  0.590650  0.705669  0.805284
  1641.579956  0.138069  0.474839  0.589903  0.704967  0.806312
  1645.150024  0.136092  0.474269  0.589269  0.704269  0.802559
  1648.709961  0.137074  0.473776  0.588653  0.703529  0.801592
  1652.290039  0.136006  0.473202  0.587769  0.702336  0.798840
  1655.859985  0.135893  0.470994  0.585612  0.700230  0.798190
  1659.430054  0.131300  0.466803  0.581853  0.696902  0.797537
  1663.000000  0.132106  0.460363  0.576676  0.692989  0.792133
  1666.569946  0.129411  0.452529  0.570838  0.689147  0.784118
  1670.140015  0.130200  0.443905  0.564832  0.685759  0.781479
  1673.719971  0.125395  0.436055  0.559454  0.682852  0.776269
  1677.290039  0.127256  0.430373  0.555180  0.679987  0.772902
  1680.869995  0.123438  0.426889  0.551795  0.676700  0.767651
  1684.439941  0.124081  0.424799  0.548648  0.672497  0.763496
  1688.020020  0.124220  0.422933  0.544710  0.666487  0.757692
  1691.589966  0.125934  0.420522  0.539767  0.659012  0.752763
  1695.170044  0.121975  0.419169  0.535295  0.651421  0.741352
  1698.750000  0.121854  0.418129  0.530567  0.643005  0.734545
  1702.329956  0.120526  0.418282  0.526780  0.635278  0.721620
  1705.910034  0.131683  0.417054  0.522165  0.627276  0.715865
  1709.489990  0.137429  0.415286  0.517169  0.619052  0.711055
  1713.069946  0.125128  0.412366  0.511156  0.609945  0.703892
  1716.650024  0.140882  0.408648  0.504065  0.599481  0.681358
  1720.229980  0.143218  0.402926  0.495658  0.588390  0.680402
