ENVI ASCII Plot File [Sun Apr 06 17:06:04 2025]
Column 1: Wavelength
Column 2: Min: ROI #70~~2##255,0,0
Column 3: Mean-StdDev: ROI #70~~21##0,200,0
Column 4: Mean: ROI #70~~0##0,0,0
Column 5: Mean+StdDev: ROI #70~~21##0,200,0
Column 6: Max: ROI #70~~2##255,0,0
   935.609985  0.246592  0.445475  0.524714  0.603953  0.733160
   939.059998  0.253973  0.447853  0.527238  0.606624  0.737628
   942.520020  0.249407  0.462421  0.552590  0.642759  0.828685
   945.979980  0.240481  0.472143  0.573212  0.674281  0.870847
   949.429993  0.222967  0.479286  0.586724  0.694162  0.909202
   952.890015  0.226698  0.485738  0.596941  0.708143  0.920015
   956.349976  0.222813  0.490914  0.604047  0.717181  0.944408
   959.809998  0.227077  0.494720  0.609021  0.723322  0.949916
   963.270020  0.224092  0.498487  0.613672  0.728857  0.959862
   966.729980  0.227360  0.501594  0.617686  0.733778  0.967427
   970.190002  0.227718  0.504956  0.621728  0.738500  0.975697
   973.650024  0.230478  0.507644  0.625143  0.742643  0.979281
   977.109985  0.229581  0.510539  0.628594  0.746649  0.984281
   980.580017  0.233791  0.513617  0.632295  0.750972  0.989059
   984.039978  0.233179  0.516466  0.635742  0.755018  0.994202
   987.510010  0.236659  0.519170  0.639033  0.758896  1.000825
   990.969971  0.237461  0.522010  0.642483  0.762957  1.002180
   994.429993  0.237961  0.524877  0.645933  0.766989  1.006821
   997.900024  0.237896  0.527980  0.649612  0.771243  1.014259
  1001.369995  0.239122  0.530672  0.652881  0.775090  1.021586
  1004.830017  0.242780  0.533474  0.656281  0.779087  1.025944
  1008.299988  0.244935  0.536383  0.659766  0.783149  1.029009
  1011.770020  0.248045  0.539455  0.663395  0.787336  1.036440
  1015.239990  0.248722  0.542265  0.666747  0.791229  1.040909
  1018.710022  0.248382  0.544999  0.670052  0.795105  1.046247
  1022.179993  0.250786  0.547900  0.673540  0.799181  1.052572
  1025.650024  0.253456  0.550777  0.677029  0.803280  1.056657
  1029.119995  0.253007  0.553595  0.680410  0.807226  1.061826
  1032.589966  0.254685  0.556450  0.683798  0.811147  1.064269
  1036.060059  0.256013  0.559090  0.686961  0.814832  1.071208
  1039.530029  0.258466  0.561754  0.690243  0.818733  1.077784
  1043.000000  0.258562  0.564591  0.693609  0.822627  1.080613
  1046.479980  0.260188  0.567401  0.696932  0.826463  1.084922
  1049.949951  0.262546  0.569963  0.700048  0.830134  1.092315
  1053.430054  0.265850  0.572515  0.703130  0.833744  1.095484
  1056.900024  0.266239  0.575148  0.706274  0.837399  1.100346
  1060.380005  0.268506  0.577720  0.709374  0.841029  1.105032
  1063.849976  0.269612  0.580237  0.712448  0.844660  1.108116
  1067.329956  0.270432  0.582752  0.715488  0.848223  1.113297
  1070.810059  0.271801  0.585216  0.718448  0.851681  1.118069
  1074.290039  0.272731  0.587698  0.721456  0.855215  1.123046
  1077.760010  0.273592  0.590033  0.724322  0.858611  1.126985
  1081.239990  0.276026  0.592342  0.727125  0.861907  1.130738
  1084.719971  0.276356  0.594636  0.729907  0.865178  1.134020
  1088.199951  0.275876  0.596751  0.732480  0.868209  1.138507
  1091.680054  0.276724  0.598772  0.734952  0.871131  1.143393
  1095.170044  0.277889  0.600795  0.737431  0.874067  1.147721
  1098.650024  0.280493  0.602773  0.739817  0.876862  1.151417
  1102.130005  0.281434  0.604468  0.741920  0.879372  1.154240
  1105.609985  0.282339  0.606069  0.743877  0.881686  1.156670
  1109.099976  0.282198  0.607556  0.745692  0.883828  1.157340
  1112.579956  0.283879  0.609037  0.747491  0.885945  1.158639
  1116.069946  0.285035  0.610413  0.749232  0.888051  1.159761
  1119.550049  0.284814  0.611725  0.750854  0.889984  1.158340
  1123.040039  0.285824  0.612786  0.752135  0.891483  1.155034
  1126.520020  0.284962  0.613498  0.752928  0.892358  1.150675
  1130.010010  0.284270  0.613650  0.753095  0.892540  1.138044
  1133.500000  0.286814  0.613395  0.752681  0.891967  1.120429
  1136.989990  0.285426  0.612431  0.751685  0.890938  1.109647
  1140.469971  0.283993  0.611748  0.750967  0.890186  1.110768
  1143.959961  0.285571  0.611551  0.750937  0.890323  1.113458
  1147.449951  0.286164  0.612151  0.751731  0.891310  1.114388
  1150.939941  0.287000  0.613369  0.753159  0.892948  1.117246
  1154.430054  0.284988  0.614703  0.754607  0.894512  1.114065
  1157.930054  0.286854  0.615251  0.755350  0.895448  1.134168
  1161.420044  0.285431  0.615279  0.755414  0.895549  1.151052
  1164.910034  0.285122  0.614702  0.754828  0.894954  1.157099
  1168.400024  0.285322  0.614108  0.754168  0.894229  1.158507
  1171.900024  0.287445  0.613422  0.753357  0.893292  1.156865
  1175.390015  0.286903  0.612749  0.752581  0.892414  1.158716
  1178.890015  0.286170  0.612197  0.751940  0.891684  1.155714
  1182.380005  0.285367  0.611750  0.751441  0.891132  1.155047
  1185.880005  0.285646  0.611587  0.751220  0.890852  1.154571
  1189.369995  0.284838  0.611830  0.751599  0.891368  1.152930
  1192.869995  0.286471  0.612614  0.752559  0.892505  1.150462
  1196.369995  0.286349  0.613721  0.753942  0.894163  1.149880
  1199.869995  0.286964  0.614873  0.755393  0.895912  1.151203
  1203.369995  0.288274  0.616179  0.757054  0.897930  1.149646
  1206.869995  0.288722  0.617683  0.758898  0.900113  1.151695
  1210.369995  0.288937  0.619365  0.760992  0.902620  1.154483
  1213.869995  0.291522  0.621416  0.763493  0.905571  1.159763
  1217.369995  0.291709  0.623697  0.766337  0.908977  1.167712
  1220.869995  0.293734  0.626021  0.769241  0.912461  1.178875
  1224.369995  0.295290  0.628451  0.772321  0.916190  1.187922
  1227.869995  0.295247  0.630900  0.775322  0.919743  1.196252
  1231.380005  0.298599  0.633304  0.778350  0.923396  1.200850
  1234.880005  0.298440  0.635617  0.781155  0.926694  1.209572
  1238.390015  0.301727  0.637772  0.783793  0.929813  1.215384
  1241.890015  0.300809  0.639678  0.786132  0.932585  1.222674
  1245.400024  0.304369  0.641387  0.788287  0.935187  1.227104
  1248.900024  0.303712  0.642991  0.790330  0.937669  1.234073
  1252.410034  0.306389  0.644662  0.792374  0.940086  1.235473
  1255.920044  0.304932  0.646044  0.794102  0.942160  1.242470
  1259.420044  0.306938  0.647385  0.795752  0.944119  1.243197
  1262.930054  0.307779  0.648542  0.797270  0.945997  1.249670
  1266.439941  0.309185  0.649974  0.798920  0.947865  1.248436
  1269.949951  0.308592  0.650983  0.800328  0.949672  1.252705
  1273.459961  0.310604  0.652317  0.801911  0.951505  1.254304
  1276.969971  0.310509  0.653377  0.803383  0.953389  1.256249
  1280.479980  0.312502  0.654733  0.805039  0.955346  1.259605
  1283.989990  0.314432  0.655801  0.806480  0.957159  1.261238
  1287.510010  0.313623  0.657185  0.808122  0.959059  1.262796
  1291.020020  0.312138  0.658047  0.809426  0.960804  1.267110
  1294.530029  0.312828  0.659163  0.810689  0.962215  1.271410
  1298.050049  0.315517  0.659876  0.811794  0.963712  1.268237
  1301.560059  0.314996  0.660871  0.812925  0.964979  1.269886
  1305.079956  0.317599  0.661485  0.813824  0.966162  1.273382
  1308.589966  0.313532  0.662148  0.814629  0.967110  1.278310
  1312.109985  0.316482  0.662382  0.815129  0.967876  1.276349
  1315.619995  0.312746  0.662432  0.815249  0.968066  1.273941
  1319.140015  0.317274  0.661929  0.814856  0.967783  1.276348
  1322.660034  0.316039  0.661798  0.814558  0.967318  1.274840
  1326.180054  0.315379  0.660685  0.813491  0.966296  1.272730
  1329.699951  0.313130  0.659434  0.811984  0.964534  1.272137
  1333.219971  0.315743  0.657124  0.809452  0.961779  1.266649
  1336.739990  0.312743  0.654741  0.806638  0.958535  1.263340
  1340.260010  0.309933  0.651742  0.803173  0.954605  1.256594
  1343.780029  0.307414  0.648608  0.799463  0.950319  1.249307
  1347.300049  0.308181  0.644901  0.795093  0.945285  1.245053
  1350.819946  0.302934  0.641132  0.790603  0.940073  1.238776
  1354.349976  0.304500  0.637469  0.786233  0.934997  1.236581
  1357.869995  0.303403  0.634038  0.782142  0.930246  1.227509
  1361.390015  0.302858  0.630782  0.778287  0.925791  1.220701
  1364.920044  0.296497  0.627633  0.774592  0.921551  1.214141
  1368.439941  0.293737  0.624465  0.770976  0.917487  1.207102
  1371.969971  0.293925  0.621649  0.767762  0.913876  1.198587
  1375.500000  0.292535  0.619434  0.765239  0.911045  1.195517
  1379.020020  0.293313  0.617630  0.762920  0.908211  1.191117
  1382.550049  0.290161  0.615412  0.760220  0.905028  1.183952
  1386.079956  0.288053  0.612376  0.756897  0.901419  1.175812
  1389.609985  0.285645  0.608813  0.752707  0.896602  1.170705
  1393.140015  0.284684  0.604852  0.747846  0.890840  1.160454
  1396.670044  0.282342  0.599731  0.741708  0.883686  1.153160
  1400.199951  0.279580  0.593897  0.734758  0.875620  1.138120
  1403.729980  0.273043  0.586962  0.726433  0.865904  1.129819
  1407.260010  0.270685  0.578756  0.716608  0.854459  1.113933
  1410.790039  0.264059  0.569625  0.705704  0.841782  1.095771
  1414.319946  0.263025  0.559602  0.693830  0.828058  1.075703
  1417.859985  0.254310  0.549307  0.681402  0.813498  1.061218
  1421.390015  0.249385  0.538912  0.668783  0.798654  1.044232
  1424.920044  0.241482  0.528346  0.656166  0.783985  1.026857
  1428.459961  0.239789  0.518868  0.644728  0.770588  1.009859
  1431.989990  0.231355  0.509956  0.633948  0.757939  0.996187
  1435.530029  0.229697  0.502512  0.624966  0.747419  0.980770
  1439.069946  0.225118  0.496177  0.617357  0.738536  0.971627
  1442.599976  0.223266  0.491135  0.611313  0.731490  0.965465
  1446.140015  0.217801  0.487037  0.606477  0.725916  0.959093
  1449.680054  0.218418  0.483796  0.602583  0.721370  0.955311
  1453.219971  0.215926  0.481194  0.599521  0.717848  0.949349
  1456.760010  0.217589  0.479473  0.597461  0.715449  0.947901
  1460.300049  0.216797  0.477686  0.595507  0.713328  0.949949
  1463.839966  0.217415  0.476836  0.594522  0.712208  0.948374
  1467.380005  0.213711  0.476130  0.593779  0.711429  0.948057
  1470.920044  0.216908  0.475936  0.593574  0.711212  0.949712
  1474.459961  0.214806  0.475677  0.593547  0.711418  0.952570
  1478.010010  0.215185  0.476004  0.593967  0.711930  0.953216
  1481.550049  0.215022  0.476256  0.594510  0.712764  0.953500
  1485.089966  0.214227  0.476701  0.595089  0.713476  0.953809
  1488.640015  0.215067  0.476903  0.595542  0.714181  0.952063
  1492.180054  0.214873  0.477650  0.596479  0.715309  0.955578
  1495.729980  0.217886  0.478087  0.597315  0.716543  0.959670
  1499.270020  0.216143  0.479065  0.598520  0.717975  0.964672
  1502.819946  0.220651  0.479881  0.599676  0.719471  0.968498
  1506.369995  0.220720  0.480758  0.600871  0.720984  0.970013
  1509.910034  0.221741  0.481681  0.602162  0.722643  0.972754
  1513.459961  0.219623  0.482748  0.603509  0.724271  0.974446
  1517.010010  0.222444  0.483372  0.604582  0.725791  0.979429
  1520.560059  0.219757  0.484182  0.605651  0.727120  0.981531
  1524.109985  0.223768  0.484643  0.606400  0.728157  0.981871
  1527.660034  0.218033  0.485056  0.607026  0.728996  0.986794
  1531.209961  0.220741  0.485096  0.607282  0.729468  0.983819
  1534.760010  0.222118  0.485286  0.607609  0.729933  0.985012
  1538.319946  0.221760  0.485051  0.607422  0.729793  0.984353
  1541.869995  0.219218  0.484786  0.607220  0.729655  0.991169
  1545.420044  0.221059  0.484201  0.606632  0.729062  0.988747
  1548.979980  0.221842  0.483542  0.605962  0.728381  0.989054
  1552.530029  0.220155  0.482774  0.605112  0.727451  0.987118
  1556.089966  0.219278  0.481808  0.604173  0.726538  0.987102
  1559.640015  0.219799  0.480778  0.603060  0.725342  0.986321
  1563.199951  0.218455  0.479898  0.602168  0.724437  0.987159
  1566.750000  0.216648  0.479015  0.601192  0.723370  0.987194
  1570.310059  0.217743  0.478003  0.600170  0.722336  0.984970
  1573.869995  0.218334  0.477359  0.599494  0.721628  0.981130
  1577.430054  0.217545  0.476795  0.598898  0.721002  0.978238
  1580.989990  0.215654  0.476111  0.598218  0.720325  0.979620
  1584.550049  0.216304  0.475658  0.597796  0.719935  0.977123
  1588.109985  0.214679  0.475151  0.597333  0.719515  0.976070
  1591.670044  0.219556  0.475208  0.597417  0.719626  0.974918
  1595.229980  0.216113  0.474628  0.596855  0.719082  0.974893
  1598.790039  0.216102  0.474387  0.596701  0.719015  0.972851
  1602.349976  0.215352  0.474144  0.596387  0.718630  0.973593
  1605.920044  0.214601  0.473670  0.596002  0.718333  0.967163
  1609.479980  0.217155  0.473170  0.595415  0.717661  0.969144
  1613.040039  0.217322  0.472220  0.594426  0.716633  0.956546
  1616.609985  0.215638  0.471086  0.593052  0.715018  0.949703
  1620.170044  0.215007  0.469868  0.591582  0.713296  0.938097
  1623.739990  0.211275  0.467679  0.589159  0.710639  0.915727
  1627.310059  0.212316  0.465874  0.586939  0.708003  0.912913
  1630.869995  0.208850  0.463538  0.584475  0.705412  0.912902
  1634.439941  0.212099  0.461981  0.582770  0.703559  0.913061
  1638.010010  0.208936  0.460463  0.581416  0.702368  0.910872
  1641.579956  0.209685  0.459972  0.580950  0.701928  0.914838
  1645.150024  0.210888  0.459517  0.580582  0.701647  0.910590
  1648.709961  0.209985  0.459373  0.580459  0.701546  0.914294
  1652.290039  0.207290  0.459077  0.580061  0.701045  0.914939
  1655.859985  0.208952  0.456883  0.577727  0.698572  0.908518
  1659.430054  0.204087  0.452127  0.573120  0.694112  0.907097
  1663.000000  0.193039  0.444663  0.566690  0.688717  0.903077
  1666.569946  0.180652  0.435059  0.559376  0.683692  0.898329
  1670.140015  0.173239  0.424242  0.551931  0.679620  0.890496
  1673.719971  0.165997  0.414520  0.545387  0.676254  0.886507
  1677.290039  0.161656  0.407538  0.540316  0.673094  0.878702
  1680.869995  0.160528  0.403860  0.536849  0.669838  0.871016
  1684.439941  0.159987  0.402441  0.534038  0.665636  0.866861
  1688.020020  0.160321  0.401711  0.530878  0.660045  0.865523
  1691.589966  0.167848  0.400834  0.526954  0.653075  0.848736
  1695.170044  0.169399  0.401012  0.523584  0.646157  0.844172
  1698.750000  0.174273  0.401778  0.519843  0.637908  0.820709
  1702.329956  0.173903  0.403498  0.517284  0.631069  0.825988
  1705.910034  0.196293  0.403943  0.513793  0.623644  0.809489
  1709.489990  0.196810  0.403099  0.509820  0.616541  0.807961
  1713.069946  0.190879  0.400169  0.503730  0.607290  0.777776
  1716.650024  0.200369  0.397560  0.497752  0.597943  0.756066
  1720.229980  0.186404  0.393398  0.490506  0.587614  0.749689
