ENVI ASCII Plot File [Sun Apr 06 16:59:22 2025]
Column 1: Wavelength
Column 2: Min: ROI #62~~2##255,0,0
Column 3: Mean-StdDev: ROI #62~~21##0,200,0
Column 4: Mean: ROI #62~~0##0,0,0
Column 5: Mean+StdDev: ROI #62~~21##0,200,0
Column 6: Max: ROI #62~~2##255,0,0
   935.609985  0.245151  0.460458  0.538262  0.616067  0.747203
   939.059998  0.249576  0.462908  0.540983  0.619058  0.752623
   942.520020  0.249267  0.480112  0.569364  0.658615  0.827407
   945.979980  0.246613  0.493033  0.591437  0.689841  0.880588
   949.429993  0.241097  0.500881  0.606334  0.711786  0.924188
   952.890015  0.240464  0.508394  0.616773  0.725152  0.938944
   956.349976  0.245541  0.513495  0.624118  0.734741  0.955889
   959.809998  0.244547  0.517462  0.628932  0.740403  0.958784
   963.270020  0.242279  0.520837  0.633357  0.745877  0.967925
   966.729980  0.247249  0.523993  0.637138  0.750283  0.974387
   970.190002  0.247332  0.527193  0.641141  0.755089  0.981492
   973.650024  0.249698  0.529769  0.644279  0.758788  0.983647
   977.109985  0.250429  0.532486  0.647652  0.762817  0.990416
   980.580017  0.253693  0.535331  0.650978  0.766625  0.996335
   984.039978  0.253300  0.538064  0.654362  0.770659  0.999475
   987.510010  0.256403  0.540640  0.657358  0.774077  1.003294
   990.969971  0.260141  0.543427  0.660762  0.778098  1.009147
   994.429993  0.258815  0.546035  0.663928  0.781821  1.015296
   997.900024  0.258808  0.549054  0.667440  0.785826  1.019474
  1001.369995  0.260740  0.551567  0.670519  0.789471  1.025808
  1004.830017  0.264060  0.554343  0.673781  0.793219  1.031375
  1008.299988  0.263588  0.557017  0.677016  0.797016  1.033075
  1011.770020  0.264468  0.559940  0.680481  0.801023  1.036699
  1015.239990  0.265313  0.562562  0.683690  0.804817  1.043716
  1018.710022  0.268658  0.565160  0.686745  0.808329  1.047267
  1022.179993  0.268855  0.567778  0.689932  0.812087  1.052784
  1025.650024  0.271883  0.570536  0.693238  0.815940  1.058525
  1029.119995  0.273799  0.573104  0.696388  0.819673  1.064218
  1032.589966  0.277386  0.575829  0.699589  0.823349  1.068729
  1036.060059  0.275951  0.578301  0.702588  0.826876  1.076580
  1039.530029  0.279479  0.580897  0.705662  0.830427  1.078608
  1043.000000  0.281402  0.583439  0.708727  0.834016  1.081290
  1046.479980  0.282605  0.586121  0.711822  0.837523  1.085348
  1049.949951  0.282144  0.588534  0.714779  0.841025  1.091684
  1053.430054  0.283448  0.590911  0.717602  0.844292  1.096907
  1056.900024  0.286027  0.593369  0.720549  0.847728  1.102125
  1060.380005  0.287379  0.595825  0.723444  0.851064  1.105864
  1063.849976  0.288151  0.598130  0.726277  0.854424  1.111026
  1067.329956  0.289012  0.600404  0.729081  0.857757  1.115927
  1070.810059  0.292212  0.602741  0.731851  0.860962  1.120291
  1074.290039  0.295588  0.605018  0.734603  0.864187  1.123809
  1077.760010  0.295544  0.607230  0.737257  0.867285  1.127285
  1081.239990  0.295730  0.609496  0.739959  0.870423  1.133056
  1084.719971  0.296892  0.611620  0.742527  0.873434  1.136168
  1088.199951  0.297968  0.613528  0.744872  0.876215  1.139340
  1091.680054  0.300343  0.615428  0.747146  0.878864  1.145036
  1095.170044  0.300595  0.617275  0.749402  0.881529  1.147501
  1098.650024  0.301072  0.619001  0.751504  0.884006  1.149016
  1102.130005  0.301593  0.620572  0.753449  0.886325  1.152725
  1105.609985  0.300534  0.622009  0.755215  0.888420  1.153338
  1109.099976  0.301480  0.623279  0.756782  0.890285  1.153724
  1112.579956  0.304235  0.624559  0.758348  0.892136  1.154416
  1116.069946  0.306655  0.625780  0.759832  0.893883  1.154643
  1119.550049  0.305789  0.626853  0.761161  0.895469  1.153351
  1123.040039  0.307285  0.627690  0.762166  0.896642  1.150226
  1126.520020  0.307418  0.628144  0.762741  0.897337  1.141258
  1130.010010  0.308200  0.628115  0.762719  0.897323  1.126085
  1133.500000  0.305911  0.627556  0.762108  0.896660  1.106390
  1136.989990  0.305150  0.626494  0.760973  0.895452  1.084211
  1140.469971  0.304515  0.625626  0.760178  0.894729  1.083090
  1143.959961  0.303772  0.625284  0.759973  0.894661  1.087263
  1147.449951  0.303893  0.625837  0.760767  0.895698  1.087082
  1150.939941  0.304115  0.627106  0.762181  0.897256  1.086234
  1154.430054  0.304499  0.628416  0.763609  0.898803  1.100102
  1157.930054  0.306713  0.629140  0.764391  0.899642  1.120113
  1161.420044  0.307556  0.629396  0.764685  0.899973  1.135276
  1164.910034  0.306487  0.628943  0.764221  0.899498  1.143304
  1168.400024  0.305246  0.628466  0.763654  0.898842  1.148203
  1171.900024  0.306486  0.627969  0.763023  0.898076  1.149887
  1175.390015  0.305305  0.627465  0.762430  0.897395  1.152217
  1178.890015  0.304909  0.626958  0.761832  0.896706  1.148394
  1182.380005  0.306580  0.626579  0.761409  0.896240  1.147086
  1185.880005  0.305097  0.626335  0.761191  0.896047  1.146985
  1189.369995  0.303707  0.626653  0.761599  0.896545  1.142933
  1192.869995  0.303925  0.627329  0.762471  0.897612  1.141503
  1196.369995  0.305806  0.628463  0.763812  0.899162  1.138240
  1199.869995  0.306300  0.629463  0.765132  0.900801  1.137875
  1203.369995  0.308597  0.630750  0.766697  0.902644  1.135969
  1206.869995  0.306804  0.631954  0.768280  0.904605  1.138018
  1210.369995  0.309605  0.633575  0.770248  0.906922  1.141855
  1213.869995  0.307985  0.635387  0.772551  0.909715  1.147591
  1217.369995  0.312473  0.637635  0.775191  0.912748  1.155268
  1220.869995  0.311945  0.639683  0.777881  0.916078  1.166241
  1224.369995  0.314581  0.642007  0.780608  0.919210  1.174136
  1227.869995  0.313793  0.644158  0.783267  0.922376  1.185342
  1231.380005  0.318053  0.646451  0.786033  0.925614  1.193941
  1234.880005  0.318378  0.648401  0.788483  0.928564  1.196044
  1238.390015  0.318460  0.650393  0.790804  0.931215  1.203008
  1241.890015  0.318014  0.652123  0.793016  0.933909  1.209988
  1245.400024  0.320411  0.653718  0.794913  0.936107  1.214657
  1248.900024  0.319382  0.655204  0.796846  0.938489  1.218332
  1252.410034  0.322504  0.656741  0.798654  0.940567  1.221409
  1255.920044  0.322649  0.657966  0.800214  0.942462  1.227241
  1259.420044  0.323654  0.659071  0.801592  0.944112  1.228447
  1262.930054  0.325392  0.660123  0.803047  0.945971  1.234873
  1266.439941  0.324056  0.661326  0.804388  0.947450  1.236570
  1269.949951  0.327686  0.662303  0.805696  0.949089  1.236337
  1273.459961  0.326678  0.663360  0.806995  0.950629  1.239650
  1276.969971  0.326878  0.664464  0.808421  0.952379  1.243337
  1280.479980  0.327857  0.665553  0.809815  0.954076  1.244420
  1283.989990  0.330107  0.666480  0.811083  0.955686  1.250174
  1287.510010  0.329209  0.667629  0.812461  0.957294  1.253548
  1291.020020  0.329636  0.668447  0.813601  0.958755  1.252639
  1294.530029  0.328560  0.669299  0.814750  0.960201  1.253794
  1298.050049  0.330664  0.670024  0.815704  0.961384  1.255641
  1301.560059  0.326604  0.670753  0.816658  0.962563  1.260158
  1305.079956  0.332062  0.671383  0.817423  0.963463  1.258546
  1308.589966  0.330596  0.671745  0.818017  0.964290  1.260513
  1312.109985  0.331869  0.672081  0.818450  0.964818  1.262161
  1315.619995  0.331088  0.671964  0.818496  0.965028  1.262203
  1319.140015  0.331726  0.671565  0.818030  0.964495  1.258167
  1322.660034  0.330527  0.671268  0.817619  0.963970  1.259743
  1326.180054  0.330230  0.670370  0.816619  0.962868  1.251081
  1329.699951  0.325861  0.669045  0.815160  0.961275  1.253880
  1333.219971  0.327615  0.666940  0.812773  0.958606  1.247047
  1336.739990  0.326396  0.664548  0.810019  0.955489  1.243305
  1340.260010  0.321818  0.661751  0.806697  0.951643  1.235160
  1343.780029  0.322147  0.658903  0.803296  0.947689  1.229904
  1347.300049  0.319648  0.655323  0.799070  0.942817  1.221063
  1350.819946  0.318244  0.651796  0.794899  0.938003  1.217722
  1354.349976  0.313890  0.648341  0.790766  0.933191  1.211742
  1357.869995  0.312200  0.645105  0.786896  0.928686  1.204920
  1361.390015  0.310860  0.641984  0.783175  0.924367  1.202328
  1364.920044  0.308291  0.639097  0.779824  0.920552  1.193195
  1368.439941  0.305945  0.636102  0.776400  0.916699  1.187437
  1371.969971  0.305328  0.633720  0.773680  0.913641  1.176861
  1375.500000  0.301953  0.631534  0.771285  0.911035  1.170220
  1379.020020  0.301060  0.629824  0.769108  0.908391  1.163669
  1382.550049  0.299267  0.627534  0.766409  0.905284  1.159091
  1386.079956  0.296884  0.624980  0.763473  0.901967  1.152653
  1389.609985  0.295527  0.621620  0.759643  0.897666  1.142089
  1393.140015  0.293990  0.618030  0.755150  0.892271  1.135149
  1396.670044  0.288931  0.612988  0.749295  0.885602  1.125918
  1400.199951  0.288446  0.607778  0.742911  0.878044  1.113306
  1403.729980  0.284012  0.601203  0.735171  0.869138  1.102727
  1407.260010  0.276112  0.593744  0.726128  0.858513  1.086022
  1410.790039  0.275554  0.585286  0.716151  0.847017  1.066232
  1414.319946  0.265743  0.576080  0.705080  0.834080  1.050356
  1417.859985  0.263013  0.566289  0.693503  0.820717  1.034970
  1421.390015  0.254474  0.556701  0.681819  0.806937  1.017808
  1424.920044  0.254882  0.546920  0.670150  0.793380  1.003599
  1428.459961  0.246245  0.538032  0.659326  0.780620  0.987190
  1431.989990  0.243272  0.529823  0.649550  0.769276  0.972738
  1435.530029  0.237282  0.523051  0.641213  0.759375  0.961674
  1439.069946  0.235771  0.517163  0.634298  0.751432  0.950025
  1442.599976  0.230883  0.512421  0.628645  0.744869  0.941588
  1446.140015  0.232637  0.508821  0.624349  0.739877  0.937622
  1449.680054  0.229868  0.505868  0.620814  0.735760  0.933829
  1453.219971  0.229237  0.503681  0.618273  0.732866  0.930955
  1456.760010  0.227110  0.502104  0.616410  0.730716  0.930799
  1460.300049  0.226803  0.500658  0.614833  0.729007  0.929363
  1463.839966  0.225273  0.499908  0.613960  0.728013  0.929815
  1467.380005  0.224842  0.499410  0.613415  0.727420  0.929778
  1470.920044  0.226323  0.499410  0.613475  0.727539  0.931637
  1474.459961  0.226163  0.499162  0.613391  0.727620  0.930623
  1478.010010  0.226035  0.499559  0.613967  0.728376  0.934257
  1481.550049  0.225183  0.499902  0.614514  0.729125  0.932608
  1485.089966  0.222322  0.500395  0.615210  0.730024  0.934767
  1488.640015  0.225645  0.500710  0.615668  0.730625  0.939561
  1492.180054  0.225681  0.501335  0.616589  0.731844  0.940378
  1495.729980  0.225497  0.501891  0.617380  0.732869  0.940569
  1499.270020  0.228216  0.502797  0.618542  0.734288  0.945452
  1502.819946  0.225446  0.503673  0.619689  0.735705  0.949395
  1506.369995  0.228106  0.504513  0.620878  0.737242  0.952343
  1509.910034  0.227982  0.505336  0.621991  0.738646  0.953847
  1513.459961  0.229410  0.506323  0.623354  0.740385  0.959236
  1517.010010  0.228333  0.507117  0.624274  0.741431  0.960110
  1520.560059  0.227739  0.507655  0.625175  0.742695  0.959028
  1524.109985  0.226446  0.508088  0.625793  0.743499  0.961616
  1527.660034  0.229461  0.508528  0.626466  0.744404  0.962547
  1531.209961  0.225177  0.508386  0.626489  0.744592  0.965041
  1534.760010  0.226504  0.508816  0.626977  0.745137  0.967263
  1538.319946  0.227624  0.508393  0.626639  0.744884  0.968937
  1541.869995  0.226679  0.508144  0.626437  0.744730  0.968449
  1545.420044  0.226827  0.507520  0.625797  0.744074  0.967204
  1548.979980  0.225553  0.506899  0.625141  0.743383  0.967970
  1552.530029  0.225396  0.506012  0.624186  0.742360  0.968465
  1556.089966  0.225792  0.505288  0.623362  0.741437  0.963405
  1559.640015  0.224563  0.504065  0.622088  0.740110  0.965164
  1563.199951  0.221884  0.503254  0.621195  0.739135  0.963090
  1566.750000  0.222357  0.502160  0.620054  0.737947  0.962278
  1570.310059  0.220636  0.501340  0.619090  0.736839  0.959549
  1573.869995  0.222160  0.500518  0.618273  0.736029  0.959142
  1577.430054  0.219131  0.500023  0.617686  0.735349  0.960370
  1580.989990  0.216013  0.499154  0.616877  0.734600  0.957393
  1584.550049  0.220265  0.498833  0.616434  0.734035  0.951499
  1588.109985  0.218609  0.498071  0.615735  0.733400  0.951876
  1591.670044  0.218838  0.498143  0.615666  0.733189  0.955189
  1595.229980  0.219612  0.497214  0.614911  0.732607  0.953659
  1598.790039  0.215371  0.497044  0.614639  0.732233  0.952028
  1602.349976  0.214878  0.496475  0.614132  0.731788  0.945199
  1605.920044  0.212881  0.495876  0.613566  0.731257  0.942571
  1609.479980  0.214279  0.495194  0.612855  0.730515  0.936128
  1613.040039  0.214075  0.494184  0.611674  0.729164  0.933839
  1616.609985  0.211171  0.492905  0.610217  0.727529  0.920448
  1620.170044  0.209921  0.491381  0.608307  0.725232  0.907816
  1623.739990  0.207542  0.489167  0.605831  0.722495  0.883026
  1627.310059  0.207135  0.487054  0.603317  0.719580  0.868641
  1630.869995  0.203509  0.484546  0.600661  0.716776  0.868037
  1634.439941  0.202128  0.482644  0.598640  0.714636  0.867979
  1638.010010  0.202036  0.480959  0.597048  0.713137  0.867225
  1641.579956  0.198545  0.480075  0.596129  0.712183  0.864351
  1645.150024  0.200561  0.479493  0.595572  0.711651  0.862355
  1648.709961  0.198893  0.479171  0.595282  0.711394  0.863413
  1652.290039  0.199421  0.478906  0.594796  0.710686  0.862885
  1655.859985  0.197586  0.476721  0.592511  0.708301  0.857595
  1659.430054  0.195397  0.472075  0.588062  0.704048  0.859529
  1663.000000  0.188672  0.464488  0.581775  0.699061  0.853413
  1666.569946  0.187979  0.454981  0.574735  0.694489  0.850622
  1670.140015  0.182783  0.444133  0.567556  0.690979  0.844005
  1673.719971  0.181107  0.434348  0.561224  0.688101  0.841528
  1677.290039  0.180351  0.427149  0.556364  0.685580  0.830536
  1680.869995  0.177431  0.423484  0.553048  0.682611  0.829064
  1684.439941  0.178038  0.421909  0.550296  0.678682  0.822492
  1688.020020  0.174061  0.421487  0.547339  0.673192  0.817778
  1691.589966  0.173673  0.420727  0.543692  0.666657  0.807465
  1695.170044  0.171541  0.420919  0.540224  0.659530  0.805865
  1698.750000  0.181012  0.421683  0.536829  0.651974  0.792521
  1702.329956  0.181700  0.423618  0.534070  0.644521  0.782192
  1705.910034  0.189019  0.424261  0.531008  0.637755  0.772503
  1709.489990  0.173720  0.423263  0.526553  0.629843  0.764861
  1713.069946  0.175379  0.420443  0.521090  0.621738  0.749811
  1716.650024  0.176887  0.416968  0.514103  0.611238  0.746891
  1720.229980  0.173048  0.411997  0.506628  0.601258  0.746979
