ENVI ASCII Plot File [Sun Apr 06 16:38:08 2025]
Column 1: Wavelength
Column 2: Min: ROI #43~~2##255,0,0
Column 3: Mean-StdDev: ROI #43~~21##0,200,0
Column 4: Mean: ROI #43~~0##0,0,0
Column 5: Mean+StdDev: ROI #43~~21##0,200,0
Column 6: Max: ROI #43~~2##255,0,0
   935.609985  0.197971  0.442240  0.518130  0.594019  0.696116
   939.059998  0.203678  0.445067  0.521109  0.597150  0.697803
   942.520020  0.215691  0.464123  0.550355  0.636588  0.747393
   945.979980  0.207891  0.477782  0.573108  0.668434  0.797162
   949.429993  0.194807  0.487026  0.588623  0.690219  0.826968
   952.890015  0.193427  0.494755  0.599882  0.705010  0.845753
   956.349976  0.195001  0.500815  0.607831  0.714847  0.851875
   959.809998  0.197454  0.505350  0.613476  0.721603  0.862752
   963.270020  0.196249  0.509496  0.618563  0.727631  0.866499
   966.729980  0.198809  0.513048  0.623020  0.732992  0.873332
   970.190002  0.199377  0.516873  0.627660  0.738447  0.877355
   973.650024  0.201578  0.520211  0.631602  0.742994  0.885574
   977.109985  0.203981  0.523554  0.635669  0.747785  0.888788
   980.580017  0.205925  0.527088  0.639775  0.752462  0.896977
   984.039978  0.207412  0.530565  0.643914  0.757263  0.901276
   987.510010  0.209146  0.533726  0.647706  0.761686  0.905958
   990.969971  0.212339  0.537071  0.651694  0.766316  0.910400
   994.429993  0.212144  0.540465  0.655688  0.770912  0.916119
   997.900024  0.214077  0.544040  0.659839  0.775637  0.922020
  1001.369995  0.215989  0.547217  0.663662  0.780108  0.926490
  1004.830017  0.217277  0.550642  0.667654  0.784666  0.933113
  1008.299988  0.220378  0.553982  0.671637  0.789293  0.938424
  1011.770020  0.222168  0.557602  0.675834  0.794066  0.942601
  1015.239990  0.224145  0.560900  0.679747  0.798593  0.946878
  1018.710022  0.227751  0.564147  0.683577  0.803006  0.952238
  1022.179993  0.230879  0.567547  0.687577  0.807607  0.957214
  1025.650024  0.232537  0.570977  0.691607  0.812237  0.963117
  1029.119995  0.230785  0.574249  0.695521  0.816792  0.970043
  1032.589966  0.234234  0.577634  0.699471  0.821307  0.973737
  1036.060059  0.237829  0.580810  0.703203  0.825596  0.979276
  1039.530029  0.239545  0.583980  0.706988  0.829996  0.982977
  1043.000000  0.240217  0.587238  0.710830  0.834422  0.989501
  1046.479980  0.243471  0.590579  0.714711  0.838843  0.996088
  1049.949951  0.246081  0.593657  0.718354  0.843051  1.002157
  1053.430054  0.247273  0.596686  0.721897  0.847109  1.005054
  1056.900024  0.249337  0.599772  0.725535  0.851299  1.009317
  1060.380005  0.251264  0.602809  0.729103  0.855397  1.015287
  1063.849976  0.253383  0.605826  0.732674  0.859522  1.020252
  1067.329956  0.255533  0.608795  0.736203  0.863611  1.024967
  1070.810059  0.257203  0.611681  0.739566  0.867451  1.029693
  1074.290039  0.259491  0.614634  0.743013  0.871391  1.034233
  1077.760010  0.261030  0.617434  0.746343  0.875251  1.039831
  1081.239990  0.262761  0.620199  0.749597  0.878994  1.043395
  1084.719971  0.264814  0.622942  0.752824  0.882706  1.046869
  1088.199951  0.265979  0.625440  0.755829  0.886217  1.051895
  1091.680054  0.266627  0.627856  0.758700  0.889544  1.055220
  1095.170044  0.267936  0.630303  0.761614  0.892924  1.058461
  1098.650024  0.270224  0.632734  0.764481  0.896228  1.061967
  1102.130005  0.271914  0.634882  0.767047  0.899212  1.065197
  1105.609985  0.273181  0.636846  0.769382  0.901917  1.067418
  1109.099976  0.274770  0.638686  0.771533  0.904379  1.069165
  1112.579956  0.275929  0.640478  0.773676  0.906874  1.071138
  1116.069946  0.279075  0.642189  0.775739  0.909289  1.072866
  1119.550049  0.277312  0.643718  0.777577  0.911437  1.073644
  1123.040039  0.277982  0.644998  0.779144  0.913289  1.072023
  1126.520020  0.279388  0.645974  0.780356  0.914739  1.065707
  1130.010010  0.280414  0.646230  0.780872  0.915515  1.056115
  1133.500000  0.279391  0.645859  0.780708  0.915557  1.039825
  1136.989990  0.279930  0.644842  0.780046  0.915249  1.034142
  1140.469971  0.281618  0.644080  0.779658  0.915235  1.034702
  1143.959961  0.282543  0.643823  0.779770  0.915716  1.036551
  1147.449951  0.281132  0.644596  0.780629  0.916663  1.036966
  1150.939941  0.279913  0.646095  0.782045  0.917994  1.038800
  1154.430054  0.282214  0.647674  0.783372  0.919071  1.038912
  1157.930054  0.281748  0.648451  0.783981  0.919512  1.051774
  1161.420044  0.281784  0.648531  0.783837  0.919142  1.064104
  1164.910034  0.281140  0.648033  0.783197  0.918361  1.070883
  1168.400024  0.281434  0.647517  0.782492  0.917466  1.074217
  1171.900024  0.281698  0.646834  0.781706  0.916578  1.074383
  1175.390015  0.279739  0.646122  0.780858  0.915593  1.075566
  1178.890015  0.279458  0.645443  0.780050  0.914656  1.073504
  1182.380005  0.280506  0.644946  0.779475  0.914004  1.071232
  1185.880005  0.279207  0.644818  0.779332  0.913845  1.072098
  1189.369995  0.280575  0.645175  0.779845  0.914515  1.070054
  1192.869995  0.280997  0.646020  0.780964  0.915909  1.066586
  1196.369995  0.281374  0.647308  0.782507  0.917707  1.066713
  1199.869995  0.282295  0.648627  0.784176  0.919725  1.067164
  1203.369995  0.284204  0.650195  0.786120  0.922044  1.067501
  1206.869995  0.280251  0.651789  0.788095  0.924400  1.067558
  1210.369995  0.286255  0.653769  0.790396  0.927023  1.067102
  1213.869995  0.287701  0.656129  0.793172  0.930216  1.075767
  1217.369995  0.290665  0.658805  0.796280  0.933754  1.083988
  1220.869995  0.290433  0.661524  0.799518  0.937513  1.092335
  1224.369995  0.292676  0.664432  0.802898  0.941364  1.101948
  1227.869995  0.293544  0.667191  0.806197  0.945203  1.111039
  1231.380005  0.295400  0.669966  0.809467  0.948967  1.115404
  1234.880005  0.298504  0.672471  0.812395  0.952319  1.123905
  1238.390015  0.300374  0.674942  0.815276  0.955610  1.125256
  1241.890015  0.300135  0.677231  0.817963  0.958696  1.130485
  1245.400024  0.301810  0.679198  0.820322  0.961446  1.136533
  1248.900024  0.302419  0.681088  0.822572  0.964055  1.140824
  1252.410034  0.305196  0.682772  0.824566  0.966361  1.144106
  1255.920044  0.304896  0.684468  0.826619  0.968769  1.149679
  1259.420044  0.307896  0.686001  0.828424  0.970848  1.151805
  1262.930054  0.307363  0.687322  0.830065  0.972808  1.155808
  1266.439941  0.307996  0.688863  0.831840  0.974817  1.156137
  1269.949951  0.310681  0.690146  0.833441  0.976736  1.159314
  1273.459961  0.312968  0.691656  0.835212  0.978767  1.158666
  1276.969971  0.313976  0.693014  0.836899  0.980783  1.162787
  1280.479980  0.313171  0.694479  0.838676  0.982874  1.167221
  1283.989990  0.312835  0.695890  0.840416  0.984941  1.168449
  1287.510010  0.313582  0.697391  0.842159  0.986927  1.169871
  1291.020020  0.314466  0.698507  0.843689  0.988871  1.172048
  1294.530029  0.316163  0.699887  0.845201  0.990515  1.173076
  1298.050049  0.319183  0.700702  0.846363  0.992025  1.178352
  1301.560059  0.317928  0.701665  0.847451  0.993236  1.179116
  1305.079956  0.318762  0.702420  0.848418  0.994416  1.176819
  1308.589966  0.316621  0.703071  0.849156  0.995241  1.182001
  1312.109985  0.318972  0.703164  0.849402  0.995641  1.180655
  1315.619995  0.316553  0.703344  0.849609  0.995874  1.180899
  1319.140015  0.321070  0.702898  0.849248  0.995598  1.180024
  1322.660034  0.317541  0.702445  0.848650  0.994856  1.180783
  1326.180054  0.318154  0.701064  0.847168  0.993273  1.178074
  1329.699951  0.313411  0.699385  0.845209  0.991032  1.176263
  1333.219971  0.315562  0.696741  0.842240  0.987740  1.168617
  1336.739990  0.313781  0.693783  0.838876  0.983969  1.167890
  1340.260010  0.309434  0.690404  0.835013  0.979622  1.161745
  1343.780029  0.306908  0.686560  0.830522  0.974484  1.153929
  1347.300049  0.305271  0.682176  0.825497  0.968819  1.145845
  1350.819946  0.300679  0.677793  0.820386  0.962979  1.140344
  1354.349976  0.296967  0.673486  0.815343  0.957200  1.135751
  1357.869995  0.296422  0.669283  0.810444  0.951606  1.127883
  1361.390015  0.294735  0.665371  0.805861  0.946351  1.124422
  1364.920044  0.292162  0.661744  0.801719  0.941695  1.117777
  1368.439941  0.288837  0.658254  0.797780  0.937307  1.110347
  1371.969971  0.285691  0.655157  0.794292  0.933426  1.102558
  1375.500000  0.283128  0.652646  0.791500  0.930354  1.096830
  1379.020020  0.282779  0.650351  0.788745  0.927140  1.089917
  1382.550049  0.278990  0.647454  0.785379  0.923304  1.085871
  1386.079956  0.280955  0.644032  0.781494  0.918956  1.081614
  1389.609985  0.275608  0.639349  0.776160  0.912971  1.072703
  1393.140015  0.273460  0.633871  0.769614  0.905358  1.059526
  1396.670044  0.268405  0.627247  0.761887  0.896528  1.050727
  1400.199951  0.264628  0.619825  0.753115  0.886405  1.038323
  1403.729980  0.257929  0.610916  0.742694  0.874472  1.026294
  1407.260010  0.253093  0.600886  0.730924  0.860963  1.006743
  1410.790039  0.242740  0.589840  0.717889  0.845939  0.990373
  1414.319946  0.239003  0.577945  0.704020  0.830095  0.972088
  1417.859985  0.228548  0.565677  0.689473  0.813268  0.957083
  1421.390015  0.222983  0.553558  0.675054  0.796550  0.935520
  1424.920044  0.214614  0.541705  0.661044  0.780383  0.920405
  1428.459961  0.213357  0.530880  0.648152  0.765424  0.902433
  1431.989990  0.205459  0.521018  0.636511  0.752004  0.889673
  1435.530029  0.198912  0.512878  0.626813  0.740749  0.877104
  1439.069946  0.196537  0.505953  0.618616  0.731279  0.867086
  1442.599976  0.195009  0.500262  0.611864  0.723467  0.859659
  1446.140015  0.188763  0.495646  0.606403  0.717160  0.853210
  1449.680054  0.187056  0.491897  0.601988  0.712078  0.846451
  1453.219971  0.185627  0.488878  0.598454  0.708030  0.842264
  1456.760010  0.183394  0.486497  0.595618  0.704738  0.839075
  1460.300049  0.185318  0.484375  0.593197  0.702020  0.837564
  1463.839966  0.180891  0.483177  0.591835  0.700492  0.837377
  1467.380005  0.184539  0.482350  0.590902  0.699454  0.838046
  1470.920044  0.181974  0.482092  0.590632  0.699171  0.838479
  1474.459961  0.184528  0.481893  0.590578  0.699264  0.840722
  1478.010010  0.177795  0.482596  0.591431  0.700266  0.839474
  1481.550049  0.181082  0.483069  0.592136  0.701204  0.840071
  1485.089966  0.180343  0.483901  0.593151  0.702401  0.841272
  1488.640015  0.183260  0.484493  0.593976  0.703459  0.841724
  1492.180054  0.180517  0.485759  0.595490  0.705220  0.843885
  1495.729980  0.182103  0.486807  0.596980  0.707152  0.848236
  1499.270020  0.181014  0.488498  0.599005  0.709511  0.852294
  1502.819946  0.183854  0.489808  0.600621  0.711434  0.854876
  1506.369995  0.181980  0.491247  0.602445  0.713644  0.858389
  1509.910034  0.185433  0.492531  0.604059  0.715586  0.861168
  1513.459961  0.184074  0.493797  0.605618  0.717438  0.864952
  1517.010010  0.183349  0.494763  0.606860  0.718957  0.865045
  1520.560059  0.183686  0.495677  0.608108  0.720539  0.871901
  1524.109985  0.186786  0.496418  0.609126  0.721834  0.871395
  1527.660034  0.185116  0.497034  0.609956  0.722879  0.877452
  1531.209961  0.182217  0.497234  0.610281  0.723329  0.872362
  1534.760010  0.184553  0.497583  0.610750  0.723918  0.879160
  1538.319946  0.183372  0.497596  0.610790  0.723984  0.878808
  1541.869995  0.182791  0.497491  0.610747  0.724003  0.878944
  1545.420044  0.181293  0.497034  0.610273  0.723513  0.877519
  1548.979980  0.183250  0.496406  0.609656  0.722906  0.877113
  1552.530029  0.181800  0.495747  0.608955  0.722163  0.877065
  1556.089966  0.182625  0.495018  0.608167  0.721316  0.875754
  1559.640015  0.179674  0.493993  0.607092  0.720191  0.875289
  1563.199951  0.180472  0.493234  0.606289  0.719344  0.870422
  1566.750000  0.179164  0.492423  0.605473  0.718522  0.870542
  1570.310059  0.181179  0.491826  0.604755  0.717685  0.871416
  1573.869995  0.178761  0.491163  0.604102  0.717041  0.869500
  1577.430054  0.179210  0.490872  0.603787  0.716702  0.872264
  1580.989990  0.176119  0.490311  0.603197  0.716083  0.870600
  1584.550049  0.176302  0.490062  0.602984  0.715906  0.867316
  1588.109985  0.174713  0.489585  0.602601  0.715618  0.870141
  1591.670044  0.175916  0.489876  0.602897  0.715919  0.869316
  1595.229980  0.173471  0.489487  0.602615  0.715742  0.870572
  1598.790039  0.174551  0.489520  0.602690  0.715860  0.868811
  1602.349976  0.173852  0.489315  0.602555  0.715794  0.863324
  1605.920044  0.176230  0.489122  0.602381  0.715640  0.861677
  1609.479980  0.174569  0.488756  0.602048  0.715340  0.863628
  1613.040039  0.174765  0.488007  0.601278  0.714549  0.857600
  1616.609985  0.173910  0.486913  0.600094  0.713276  0.850736
  1620.170044  0.174023  0.485584  0.598661  0.711738  0.838463
  1623.739990  0.173897  0.483467  0.596483  0.709499  0.824065
  1627.310059  0.169642  0.481484  0.594440  0.707397  0.824437
  1630.869995  0.169759  0.478926  0.591997  0.705067  0.821401
  1634.439941  0.168488  0.477043  0.590265  0.703487  0.820024
  1638.010010  0.168110  0.475228  0.588624  0.702020  0.817381
  1641.579956  0.166902  0.474412  0.587865  0.701319  0.817405
  1645.150024  0.170032  0.473819  0.587265  0.700711  0.814594
  1648.709961  0.165772  0.473516  0.586791  0.700067  0.815556
  1652.290039  0.167512  0.472990  0.586022  0.699053  0.814744
  1655.859985  0.165240  0.470584  0.583693  0.696802  0.815541
  1659.430054  0.165735  0.465568  0.579316  0.693063  0.808463
  1663.000000  0.162534  0.457629  0.573232  0.688834  0.808639
  1666.569946  0.160761  0.447574  0.566337  0.685100  0.802031
  1670.140015  0.159452  0.436393  0.559348  0.682302  0.800662
  1673.719971  0.160019  0.426375  0.553105  0.679836  0.792431
  1677.290039  0.154352  0.419400  0.548431  0.677461  0.785248
  1680.869995  0.153449  0.415693  0.545030  0.674368  0.782051
  1684.439941  0.154477  0.413884  0.541981  0.670077  0.779180
  1688.020020  0.159887  0.412945  0.538453  0.663961  0.769457
  1691.589966  0.155829  0.411701  0.534119  0.656538  0.768762
  1695.170044  0.157972  0.411364  0.530081  0.648799  0.755124
  1698.750000  0.154553  0.412180  0.526065  0.639949  0.743424
  1702.329956  0.161736  0.413906  0.523142  0.632378  0.740526
  1705.910034  0.163459  0.414640  0.519861  0.625083  0.730784
  1709.489990  0.161172  0.413711  0.515473  0.617234  0.721493
  1713.069946  0.164542  0.410241  0.509048  0.607855  0.713004
  1716.650024  0.165686  0.406043  0.501865  0.597686  0.693303
  1720.229980  0.165178  0.400733  0.493823  0.586912  0.695658
