ENVI ASCII Plot File [Sun Apr 06 17:02:47 2025]
Column 1: Wavelength
Column 2: Min: ROI #66~~2##255,0,0
Column 3: Mean-StdDev: ROI #66~~21##0,200,0
Column 4: Mean: ROI #66~~0##0,0,0
Column 5: Mean+StdDev: ROI #66~~21##0,200,0
Column 6: Max: ROI #66~~2##255,0,0
   935.609985  0.247386  0.424734  0.501943  0.579153  0.711848
   939.059998  0.248506  0.426752  0.504416  0.582079  0.710127
   942.520020  0.214113  0.436633  0.528631  0.620629  0.757959
   945.979980  0.190704  0.443799  0.547960  0.652121  0.803141
   949.429993  0.183252  0.449161  0.561301  0.673440  0.837302
   952.890015  0.177135  0.455087  0.571255  0.687424  0.864450
   956.349976  0.179593  0.459750  0.578313  0.696875  0.878318
   959.809998  0.181099  0.463482  0.583365  0.703248  0.888896
   963.270020  0.182109  0.466948  0.587890  0.708832  0.894157
   966.729980  0.182427  0.469855  0.591797  0.713740  0.896971
   970.190002  0.185156  0.473252  0.596002  0.718752  0.907073
   973.650024  0.185747  0.475999  0.599448  0.722898  0.911879
   977.109985  0.185636  0.478864  0.603045  0.727226  0.918610
   980.580017  0.187703  0.481862  0.606669  0.731476  0.923163
   984.039978  0.188216  0.484830  0.610313  0.735795  0.928565
   987.510010  0.190073  0.487541  0.613677  0.739813  0.931661
   990.969971  0.190223  0.490451  0.617248  0.744046  0.938191
   994.429993  0.194186  0.493331  0.620814  0.748297  0.942431
   997.900024  0.193946  0.496495  0.624608  0.752721  0.948909
  1001.369995  0.194524  0.499149  0.627924  0.756699  0.952689
  1004.830017  0.194252  0.502037  0.631461  0.760885  0.959641
  1008.299988  0.198162  0.504990  0.635037  0.765083  0.960979
  1011.770020  0.198767  0.508162  0.638789  0.769415  0.966976
  1015.239990  0.201421  0.510908  0.642240  0.773571  0.970891
  1018.710022  0.201939  0.513664  0.645622  0.777580  0.977816
  1022.179993  0.204887  0.516572  0.649169  0.781766  0.982133
  1025.650024  0.204924  0.519489  0.652697  0.785904  0.988350
  1029.119995  0.207416  0.522264  0.656107  0.789950  0.992015
  1032.589966  0.209182  0.525178  0.659604  0.794030  0.996637
  1036.060059  0.209879  0.527817  0.662868  0.797919  1.000470
  1039.530029  0.211232  0.530482  0.666197  0.801912  1.004262
  1043.000000  0.213181  0.533297  0.669599  0.805901  1.009591
  1046.479980  0.212942  0.536139  0.673016  0.809893  1.014068
  1049.949951  0.214482  0.538795  0.676235  0.813675  1.020289
  1053.430054  0.214998  0.541378  0.679396  0.817414  1.025106
  1056.900024  0.217395  0.543973  0.682595  0.821218  1.028152
  1060.380005  0.218312  0.546576  0.685779  0.824982  1.031681
  1063.849976  0.219865  0.549165  0.688935  0.828704  1.036413
  1067.329956  0.220603  0.551705  0.692050  0.832395  1.039428
  1070.810059  0.222712  0.554263  0.695138  0.836013  1.043019
  1074.290039  0.223043  0.556790  0.698220  0.839650  1.048019
  1077.760010  0.223272  0.559138  0.701174  0.843210  1.052774
  1081.239990  0.225985  0.561561  0.704113  0.846664  1.055893
  1084.719971  0.228822  0.563926  0.706980  0.850034  1.059379
  1088.199951  0.228637  0.566084  0.709682  0.853279  1.063913
  1091.680054  0.229985  0.568120  0.712264  0.856407  1.070263
  1095.170044  0.232573  0.570241  0.714899  0.859556  1.074470
  1098.650024  0.232820  0.572407  0.717509  0.862612  1.078155
  1102.130005  0.235433  0.574248  0.719815  0.865382  1.082128
  1105.609985  0.235812  0.575987  0.722018  0.868049  1.086165
  1109.099976  0.233613  0.577614  0.724082  0.870551  1.090008
  1112.579956  0.236241  0.579158  0.726099  0.873041  1.094439
  1116.069946  0.235696  0.580635  0.728070  0.875504  1.097379
  1119.550049  0.236796  0.582045  0.729944  0.877842  1.101608
  1123.040039  0.238165  0.583245  0.731595  0.879945  1.103321
  1126.520020  0.239870  0.584195  0.732996  0.881798  1.105554
  1130.010010  0.240689  0.584550  0.733869  0.883188  1.108450
  1133.500000  0.240459  0.584471  0.734297  0.884124  1.108357
  1136.989990  0.240023  0.583839  0.734328  0.884816  1.111277
  1140.469971  0.241886  0.583486  0.734542  0.885598  1.114523
  1143.959961  0.241304  0.583640  0.735131  0.886622  1.116497
  1147.449951  0.241649  0.584454  0.736078  0.887703  1.115712
  1150.939941  0.242693  0.585848  0.737344  0.888840  1.117606
  1154.430054  0.243378  0.587437  0.738584  0.889732  1.119114
  1157.930054  0.242174  0.588314  0.739158  0.890001  1.118082
  1161.420044  0.243074  0.588830  0.739386  0.889942  1.115342
  1164.910034  0.244050  0.588719  0.739092  0.889465  1.114615
  1168.400024  0.241705  0.588533  0.738736  0.888938  1.114595
  1171.900024  0.241894  0.588235  0.738358  0.888481  1.115981
  1175.390015  0.242566  0.587872  0.737899  0.887925  1.113163
  1178.890015  0.243102  0.587508  0.737539  0.887569  1.112727
  1182.380005  0.241011  0.587342  0.737372  0.887402  1.111567
  1185.880005  0.243547  0.587305  0.737453  0.887601  1.113603
  1189.369995  0.242477  0.587718  0.738088  0.888458  1.112973
  1192.869995  0.242529  0.588430  0.739182  0.889935  1.116916
  1196.369995  0.242639  0.589674  0.740809  0.891944  1.121199
  1199.869995  0.242981  0.590873  0.742486  0.894100  1.123132
  1203.369995  0.244968  0.592226  0.744292  0.896358  1.125054
  1206.869995  0.246209  0.593659  0.746192  0.898724  1.129480
  1210.369995  0.247753  0.595448  0.748354  0.901260  1.132061
  1213.869995  0.248657  0.597490  0.750850  0.904209  1.138833
  1217.369995  0.248834  0.599807  0.753616  0.907426  1.141680
  1220.869995  0.250198  0.602041  0.756402  0.910763  1.148355
  1224.369995  0.249406  0.604508  0.759343  0.914177  1.152746
  1227.869995  0.252503  0.606948  0.762280  0.917611  1.155355
  1231.380005  0.254959  0.609391  0.765185  0.920979  1.163141
  1234.880005  0.254713  0.611680  0.767961  0.924242  1.167143
  1238.390015  0.258772  0.613834  0.770541  0.927248  1.170614
  1241.890015  0.258515  0.615791  0.772984  0.930177  1.172132
  1245.400024  0.258996  0.617630  0.775244  0.932858  1.177362
  1248.900024  0.261231  0.619246  0.777318  0.935389  1.179783
  1252.410034  0.259840  0.620882  0.779362  0.937842  1.187201
  1255.920044  0.261762  0.622401  0.781268  0.940135  1.189870
  1259.420044  0.261547  0.623757  0.783008  0.942259  1.191202
  1262.930054  0.264613  0.625008  0.784625  0.944242  1.197770
  1266.439941  0.263766  0.626379  0.786324  0.946269  1.198775
  1269.949951  0.263240  0.627486  0.787851  0.948216  1.205197
  1273.459961  0.264513  0.628828  0.789504  0.950180  1.206249
  1276.969971  0.266339  0.629970  0.791032  0.952094  1.209417
  1280.479980  0.265531  0.631391  0.792854  0.954318  1.213487
  1283.989990  0.268447  0.632537  0.794404  0.956272  1.214464
  1287.510010  0.266850  0.633894  0.796076  0.958259  1.217931
  1291.020020  0.269144  0.634967  0.797547  0.960128  1.225685
  1294.530029  0.271014  0.636019  0.798871  0.961724  1.225064
  1298.050049  0.269838  0.636826  0.800099  0.963371  1.227946
  1301.560059  0.269210  0.637878  0.801423  0.964969  1.230497
  1305.079956  0.271444  0.638671  0.802420  0.966169  1.231395
  1308.589966  0.272610  0.639468  0.803428  0.967387  1.233338
  1312.109985  0.271448  0.639749  0.804007  0.968264  1.233838
  1315.619995  0.271515  0.639943  0.804301  0.968659  1.234641
  1319.140015  0.270384  0.639737  0.804239  0.968741  1.235798
  1322.660034  0.271367  0.639615  0.804143  0.968670  1.234748
  1326.180054  0.268324  0.638758  0.803332  0.967906  1.234911
  1329.699951  0.269027  0.637767  0.802116  0.966464  1.233525
  1333.219971  0.270024  0.635831  0.799991  0.964151  1.231935
  1336.739990  0.267446  0.633737  0.797538  0.961339  1.223039
  1340.260010  0.267141  0.631092  0.794516  0.957940  1.218214
  1343.780029  0.266449  0.628376  0.791230  0.954084  1.213363
  1347.300049  0.264071  0.624905  0.787213  0.949521  1.208500
  1350.819946  0.263937  0.621445  0.783023  0.944602  1.204566
  1354.349976  0.259981  0.618066  0.778895  0.939723  1.193002
  1357.869995  0.261177  0.614895  0.774990  0.935085  1.188933
  1361.390015  0.258407  0.611747  0.771283  0.930818  1.180488
  1364.920044  0.256017  0.608927  0.767946  0.926966  1.173756
  1368.439941  0.252321  0.605929  0.764624  0.923320  1.170951
  1371.969971  0.254214  0.603445  0.761837  0.920228  1.163220
  1375.500000  0.254189  0.601351  0.759564  0.917778  1.163478
  1379.020020  0.249634  0.599585  0.757343  0.915100  1.155360
  1382.550049  0.250434  0.597334  0.754691  0.912047  1.152024
  1386.079956  0.248142  0.594543  0.751608  0.908673  1.148568
  1389.609985  0.247190  0.591192  0.747730  0.904268  1.140083
  1393.140015  0.246985  0.587422  0.743054  0.898686  1.129602
  1396.670044  0.242101  0.582463  0.737111  0.891759  1.124395
  1400.199951  0.239905  0.577038  0.730468  0.883898  1.112332
  1403.729980  0.235427  0.570323  0.722371  0.874418  1.096278
  1407.260010  0.233138  0.562443  0.712844  0.863245  1.082666
  1410.790039  0.226436  0.553552  0.702191  0.850830  1.062085
  1414.319946  0.222200  0.543861  0.690513  0.837165  1.047777
  1417.859985  0.213622  0.533671  0.678107  0.822544  1.029643
  1421.390015  0.208581  0.523646  0.665627  0.807609  1.013856
  1424.920044  0.201974  0.513366  0.653168  0.792970  0.998057
  1428.459961  0.196357  0.504175  0.641869  0.779563  0.981986
  1431.989990  0.190766  0.495777  0.631573  0.767369  0.968249
  1435.530029  0.190387  0.488748  0.622952  0.757157  0.957703
  1439.069946  0.183039  0.482863  0.615771  0.748680  0.945921
  1442.599976  0.183142  0.478222  0.610155  0.742087  0.943292
  1446.140015  0.178678  0.474737  0.605832  0.736928  0.934267
  1449.680054  0.179242  0.471840  0.602306  0.732773  0.926174
  1453.219971  0.174771  0.469805  0.599835  0.729864  0.924767
  1456.760010  0.176105  0.468305  0.598036  0.727766  0.919793
  1460.300049  0.174544  0.466988  0.596524  0.726060  0.920335
  1463.839966  0.176482  0.466435  0.595864  0.725293  0.917109
  1467.380005  0.172139  0.465935  0.595418  0.724901  0.918739
  1470.920044  0.174130  0.466011  0.595557  0.725103  0.919363
  1474.459961  0.172549  0.465980  0.595679  0.725379  0.920519
  1478.010010  0.173704  0.466503  0.596338  0.726173  0.919831
  1481.550049  0.173053  0.466968  0.597112  0.727257  0.924697
  1485.089966  0.171182  0.467540  0.597920  0.728300  0.923460
  1488.640015  0.173241  0.467877  0.598513  0.729149  0.925386
  1492.180054  0.174280  0.468733  0.599611  0.730489  0.925949
  1495.729980  0.173376  0.469357  0.600573  0.731789  0.927382
  1499.270020  0.175294  0.470457  0.601939  0.733420  0.928959
  1502.819946  0.172017  0.471326  0.603202  0.735079  0.932113
  1506.369995  0.175315  0.472283  0.604472  0.736661  0.933614
  1509.910034  0.174787  0.473361  0.605917  0.738474  0.939480
  1513.459961  0.172814  0.474415  0.607336  0.740257  0.939265
  1517.010010  0.176103  0.475182  0.608453  0.741724  0.942018
  1520.560059  0.173106  0.475978  0.609559  0.743141  0.942830
  1524.109985  0.174899  0.476468  0.610386  0.744303  0.947934
  1527.660034  0.173331  0.477075  0.611157  0.745239  0.948191
  1531.209961  0.175352  0.476915  0.611272  0.745629  0.948179
  1534.760010  0.173463  0.477241  0.611678  0.746116  0.950141
  1538.319946  0.174766  0.477063  0.611605  0.746146  0.949943
  1541.869995  0.170732  0.476985  0.611507  0.746029  0.949937
  1545.420044  0.173735  0.476345  0.610974  0.745603  0.946855
  1548.979980  0.167988  0.475844  0.610375  0.744905  0.949011
  1552.530029  0.174660  0.474981  0.609488  0.743995  0.947387
  1556.089966  0.169733  0.474310  0.608701  0.743092  0.946216
  1559.640015  0.169610  0.473112  0.607482  0.741853  0.941545
  1563.199951  0.168155  0.472481  0.606784  0.741086  0.940501
  1566.750000  0.169721  0.471433  0.605718  0.740003  0.939146
  1570.310059  0.167930  0.470623  0.604857  0.739091  0.941258
  1573.869995  0.168359  0.470044  0.604229  0.738414  0.938531
  1577.430054  0.165578  0.469630  0.603785  0.737941  0.938347
  1580.989990  0.167494  0.468900  0.603125  0.737350  0.934116
  1584.550049  0.163077  0.468564  0.602849  0.737135  0.935302
  1588.109985  0.165732  0.468028  0.602367  0.736706  0.934499
  1591.670044  0.166447  0.468211  0.602559  0.736907  0.938527
  1595.229980  0.162942  0.467601  0.602049  0.736498  0.938266
  1598.790039  0.164514  0.467369  0.601965  0.736561  0.943025
  1602.349976  0.163975  0.467024  0.601736  0.736447  0.937936
  1605.920044  0.164625  0.466719  0.601461  0.736203  0.934545
  1609.479980  0.163508  0.466221  0.600948  0.735675  0.938349
  1613.040039  0.164709  0.465287  0.600110  0.734933  0.936947
  1616.609985  0.163262  0.464216  0.599039  0.733861  0.935660
  1620.170044  0.161874  0.462922  0.597859  0.732796  0.930304
  1623.739990  0.159583  0.460915  0.595999  0.731084  0.932065
  1627.310059  0.161575  0.459168  0.594339  0.729509  0.930219
  1630.869995  0.159081  0.457098  0.592452  0.727806  0.929680
  1634.439941  0.160272  0.455500  0.591025  0.726551  0.924057
  1638.010010  0.157997  0.454179  0.589865  0.725551  0.923354
  1641.579956  0.157499  0.453452  0.589276  0.725100  0.923800
  1645.150024  0.155790  0.452903  0.588766  0.724629  0.923449
  1648.709961  0.159709  0.452565  0.588345  0.724125  0.917590
  1652.290039  0.155996  0.452255  0.587868  0.723481  0.917699
  1655.859985  0.156504  0.450390  0.586089  0.721788  0.913315
  1659.430054  0.154697  0.446868  0.582924  0.718979  0.908750
  1663.000000  0.156208  0.441214  0.578190  0.715165  0.903248
  1666.569946  0.144788  0.434782  0.573038  0.711294  0.899710
  1670.140015  0.135007  0.427826  0.567627  0.707428  0.892295
  1673.719971  0.126409  0.421539  0.562681  0.703823  0.884949
  1677.290039  0.123309  0.416647  0.558390  0.700132  0.879354
  1680.869995  0.118687  0.413393  0.554878  0.696364  0.875956
  1684.439941  0.120320  0.411264  0.551615  0.691967  0.870943
  1688.020020  0.122718  0.409539  0.547834  0.686129  0.864547
  1691.589966  0.121614  0.407075  0.543026  0.678977  0.855991
  1695.170044  0.125933  0.405200  0.538398  0.671595  0.846674
  1698.750000  0.134647  0.403689  0.533435  0.663181  0.831479
  1702.329956  0.134413  0.403389  0.529495  0.655600  0.832092
  1705.910034  0.139901  0.402459  0.525008  0.647558  0.811720
  1709.489990  0.134363  0.400858  0.520059  0.639260  0.806529
  1713.069946  0.159820  0.397717  0.513432  0.629148  0.792691
  1716.650024  0.153972  0.395134  0.506766  0.618398  0.769671
  1720.229980  0.164826  0.390124  0.498110  0.606097  0.768523
