ENVI ASCII Plot File [Sun Apr 06 16:09:06 2025]
Column 1: Wavelength
Column 2: Min: ROI #12~~2##255,0,0
Column 3: Mean-StdDev: ROI #12~~21##0,200,0
Column 4: Mean: ROI #12~~0##0,0,0
Column 5: Mean+StdDev: ROI #12~~21##0,200,0
Column 6: Max: ROI #12~~2##255,0,0
   935.609985  0.219871  0.403823  0.465753  0.527684  0.657229
   939.059998  0.226530  0.406576  0.468419  0.530262  0.665535
   942.520020  0.202655  0.422758  0.494324  0.565889  0.697504
   945.979980  0.188820  0.434063  0.514634  0.595204  0.750947
   949.429993  0.177363  0.441156  0.528102  0.615049  0.771913
   952.890015  0.167194  0.448189  0.538224  0.628260  0.789965
   956.349976  0.171317  0.453616  0.545735  0.637853  0.802831
   959.809998  0.176483  0.458019  0.551099  0.644179  0.810251
   963.270020  0.176150  0.461798  0.555783  0.649767  0.817055
   966.729980  0.179073  0.465282  0.559948  0.654613  0.827085
   970.190002  0.179378  0.468872  0.564262  0.659652  0.831741
   973.650024  0.177900  0.471882  0.567780  0.663677  0.839540
   977.109985  0.183703  0.475139  0.571661  0.668184  0.841709
   980.580017  0.185146  0.478431  0.575478  0.672524  0.847547
   984.039978  0.187129  0.481739  0.579335  0.676930  0.853301
   987.510010  0.188788  0.484848  0.582984  0.681120  0.858599
   990.969971  0.193712  0.488123  0.586733  0.685343  0.862384
   994.429993  0.193671  0.491304  0.590426  0.689549  0.869743
   997.900024  0.196426  0.494666  0.594327  0.693987  0.874528
  1001.369995  0.195571  0.497849  0.598002  0.698155  0.881381
  1004.830017  0.198797  0.501005  0.601658  0.702312  0.885810
  1008.299988  0.199214  0.504199  0.605378  0.706558  0.891158
  1011.770020  0.202361  0.507605  0.609297  0.710990  0.894967
  1015.239990  0.203832  0.510761  0.612954  0.715146  0.900127
  1018.710022  0.205319  0.513886  0.616540  0.719194  0.905844
  1022.179993  0.207195  0.517107  0.620282  0.723456  0.912999
  1025.650024  0.211084  0.520335  0.624007  0.727680  0.917404
  1029.119995  0.211247  0.523423  0.627620  0.731818  0.922343
  1032.589966  0.213946  0.526653  0.631360  0.736068  0.929349
  1036.060059  0.214450  0.529684  0.634846  0.740008  0.933765
  1039.530029  0.215654  0.532732  0.638371  0.744010  0.937864
  1043.000000  0.218395  0.535843  0.641935  0.748028  0.942482
  1046.479980  0.220295  0.539035  0.645589  0.752144  0.949303
  1049.949951  0.222640  0.542031  0.649063  0.756095  0.952164
  1053.430054  0.224114  0.544822  0.652311  0.759800  0.957681
  1056.900024  0.226830  0.547718  0.655701  0.763684  0.961973
  1060.380005  0.228440  0.550651  0.659090  0.767530  0.965227
  1063.849976  0.232187  0.553477  0.662410  0.771343  0.970119
  1067.329956  0.234444  0.556337  0.665745  0.775152  0.976660
  1070.810059  0.234172  0.559148  0.668996  0.778843  0.980880
  1074.290039  0.234758  0.561981  0.672300  0.782618  0.984947
  1077.760010  0.237555  0.564725  0.675496  0.786268  0.989683
  1081.239990  0.239211  0.567454  0.678644  0.789834  0.994608
  1084.719971  0.241476  0.570101  0.681728  0.793354  0.998245
  1088.199951  0.242881  0.572533  0.684613  0.796693  1.002294
  1091.680054  0.243752  0.574847  0.687366  0.799884  1.007440
  1095.170044  0.246158  0.577328  0.690245  0.803161  1.010327
  1098.650024  0.248000  0.579808  0.693094  0.806380  1.014121
  1102.130005  0.249817  0.581939  0.695649  0.809358  1.017467
  1105.609985  0.250258  0.583968  0.698055  0.812142  1.020826
  1109.099976  0.252796  0.585927  0.700333  0.814739  1.024179
  1112.579956  0.253690  0.587837  0.702598  0.817360  1.026356
  1116.069946  0.255076  0.589577  0.704749  0.819921  1.027297
  1119.550049  0.254990  0.591247  0.706746  0.822245  1.028069
  1123.040039  0.254549  0.592709  0.708514  0.824319  1.024502
  1126.520020  0.256743  0.593909  0.709974  0.826039  1.017899
  1130.010010  0.259896  0.594440  0.710793  0.827146  1.006438
  1133.500000  0.260135  0.594413  0.711048  0.827682  0.996991
  1136.989990  0.260322  0.593750  0.710794  0.827839  0.999505
  1140.469971  0.261291  0.593380  0.710876  0.828373  1.000608
  1143.959961  0.261993  0.593514  0.711428  0.829342  1.004196
  1147.449951  0.261676  0.594544  0.712648  0.830752  1.006993
  1150.939941  0.261806  0.596386  0.714475  0.832564  1.007740
  1154.430054  0.262420  0.598439  0.716407  0.834374  1.006911
  1157.930054  0.260512  0.599831  0.717790  0.835750  1.008689
  1161.420044  0.261987  0.600667  0.718588  0.836509  1.020774
  1164.910034  0.262730  0.600970  0.718903  0.836836  1.030224
  1168.400024  0.262914  0.601256  0.719213  0.837171  1.033109
  1171.900024  0.262865  0.601450  0.719419  0.837389  1.035638
  1175.390015  0.261836  0.601330  0.719392  0.837453  1.038751
  1178.890015  0.258445  0.601201  0.719307  0.837412  1.040671
  1182.380005  0.262467  0.601192  0.719302  0.837411  1.036420
  1185.880005  0.261943  0.601368  0.719564  0.837760  1.036652
  1189.369995  0.261550  0.601880  0.720281  0.838683  1.035826
  1192.869995  0.262685  0.602731  0.721362  0.839992  1.034983
  1196.369995  0.264601  0.603916  0.722834  0.841751  1.033675
  1199.869995  0.264279  0.605113  0.724377  0.843641  1.032546
  1203.369995  0.264612  0.606445  0.726042  0.845640  1.030286
  1206.869995  0.265482  0.607901  0.727814  0.847727  1.031663
  1210.369995  0.265860  0.609663  0.729936  0.850210  1.035020
  1213.869995  0.267309  0.611882  0.732543  0.853205  1.039461
  1217.369995  0.269532  0.614652  0.735756  0.856860  1.050767
  1220.869995  0.270795  0.617340  0.739014  0.860687  1.058792
  1224.369995  0.273972  0.620401  0.742545  0.864690  1.067594
  1227.869995  0.274918  0.623397  0.746053  0.868708  1.077891
  1231.380005  0.277166  0.626248  0.749368  0.872487  1.083830
  1234.880005  0.278424  0.628839  0.752440  0.876041  1.088336
  1238.390015  0.280300  0.631379  0.755371  0.879362  1.096523
  1241.890015  0.285272  0.633651  0.758098  0.882546  1.102911
  1245.400024  0.283756  0.635745  0.760548  0.885351  1.105960
  1248.900024  0.285595  0.637706  0.762938  0.888170  1.112076
  1252.410034  0.287856  0.639578  0.765110  0.890643  1.117046
  1255.920044  0.289331  0.641270  0.767232  0.893193  1.122129
  1259.420044  0.290451  0.642917  0.769242  0.895568  1.125154
  1262.930054  0.291260  0.644407  0.771013  0.897619  1.124214
  1266.439941  0.291871  0.646146  0.772985  0.899824  1.128725
  1269.949951  0.294344  0.647431  0.774695  0.901959  1.130371
  1273.459961  0.293588  0.649074  0.776588  0.904102  1.136209
  1276.969971  0.297190  0.650346  0.778283  0.906220  1.139930
  1280.479980  0.295879  0.651875  0.780127  0.908379  1.143252
  1283.989990  0.297379  0.653281  0.781884  0.910487  1.143242
  1287.510010  0.297036  0.654718  0.783635  0.912552  1.145823
  1291.020020  0.298986  0.655972  0.785279  0.914586  1.149399
  1294.530029  0.299090  0.657315  0.786865  0.916415  1.150613
  1298.050049  0.300601  0.658207  0.788143  0.918079  1.153629
  1301.560059  0.300920  0.659378  0.789494  0.919610  1.156307
  1305.079956  0.302757  0.660328  0.790674  0.921020  1.156690
  1308.589966  0.302953  0.661238  0.791834  0.922430  1.156832
  1312.109985  0.303340  0.661745  0.792581  0.923417  1.160685
  1315.619995  0.301814  0.662209  0.793240  0.924270  1.159948
  1319.140015  0.302589  0.662066  0.793291  0.924517  1.161643
  1322.660034  0.302192  0.662120  0.793382  0.924645  1.162386
  1326.180054  0.302354  0.661447  0.792787  0.924128  1.161627
  1329.699951  0.301263  0.660443  0.791802  0.923160  1.158209
  1333.219971  0.299040  0.658817  0.790067  0.921316  1.155941
  1336.739990  0.299095  0.656876  0.787956  0.919036  1.152226
  1340.260010  0.293307  0.654289  0.785202  0.916116  1.147473
  1343.780029  0.293330  0.651503  0.782037  0.912571  1.139128
  1347.300049  0.290390  0.648034  0.778186  0.908339  1.135523
  1350.819946  0.288756  0.644414  0.774147  0.903879  1.128207
  1354.349976  0.283780  0.640933  0.770194  0.899455  1.126265
  1357.869995  0.280355  0.637793  0.766617  0.895440  1.123132
  1361.390015  0.279536  0.634688  0.763113  0.891537  1.118196
  1364.920044  0.276497  0.631742  0.759972  0.888202  1.109411
  1368.439941  0.273158  0.628864  0.756866  0.884867  1.100531
  1371.969971  0.272861  0.626216  0.753983  0.881751  1.096402
  1375.500000  0.267142  0.623910  0.751637  0.879364  1.093509
  1379.020020  0.268283  0.621989  0.749353  0.876716  1.089827
  1382.550049  0.267449  0.619506  0.746527  0.873547  1.081350
  1386.079956  0.265706  0.616338  0.743160  0.869981  1.073813
  1389.609985  0.262680  0.612533  0.738947  0.865361  1.068305
  1393.140015  0.258757  0.608320  0.734005  0.859691  1.058849
  1396.670044  0.252708  0.603020  0.728005  0.852991  1.050834
  1400.199951  0.251513  0.597172  0.721245  0.845319  1.041507
  1403.729980  0.243934  0.589629  0.712732  0.835835  1.028260
  1407.260010  0.237304  0.581000  0.702867  0.824734  1.016067
  1410.790039  0.229698  0.571224  0.691744  0.812263  0.994183
  1414.319946  0.224131  0.560537  0.679548  0.798558  0.977878
  1417.859985  0.216189  0.549341  0.666691  0.784040  0.960614
  1421.390015  0.211365  0.538391  0.653984  0.769576  0.945338
  1424.920044  0.202399  0.527605  0.641538  0.755470  0.928226
  1428.459961  0.197075  0.517958  0.630321  0.742685  0.915053
  1431.989990  0.190630  0.509177  0.620146  0.731115  0.897784
  1435.530029  0.185156  0.502018  0.611794  0.721570  0.890803
  1439.069946  0.184130  0.495925  0.604832  0.713739  0.878249
  1442.599976  0.177241  0.491169  0.599336  0.707503  0.872927
  1446.140015  0.178268  0.487501  0.595137  0.702772  0.867915
  1449.680054  0.175302  0.484870  0.592111  0.699351  0.867668
  1453.219971  0.175664  0.482861  0.589857  0.696853  0.861481
  1456.760010  0.173291  0.481512  0.588322  0.695131  0.864459
  1460.300049  0.174824  0.480266  0.587025  0.693785  0.862075
  1463.839966  0.171038  0.479810  0.586581  0.693352  0.866182
  1467.380005  0.173458  0.479435  0.586372  0.693309  0.863371
  1470.920044  0.172638  0.479798  0.586896  0.693993  0.862215
  1474.459961  0.173574  0.480046  0.587403  0.694760  0.864132
  1478.010010  0.172478  0.480952  0.588547  0.696141  0.867562
  1481.550049  0.175001  0.481622  0.589533  0.697445  0.870482
  1485.089966  0.174148  0.482458  0.590616  0.698774  0.874593
  1488.640015  0.174035  0.483144  0.591606  0.700068  0.875964
  1492.180054  0.172313  0.484270  0.593068  0.701867  0.877361
  1495.729980  0.175596  0.485233  0.594396  0.703558  0.876337
  1499.270020  0.174501  0.486779  0.596289  0.705798  0.881968
  1502.819946  0.176303  0.488027  0.597864  0.707701  0.884020
  1506.369995  0.177120  0.489350  0.599601  0.709852  0.887618
  1509.910034  0.177802  0.490634  0.601261  0.711889  0.892796
  1513.459961  0.178554  0.491794  0.602766  0.713739  0.894803
  1517.010010  0.178381  0.492695  0.604022  0.715348  0.897882
  1520.560059  0.177968  0.493531  0.605267  0.717003  0.900846
  1524.109985  0.176925  0.494246  0.606235  0.718223  0.903743
  1527.660034  0.179608  0.494924  0.607158  0.719391  0.903336
  1531.209961  0.178980  0.494870  0.607396  0.719921  0.906741
  1534.760010  0.180466  0.495256  0.607863  0.720470  0.905290
  1538.319946  0.177463  0.495165  0.607919  0.720673  0.910709
  1541.869995  0.179677  0.495078  0.607930  0.720781  0.905488
  1545.420044  0.177036  0.494572  0.607425  0.720278  0.910146
  1548.979980  0.180095  0.493926  0.606907  0.719888  0.905867
  1552.530029  0.176915  0.493266  0.606283  0.719300  0.904995
  1556.089966  0.176326  0.492497  0.605546  0.718594  0.906178
  1559.640015  0.175883  0.491480  0.604559  0.717637  0.907056
  1563.199951  0.177113  0.490643  0.603767  0.716891  0.909392
  1566.750000  0.174160  0.489939  0.603090  0.716241  0.907613
  1570.310059  0.174555  0.489056  0.602280  0.715503  0.904876
  1573.869995  0.171636  0.488391  0.601609  0.714827  0.902672
  1577.430054  0.174475  0.488079  0.601339  0.714599  0.899460
  1580.989990  0.172455  0.487346  0.600752  0.714159  0.900506
  1584.550049  0.172658  0.487050  0.600539  0.714028  0.898593
  1588.109985  0.169543  0.486527  0.600098  0.713668  0.898858
  1591.670044  0.170883  0.486652  0.600344  0.714036  0.898123
  1595.229980  0.171256  0.486121  0.600017  0.713912  0.897758
  1598.790039  0.171023  0.485994  0.599955  0.713916  0.894432
  1602.349976  0.172548  0.485865  0.599856  0.713847  0.891517
  1605.920044  0.172641  0.485395  0.599534  0.713673  0.888877
  1609.479980  0.172368  0.484838  0.599088  0.713338  0.883663
  1613.040039  0.170091  0.483931  0.598120  0.712309  0.880913
  1616.609985  0.172354  0.482704  0.596890  0.711076  0.871442
  1620.170044  0.169063  0.481211  0.595292  0.709373  0.866689
  1623.739990  0.171012  0.478876  0.592963  0.707050  0.861585
  1627.310059  0.166664  0.476661  0.590751  0.704841  0.859488
  1630.869995  0.169115  0.474011  0.588344  0.702677  0.855778
  1634.439941  0.163442  0.471994  0.586559  0.701124  0.855777
  1638.010010  0.166968  0.470173  0.585009  0.699845  0.852121
  1641.579956  0.164572  0.469415  0.584421  0.699426  0.853506
  1645.150024  0.167151  0.468959  0.584059  0.699159  0.851401
  1648.709961  0.166134  0.468887  0.583913  0.698940  0.849794
  1652.290039  0.167571  0.468441  0.583348  0.698256  0.851345
  1655.859985  0.163447  0.465984  0.580987  0.695991  0.848498
  1659.430054  0.163384  0.460605  0.576333  0.692061  0.847181
  1663.000000  0.159871  0.452281  0.569958  0.687635  0.841168
  1666.569946  0.157576  0.441782  0.562748  0.683715  0.840150
  1670.140015  0.156667  0.430225  0.555325  0.680426  0.831758
  1673.719971  0.157928  0.419660  0.548512  0.677364  0.826931
  1677.290039  0.158367  0.412169  0.543289  0.674409  0.818059
  1680.869995  0.161676  0.408072  0.539402  0.670732  0.817082
  1684.439941  0.157175  0.406074  0.536076  0.666078  0.810721
  1688.020020  0.155783  0.404988  0.532223  0.659457  0.805456
  1691.589966  0.149207  0.403822  0.527712  0.651602  0.786412
  1695.170044  0.159380  0.403457  0.523355  0.643253  0.785760
  1698.750000  0.152657  0.403714  0.518768  0.633823  0.766932
  1702.329956  0.155550  0.405022  0.515075  0.625128  0.760797
  1705.910034  0.154236  0.405017  0.510520  0.616023  0.746840
  1709.489990  0.156289  0.403379  0.505303  0.607226  0.738846
  1713.069946  0.159231  0.399202  0.498155  0.597109  0.733068
  1716.650024  0.156612  0.395851  0.490648  0.585444  0.705340
  1720.229980  0.147410  0.390673  0.482449  0.574226  0.711563
