ENVI ASCII Plot File [Sun Apr 06 16:13:31 2025]
Column 1: Wavelength
Column 2: Min: ROI #16~~2##255,0,0
Column 3: Mean-StdDev: ROI #16~~21##0,200,0
Column 4: Mean: ROI #16~~0##0,0,0
Column 5: Mean+StdDev: ROI #16~~21##0,200,0
Column 6: Max: ROI #16~~2##255,0,0
   935.609985  0.235755  0.422209  0.486442  0.550674  0.691284
   939.059998  0.237484  0.424263  0.488556  0.552849  0.691395
   942.520020  0.237636  0.433280  0.509262  0.585244  0.728943
   945.979980  0.242302  0.440676  0.526809  0.612941  0.767132
   949.429993  0.218568  0.446007  0.539118  0.632229  0.801903
   952.890015  0.222715  0.452169  0.548820  0.645470  0.819373
   956.349976  0.211828  0.456676  0.555394  0.654111  0.824692
   959.809998  0.217223  0.460557  0.560349  0.660141  0.838979
   963.270020  0.214417  0.464205  0.564832  0.665458  0.842517
   966.729980  0.217035  0.467359  0.568744  0.670128  0.848711
   970.190002  0.219067  0.470788  0.572805  0.674821  0.857122
   973.650024  0.221629  0.473466  0.576150  0.678833  0.862613
   977.109985  0.220374  0.476437  0.579642  0.682846  0.864509
   980.580017  0.224308  0.479575  0.583350  0.687125  0.866634
   984.039978  0.222344  0.482583  0.586917  0.691250  0.875639
   987.510010  0.226833  0.485426  0.590270  0.695114  0.879635
   990.969971  0.226001  0.488457  0.593816  0.699174  0.887569
   994.429993  0.229012  0.491406  0.597348  0.703289  0.891587
   997.900024  0.230725  0.494639  0.601087  0.707535  0.898416
  1001.369995  0.232037  0.497430  0.604392  0.711354  0.900218
  1004.830017  0.233198  0.500368  0.607815  0.715261  0.904999
  1008.299988  0.235173  0.503431  0.611372  0.719313  0.908117
  1011.770020  0.236255  0.506564  0.615023  0.723483  0.916027
  1015.239990  0.238468  0.509412  0.618402  0.727392  0.920055
  1018.710022  0.239510  0.512187  0.621687  0.731187  0.924507
  1022.179993  0.241586  0.515210  0.625196  0.735182  0.928668
  1025.650024  0.243680  0.518180  0.628676  0.739171  0.932380
  1029.119995  0.245663  0.521002  0.632034  0.743067  0.937208
  1032.589966  0.248467  0.524015  0.635534  0.747053  0.943100
  1036.060059  0.248948  0.526828  0.638801  0.750774  0.948684
  1039.530029  0.251214  0.529566  0.642075  0.754584  0.955287
  1043.000000  0.251630  0.532420  0.645428  0.758436  0.958947
  1046.479980  0.253605  0.535381  0.648830  0.762279  0.963925
  1049.949951  0.254452  0.538105  0.652078  0.766050  0.968512
  1053.430054  0.257509  0.540787  0.655232  0.769676  0.971420
  1056.900024  0.258623  0.543459  0.658387  0.773315  0.977182
  1060.380005  0.259664  0.546114  0.661513  0.776912  0.983825
  1063.849976  0.260943  0.548815  0.664679  0.780543  0.990067
  1067.329956  0.263636  0.551412  0.667764  0.784116  0.995110
  1070.810059  0.265595  0.554017  0.670793  0.787569  0.996926
  1074.290039  0.266253  0.556608  0.673872  0.791136  1.000727
  1077.760010  0.266462  0.559045  0.676805  0.794566  1.007348
  1081.239990  0.267658  0.561534  0.679746  0.797957  1.013945
  1084.719971  0.270900  0.563963  0.682625  0.801288  1.018546
  1088.199951  0.272217  0.566215  0.685291  0.804367  1.021306
  1091.680054  0.272836  0.568380  0.687860  0.807341  1.022744
  1095.170044  0.273316  0.570563  0.690489  0.810416  1.025336
  1098.650024  0.275070  0.572795  0.693131  0.813467  1.029119
  1102.130005  0.276031  0.574808  0.695507  0.816205  1.034528
  1105.609985  0.275626  0.576633  0.697699  0.818765  1.041202
  1109.099976  0.277574  0.578378  0.699774  0.821171  1.043581
  1112.579956  0.279582  0.580099  0.701836  0.823573  1.045278
  1116.069946  0.280103  0.581739  0.703819  0.825900  1.043792
  1119.550049  0.278349  0.583322  0.705695  0.828069  1.040734
  1123.040039  0.279809  0.584648  0.707296  0.829945  1.037570
  1126.520020  0.281143  0.585762  0.708584  0.831406  1.032403
  1130.010010  0.280897  0.586280  0.709224  0.832169  1.023776
  1133.500000  0.278751  0.586318  0.709351  0.832384  1.007191
  1136.989990  0.275528  0.585868  0.709025  0.832182  0.995390
  1140.469971  0.273592  0.585630  0.708989  0.832348  0.995402
  1143.959961  0.274653  0.585755  0.709388  0.833020  1.000230
  1147.449951  0.275569  0.586621  0.710482  0.834343  1.001884
  1150.939941  0.279141  0.588103  0.712168  0.836233  1.003083
  1154.430054  0.279117  0.589863  0.714051  0.838239  1.009014
  1157.930054  0.281471  0.590982  0.715327  0.839672  1.030100
  1161.420044  0.280542  0.591586  0.716018  0.840449  1.041730
  1164.910034  0.282955  0.591562  0.716105  0.840647  1.049290
  1168.400024  0.283761  0.591700  0.716272  0.840843  1.050455
  1171.900024  0.284296  0.591702  0.716306  0.840909  1.053428
  1175.390015  0.283670  0.591613  0.716226  0.840838  1.051106
  1178.890015  0.283287  0.591343  0.716033  0.840723  1.052895
  1182.380005  0.281855  0.591254  0.715962  0.840669  1.051900
  1185.880005  0.280099  0.591403  0.716206  0.841010  1.052456
  1189.369995  0.283284  0.591993  0.716931  0.841870  1.050955
  1192.869995  0.282802  0.592834  0.718011  0.843187  1.052722
  1196.369995  0.283177  0.594032  0.719497  0.844963  1.049070
  1199.869995  0.280733  0.595242  0.721057  0.846872  1.047959
  1203.369995  0.281685  0.596604  0.722736  0.848868  1.047336
  1206.869995  0.281236  0.598060  0.724505  0.850950  1.048766
  1210.369995  0.285210  0.599691  0.726560  0.853430  1.053846
  1213.869995  0.286195  0.601876  0.729130  0.856383  1.063741
  1217.369995  0.289372  0.604378  0.732138  0.859897  1.071422
  1220.869995  0.288935  0.606849  0.735193  0.863538  1.082351
  1224.369995  0.292662  0.609595  0.738475  0.867354  1.088523
  1227.869995  0.293150  0.612272  0.741691  0.871110  1.095285
  1231.380005  0.296922  0.614818  0.744755  0.874692  1.098298
  1234.880005  0.295765  0.617119  0.747568  0.878017  1.106996
  1238.390015  0.297736  0.619354  0.750296  0.881238  1.115229
  1241.890015  0.298379  0.621372  0.752799  0.884225  1.122095
  1245.400024  0.299504  0.623274  0.755096  0.886918  1.134036
  1248.900024  0.298638  0.625006  0.757190  0.889374  1.136557
  1252.410034  0.304215  0.626705  0.759237  0.891768  1.142924
  1255.920044  0.300396  0.628403  0.761310  0.894217  1.140430
  1259.420044  0.302379  0.629864  0.763131  0.896398  1.141508
  1262.930054  0.304565  0.631172  0.764756  0.898340  1.145841
  1266.439941  0.303645  0.632668  0.766547  0.900426  1.149548
  1269.949951  0.306817  0.633911  0.768167  0.902423  1.151431
  1273.459961  0.308050  0.635258  0.769815  0.904372  1.159615
  1276.969971  0.306495  0.636481  0.771438  0.906396  1.164288
  1280.479980  0.309493  0.637910  0.773208  0.908507  1.167184
  1283.989990  0.307212  0.639097  0.774777  0.910456  1.170143
  1287.510010  0.307197  0.640517  0.776448  0.912380  1.172082
  1291.020020  0.309649  0.641597  0.777970  0.914343  1.167213
  1294.530029  0.311292  0.642979  0.779508  0.916038  1.169442
  1298.050049  0.311958  0.643753  0.780662  0.917570  1.168469
  1301.560059  0.309832  0.644734  0.781874  0.919015  1.173374
  1305.079956  0.311194  0.645587  0.782957  0.920328  1.179436
  1308.589966  0.309885  0.646503  0.784125  0.921746  1.184352
  1312.109985  0.312987  0.646888  0.784773  0.922658  1.188614
  1315.619995  0.312931  0.647260  0.785307  0.923354  1.187968
  1319.140015  0.312678  0.647188  0.785421  0.923654  1.187091
  1322.660034  0.309682  0.647339  0.785547  0.923755  1.185831
  1326.180054  0.309922  0.646615  0.784923  0.923230  1.184743
  1329.699951  0.308318  0.645809  0.784103  0.922397  1.177316
  1333.219971  0.310480  0.644096  0.782316  0.920535  1.173366
  1336.739990  0.304254  0.642257  0.780267  0.918276  1.173315
  1340.260010  0.306753  0.639964  0.777741  0.915519  1.169297
  1343.780029  0.303627  0.637364  0.774756  0.912147  1.165029
  1347.300049  0.302087  0.634188  0.771233  0.908278  1.164434
  1350.819946  0.300718  0.630882  0.767502  0.904122  1.155278
  1354.349976  0.298695  0.627754  0.763910  0.900065  1.152289
  1357.869995  0.298912  0.624822  0.760540  0.896258  1.142519
  1361.390015  0.295908  0.622136  0.757489  0.892841  1.136630
  1364.920044  0.293703  0.619484  0.754534  0.889584  1.129863
  1368.439941  0.292430  0.616749  0.751569  0.886390  1.124372
  1371.969971  0.290633  0.614286  0.748825  0.883365  1.112757
  1375.500000  0.288516  0.612195  0.746580  0.880964  1.114289
  1379.020020  0.288108  0.610615  0.744617  0.878619  1.110360
  1382.550049  0.287457  0.608636  0.742288  0.875940  1.109281
  1386.079956  0.283395  0.605834  0.739268  0.872702  1.097303
  1389.609985  0.281378  0.602484  0.735529  0.868574  1.091440
  1393.140015  0.279327  0.598834  0.731162  0.863490  1.079875
  1396.670044  0.276375  0.594191  0.725876  0.857561  1.071607
  1400.199951  0.275859  0.589055  0.719902  0.850748  1.058180
  1403.729980  0.270495  0.582554  0.712435  0.842315  1.045188
  1407.260010  0.267856  0.574993  0.703695  0.832397  1.027337
  1410.790039  0.260651  0.566327  0.693725  0.821123  1.014175
  1414.319946  0.258211  0.556917  0.682907  0.808897  1.000175
  1417.859985  0.248155  0.547250  0.671587  0.795924  0.985758
  1421.390015  0.247805  0.537496  0.660124  0.782751  0.973179
  1424.920044  0.240563  0.527567  0.648564  0.769562  0.958131
  1428.459961  0.235692  0.518507  0.637952  0.757398  0.943390
  1431.989990  0.231201  0.510307  0.628236  0.746164  0.926907
  1435.530029  0.228780  0.503341  0.620104  0.736867  0.914247
  1439.069946  0.223013  0.497579  0.613301  0.729022  0.902860
  1442.599976  0.223129  0.492705  0.607699  0.722694  0.895511
  1446.140015  0.217768  0.489015  0.603354  0.717693  0.887208
  1449.680054  0.218726  0.486021  0.599986  0.713951  0.883583
  1453.219971  0.218192  0.483724  0.597325  0.710927  0.882925
  1456.760010  0.217396  0.481964  0.595374  0.708784  0.880318
  1460.300049  0.213803  0.480408  0.593712  0.707016  0.881475
  1463.839966  0.214098  0.479660  0.592935  0.706211  0.884900
  1467.380005  0.214590  0.479054  0.592323  0.705593  0.885599
  1470.920044  0.213070  0.478914  0.592291  0.705668  0.887194
  1474.459961  0.215105  0.478703  0.592298  0.705894  0.887971
  1478.010010  0.215866  0.479213  0.592975  0.706738  0.887416
  1481.550049  0.216561  0.479419  0.593423  0.707427  0.883706
  1485.089966  0.214027  0.479891  0.594106  0.708321  0.884447
  1488.640015  0.216797  0.480209  0.594614  0.709018  0.883504
  1492.180054  0.214561  0.480923  0.595613  0.710303  0.888353
  1495.729980  0.216792  0.481496  0.596507  0.711519  0.890232
  1499.270020  0.212198  0.482614  0.597980  0.713346  0.894949
  1502.819946  0.216369  0.483618  0.599314  0.715010  0.899178
  1506.369995  0.216319  0.484557  0.600652  0.716748  0.906525
  1509.910034  0.217509  0.485541  0.602016  0.718491  0.911761
  1513.459961  0.215342  0.486437  0.603193  0.719949  0.915644
  1517.010010  0.218346  0.487096  0.604252  0.721408  0.914334
  1520.560059  0.218830  0.487898  0.605318  0.722737  0.917038
  1524.109985  0.217806  0.488300  0.606102  0.723904  0.920582
  1527.660034  0.219287  0.488884  0.606873  0.724861  0.920101
  1531.209961  0.219024  0.488877  0.607084  0.725291  0.918723
  1534.760010  0.218626  0.489089  0.607384  0.725678  0.914978
  1538.319946  0.219280  0.488789  0.607343  0.725897  0.918995
  1541.869995  0.218852  0.488603  0.607203  0.725803  0.915412
  1545.420044  0.219837  0.488046  0.606733  0.725420  0.918591
  1548.979980  0.216603  0.487392  0.606069  0.724745  0.917911
  1552.530029  0.216416  0.486578  0.605314  0.724051  0.921130
  1556.089966  0.216376  0.485614  0.604400  0.723186  0.923793
  1559.640015  0.217232  0.484746  0.603498  0.722249  0.924478
  1563.199951  0.214834  0.483930  0.602709  0.721488  0.923538
  1566.750000  0.215358  0.483093  0.601865  0.720636  0.923420
  1570.310059  0.214757  0.482147  0.600964  0.719782  0.918792
  1573.869995  0.213631  0.481377  0.600187  0.718997  0.916364
  1577.430054  0.215799  0.480882  0.599721  0.718561  0.913032
  1580.989990  0.209888  0.480252  0.599125  0.717998  0.912490
  1584.550049  0.212884  0.479668  0.598675  0.717683  0.911109
  1588.109985  0.210435  0.479043  0.598092  0.717142  0.908392
  1591.670044  0.213760  0.479134  0.598252  0.717370  0.906637
  1595.229980  0.209540  0.478658  0.597805  0.716951  0.909762
  1598.790039  0.213655  0.478366  0.597594  0.716823  0.905729
  1602.349976  0.209168  0.478092  0.597384  0.716676  0.908697
  1605.920044  0.211909  0.477553  0.596965  0.716376  0.904764
  1609.479980  0.210589  0.477123  0.596520  0.715917  0.901969
  1613.040039  0.210001  0.476198  0.595579  0.714960  0.901290
  1616.609985  0.208494  0.475004  0.594199  0.713393  0.890762
  1620.170044  0.206021  0.473588  0.592677  0.711767  0.878358
  1623.739990  0.205638  0.471552  0.590408  0.709265  0.863839
  1627.310059  0.203864  0.469544  0.588300  0.707056  0.864978
  1630.869995  0.198714  0.467327  0.586041  0.704755  0.859043
  1634.439941  0.199372  0.465598  0.584413  0.703227  0.860109
  1638.010010  0.198579  0.464061  0.583029  0.701997  0.860279
  1641.579956  0.197430  0.463456  0.582629  0.701803  0.859784
  1645.150024  0.195125  0.463245  0.582444  0.701642  0.858721
  1648.709961  0.197135  0.463029  0.582258  0.701487  0.857762
  1652.290039  0.197422  0.462762  0.581922  0.701081  0.858097
  1655.859985  0.194701  0.460603  0.579682  0.698761  0.858910
  1659.430054  0.191042  0.455846  0.575255  0.694664  0.852900
  1663.000000  0.184442  0.448481  0.569165  0.689848  0.852263
  1666.569946  0.180069  0.438923  0.562122  0.685321  0.847550
  1670.140015  0.175962  0.428222  0.554921  0.681619  0.843683
  1673.719971  0.169919  0.418407  0.548377  0.678348  0.836497
  1677.290039  0.167569  0.411322  0.543214  0.675106  0.829906
  1680.869995  0.167357  0.407246  0.539437  0.671628  0.827096
  1684.439941  0.164239  0.405477  0.536317  0.667158  0.819098
  1688.020020  0.168572  0.404486  0.532830  0.661173  0.809140
  1691.589966  0.160022  0.403299  0.528471  0.653644  0.797962
  1695.170044  0.174256  0.403080  0.524673  0.646266  0.791603
  1698.750000  0.169075  0.403583  0.520405  0.637227  0.782888
  1702.329956  0.179519  0.404832  0.516950  0.629068  0.781155
  1705.910034  0.172384  0.404738  0.513017  0.621297  0.753654
  1709.489990  0.187664  0.403036  0.507869  0.612701  0.754168
  1713.069946  0.179170  0.400122  0.501493  0.602864  0.740977
  1716.650024  0.188107  0.396382  0.494417  0.592452  0.727510
  1720.229980  0.177869  0.392509  0.486860  0.581211  0.707665
