ENVI ASCII Plot File [Sun Apr 06 16:06:51 2025]
Column 1: Wavelength
Column 2: Min: ROI #9~~2##255,0,0
Column 3: Mean-StdDev: ROI #9~~21##0,200,0
Column 4: Mean: ROI #9~~0##0,0,0
Column 5: Mean+StdDev: ROI #9~~21##0,200,0
Column 6: Max: ROI #9~~2##255,0,0
   935.609985  0.162999  0.384749  0.455954  0.527159  0.641480
   939.059998  0.173642  0.386715  0.458159  0.529603  0.648392
   942.520020  0.183213  0.394806  0.478486  0.562166  0.692773
   945.979980  0.172819  0.401394  0.495689  0.589984  0.720159
   949.429993  0.177124  0.406424  0.507988  0.609553  0.766019
   952.890015  0.169034  0.411935  0.517243  0.622552  0.771512
   956.349976  0.170486  0.416505  0.524070  0.631635  0.791100
   959.809998  0.169914  0.420406  0.529238  0.638070  0.797976
   963.270020  0.173097  0.424111  0.533888  0.643665  0.806580
   966.729980  0.174204  0.427327  0.537926  0.648526  0.812705
   970.190002  0.179230  0.430784  0.542197  0.653610  0.817992
   973.650024  0.177850  0.433781  0.545860  0.657938  0.822513
   977.109985  0.181746  0.436890  0.549647  0.662404  0.829700
   980.580017  0.182514  0.440288  0.553651  0.667014  0.833934
   984.039978  0.184374  0.443413  0.557454  0.671494  0.841240
   987.510010  0.184245  0.446373  0.561016  0.675659  0.844373
   990.969971  0.188203  0.449639  0.564859  0.680079  0.853144
   994.429993  0.189484  0.452874  0.568747  0.684621  0.858618
   997.900024  0.189894  0.456339  0.572812  0.689285  0.862828
  1001.369995  0.191784  0.459315  0.576376  0.693437  0.868028
  1004.830017  0.195599  0.462513  0.580176  0.697838  0.872921
  1008.299988  0.196533  0.465754  0.584060  0.702365  0.878717
  1011.770020  0.199347  0.469237  0.588080  0.706923  0.882575
  1015.239990  0.201403  0.472346  0.591807  0.711268  0.888616
  1018.710022  0.201003  0.475443  0.595435  0.715428  0.892912
  1022.179993  0.203001  0.478658  0.599251  0.719844  0.899854
  1025.650024  0.205569  0.481943  0.603153  0.724363  0.904614
  1029.119995  0.206557  0.485067  0.606867  0.728668  0.912074
  1032.589966  0.208098  0.488235  0.610583  0.732930  0.916494
  1036.060059  0.210475  0.491269  0.614141  0.737013  0.920648
  1039.530029  0.212806  0.494277  0.617734  0.741191  0.926694
  1043.000000  0.214664  0.497448  0.621478  0.745509  0.931785
  1046.479980  0.215157  0.500641  0.625199  0.749757  0.935371
  1049.949951  0.216866  0.503625  0.628720  0.753815  0.943337
  1053.430054  0.219596  0.506568  0.632207  0.757845  0.948020
  1056.900024  0.221421  0.509532  0.635714  0.761897  0.952708
  1060.380005  0.222180  0.512450  0.639170  0.765890  0.955725
  1063.849976  0.223739  0.515354  0.642629  0.769904  0.961219
  1067.329956  0.225672  0.518178  0.645986  0.773795  0.966452
  1070.810059  0.227589  0.521047  0.649353  0.777659  0.971669
  1074.290039  0.229380  0.523975  0.652819  0.781662  0.978280
  1077.760010  0.230329  0.526743  0.656104  0.785464  0.982099
  1081.239990  0.232976  0.529496  0.659342  0.789187  0.986779
  1084.719971  0.234423  0.532223  0.662563  0.792903  0.993420
  1088.199951  0.235801  0.534807  0.665598  0.796389  0.997509
  1091.680054  0.234910  0.537329  0.668588  0.799847  0.999770
  1095.170044  0.235395  0.539821  0.671584  0.803347  1.002878
  1098.650024  0.238873  0.542303  0.674525  0.806746  1.007041
  1102.130005  0.240676  0.544521  0.677185  0.809848  1.011144
  1105.609985  0.240699  0.546604  0.679681  0.812758  1.013728
  1109.099976  0.240840  0.548637  0.682054  0.815470  1.014923
  1112.579956  0.242776  0.550670  0.684467  0.818264  1.017485
  1116.069946  0.245136  0.552622  0.686815  0.821009  1.018159
  1119.550049  0.246697  0.554506  0.689063  0.823620  1.018035
  1123.040039  0.248044  0.556217  0.691092  0.825968  1.017511
  1126.520020  0.247233  0.557674  0.692863  0.828051  1.014122
  1130.010010  0.248091  0.558673  0.694157  0.829640  1.016331
  1133.500000  0.249827  0.559357  0.695103  0.830850  1.018928
  1136.989990  0.249707  0.559576  0.695622  0.831668  1.018022
  1140.469971  0.251136  0.560018  0.696339  0.832661  1.020567
  1143.959961  0.250095  0.560712  0.697320  0.833927  1.023334
  1147.449951  0.252117  0.561722  0.698561  0.835400  1.026766
  1150.939941  0.251626  0.563024  0.700001  0.836979  1.028084
  1154.430054  0.252586  0.564386  0.701376  0.838366  1.028748
  1157.930054  0.252968  0.565102  0.702146  0.839190  1.025734
  1161.420044  0.253156  0.565495  0.702502  0.839509  1.028423
  1164.910034  0.252723  0.565381  0.702447  0.839513  1.027924
  1168.400024  0.253111  0.565456  0.702495  0.839534  1.031552
  1171.900024  0.251982  0.565426  0.702477  0.839528  1.033359
  1175.390015  0.252289  0.565258  0.702331  0.839404  1.031844
  1178.890015  0.251975  0.564943  0.702048  0.839153  1.033096
  1182.380005  0.254118  0.564899  0.701995  0.839091  1.030778
  1185.880005  0.252818  0.564955  0.702129  0.839302  1.029131
  1189.369995  0.253216  0.565493  0.702814  0.840135  1.029219
  1192.869995  0.252963  0.566263  0.703862  0.841461  1.030390
  1196.369995  0.253823  0.567570  0.705423  0.843277  1.032244
  1199.869995  0.253899  0.568926  0.707054  0.845181  1.034824
  1203.369995  0.255129  0.570382  0.708840  0.847297  1.037425
  1206.869995  0.256952  0.571837  0.710618  0.849398  1.039052
  1210.369995  0.257148  0.573584  0.712733  0.851881  1.040591
  1213.869995  0.258935  0.575897  0.715457  0.855017  1.045748
  1217.369995  0.259078  0.578664  0.718742  0.858820  1.051521
  1220.869995  0.259981  0.581631  0.722285  0.862938  1.058324
  1224.369995  0.262025  0.584890  0.726113  0.867337  1.061205
  1227.869995  0.264889  0.588063  0.729886  0.871709  1.072982
  1231.380005  0.265489  0.591194  0.733529  0.875864  1.078794
  1234.880005  0.269336  0.593949  0.736824  0.879700  1.086532
  1238.390015  0.270448  0.596696  0.740061  0.883426  1.091697
  1241.890015  0.273468  0.599105  0.742895  0.886684  1.096872
  1245.400024  0.273187  0.601405  0.745679  0.889954  1.103357
  1248.900024  0.274367  0.603557  0.748241  0.892924  1.107132
  1252.410034  0.273266  0.605682  0.750765  0.895848  1.110853
  1255.920044  0.277027  0.607593  0.753091  0.898589  1.115144
  1259.420044  0.277161  0.609270  0.755141  0.901013  1.120027
  1262.930054  0.280049  0.610920  0.757132  0.903345  1.121716
  1266.439941  0.278588  0.612790  0.759253  0.905717  1.121442
  1269.949951  0.281041  0.614127  0.760987  0.907847  1.127129
  1273.459961  0.280863  0.615728  0.762923  0.910119  1.129882
  1276.969971  0.282934  0.617231  0.764801  0.912371  1.130894
  1280.479980  0.283529  0.618961  0.766843  0.914726  1.135293
  1283.989990  0.286174  0.620500  0.768750  0.917001  1.140581
  1287.510010  0.284220  0.622218  0.770800  0.919382  1.148036
  1291.020020  0.285767  0.623574  0.772551  0.921528  1.148233
  1294.530029  0.287172  0.625070  0.774275  0.923480  1.148827
  1298.050049  0.288315  0.626329  0.775881  0.925434  1.150494
  1301.560059  0.290379  0.627731  0.777518  0.927305  1.153685
  1305.079956  0.290916  0.628876  0.778916  0.928956  1.151847
  1308.589966  0.289900  0.629903  0.780197  0.930490  1.157312
  1312.109985  0.290833  0.630671  0.781243  0.931815  1.157568
  1315.619995  0.292528  0.631341  0.782068  0.932794  1.158944
  1319.140015  0.289531  0.631445  0.782326  0.933206  1.157206
  1322.660034  0.293691  0.631846  0.782763  0.933679  1.159528
  1326.180054  0.290384  0.631350  0.782414  0.933478  1.157692
  1329.699951  0.290115  0.630727  0.781712  0.932697  1.157593
  1333.219971  0.289989  0.629214  0.780126  0.931037  1.153460
  1336.739990  0.289451  0.627290  0.778027  0.928763  1.150549
  1340.260010  0.283961  0.624823  0.775321  0.925819  1.146902
  1343.780029  0.284195  0.622126  0.772230  0.922334  1.137834
  1347.300049  0.278637  0.618562  0.768260  0.917959  1.130897
  1350.819946  0.277789  0.614665  0.763792  0.912918  1.127159
  1354.349976  0.273575  0.610830  0.759368  0.907905  1.120120
  1357.869995  0.272079  0.607261  0.755253  0.903246  1.115887
  1361.390015  0.269214  0.603920  0.751474  0.899027  1.110555
  1364.920044  0.266418  0.600843  0.748008  0.895174  1.101507
  1368.439941  0.262721  0.597729  0.744634  0.891539  1.096373
  1371.969971  0.261183  0.595095  0.741735  0.888374  1.092116
  1375.500000  0.260065  0.592910  0.739402  0.885894  1.089175
  1379.020020  0.262130  0.591153  0.737203  0.883253  1.085168
  1382.550049  0.257599  0.588945  0.734682  0.880419  1.080478
  1386.079956  0.254874  0.586185  0.731801  0.877417  1.079193
  1389.609985  0.253640  0.582875  0.728153  0.873430  1.073353
  1393.140015  0.250032  0.579650  0.724299  0.868949  1.066492
  1396.670044  0.250144  0.575435  0.719554  0.863673  1.062456
  1400.199951  0.245640  0.570718  0.714026  0.857334  1.054798
  1403.729980  0.242333  0.564372  0.706735  0.849097  1.047553
  1407.260010  0.233567  0.556367  0.697579  0.838791  1.035417
  1410.790039  0.228509  0.547013  0.686768  0.826523  1.018965
  1414.319946  0.220471  0.536292  0.674393  0.812495  0.999413
  1417.859985  0.215804  0.524557  0.660768  0.796980  0.983901
  1421.390015  0.207267  0.512568  0.646659  0.780749  0.963868
  1424.920044  0.202073  0.500719  0.632826  0.764934  0.945585
  1428.459961  0.194570  0.490150  0.620312  0.750473  0.925466
  1431.989990  0.190666  0.480583  0.609055  0.737527  0.912252
  1435.530029  0.182598  0.472575  0.599596  0.726618  0.896252
  1439.069946  0.181573  0.466262  0.592163  0.718063  0.887585
  1442.599976  0.178440  0.461359  0.586353  0.711347  0.874541
  1446.140015  0.175436  0.457655  0.582068  0.706481  0.873760
  1449.680054  0.172541  0.454852  0.578868  0.702883  0.864873
  1453.219971  0.173331  0.452921  0.576623  0.700324  0.865324
  1456.760010  0.170328  0.451918  0.575493  0.699067  0.863110
  1460.300049  0.172505  0.450993  0.574611  0.698228  0.863004
  1463.839966  0.168948  0.450930  0.574638  0.698347  0.862175
  1467.380005  0.170618  0.450978  0.574839  0.698701  0.864107
  1470.920044  0.169971  0.451430  0.575480  0.699530  0.867270
  1474.459961  0.168709  0.451697  0.576011  0.700324  0.871249
  1478.010010  0.168919  0.452409  0.576954  0.701500  0.868963
  1481.550049  0.171096  0.453026  0.577804  0.702581  0.876428
  1485.089966  0.171048  0.453664  0.578687  0.703710  0.874118
  1488.640015  0.168293  0.454162  0.579389  0.704617  0.878469
  1492.180054  0.170301  0.454979  0.580541  0.706104  0.879640
  1495.729980  0.170807  0.455781  0.581712  0.707643  0.883642
  1499.270020  0.172701  0.457109  0.583306  0.709502  0.886574
  1502.819946  0.170118  0.458366  0.584961  0.711556  0.889687
  1506.369995  0.172908  0.459505  0.586494  0.713483  0.890449
  1509.910034  0.171219  0.460722  0.588115  0.715509  0.896313
  1513.459961  0.174345  0.462002  0.589804  0.717605  0.895356
  1517.010010  0.171982  0.462968  0.591125  0.719282  0.901460
  1520.560059  0.172302  0.463996  0.592518  0.721039  0.907250
  1524.109985  0.171777  0.464686  0.593533  0.722379  0.909050
  1527.660034  0.173795  0.465253  0.594323  0.723393  0.914657
  1531.209961  0.169312  0.465225  0.594570  0.723916  0.911353
  1534.760010  0.175166  0.465566  0.594989  0.724413  0.916076
  1538.319946  0.170831  0.465279  0.594817  0.724356  0.914566
  1541.869995  0.173336  0.465149  0.594748  0.724347  0.918502
  1545.420044  0.170893  0.464475  0.594146  0.723817  0.913501
  1548.979980  0.169665  0.463869  0.593542  0.723215  0.920133
  1552.530029  0.168927  0.462998  0.592634  0.722271  0.918579
  1556.089966  0.169784  0.462150  0.591844  0.721537  0.921230
  1559.640015  0.168114  0.461106  0.590755  0.720405  0.917584
  1563.199951  0.170085  0.460373  0.589974  0.719575  0.917212
  1566.750000  0.167421  0.459370  0.588979  0.718589  0.916130
  1570.310059  0.164386  0.458490  0.588051  0.717612  0.913327
  1573.869995  0.166663  0.457654  0.587233  0.716813  0.915554
  1577.430054  0.166285  0.457119  0.586676  0.716233  0.912644
  1580.989990  0.165509  0.456349  0.585933  0.715516  0.910729
  1584.550049  0.164047  0.456019  0.585609  0.715199  0.915208
  1588.109985  0.164350  0.455305  0.585069  0.714834  0.907775
  1591.670044  0.163798  0.455440  0.585185  0.714930  0.906579
  1595.229980  0.163419  0.454888  0.584732  0.714576  0.905278
  1598.790039  0.164181  0.454653  0.584532  0.714410  0.909040
  1602.349976  0.163129  0.454256  0.584213  0.714171  0.907120
  1605.920044  0.161292  0.453754  0.583799  0.713843  0.904591
  1609.479980  0.163084  0.453194  0.583226  0.713259  0.902224
  1613.040039  0.160210  0.452160  0.582165  0.712170  0.899433
  1616.609985  0.162204  0.450807  0.580744  0.710680  0.890198
  1620.170044  0.157561  0.449596  0.579368  0.709141  0.880140
  1623.739990  0.158877  0.447468  0.577157  0.706846  0.879093
  1627.310059  0.155165  0.445677  0.575225  0.704774  0.871584
  1630.869995  0.157603  0.443711  0.573134  0.702557  0.870216
  1634.439941  0.155036  0.442181  0.571551  0.700921  0.866032
  1638.010010  0.155323  0.440611  0.570069  0.699527  0.866007
  1641.579956  0.153456  0.439820  0.569331  0.698841  0.866345
  1645.150024  0.153601  0.439132  0.568558  0.697984  0.867294
  1648.709961  0.152692  0.438289  0.567737  0.697186  0.864719
  1652.290039  0.155468  0.437607  0.566853  0.696099  0.864801
  1655.859985  0.153203  0.435413  0.564580  0.693746  0.862768
  1659.430054  0.151064  0.431789  0.560926  0.690063  0.857348
  1663.000000  0.149570  0.426362  0.555925  0.685487  0.853364
  1666.569946  0.146859  0.419794  0.550154  0.680514  0.848923
  1670.140015  0.145236  0.412653  0.544372  0.676090  0.837387
  1673.719971  0.140221  0.405881  0.538763  0.671644  0.833802
  1677.290039  0.141646  0.400492  0.533935  0.667379  0.830250
  1680.869995  0.137957  0.396850  0.529878  0.662905  0.827017
  1684.439941  0.137682  0.394200  0.526145  0.658090  0.819168
  1688.020020  0.136821  0.391785  0.521820  0.651855  0.807214
  1691.589966  0.142900  0.388988  0.516566  0.644144  0.805116
  1695.170044  0.138444  0.386347  0.511158  0.635969  0.788527
  1698.750000  0.146938  0.383786  0.504992  0.626198  0.783659
  1702.329956  0.145323  0.381819  0.499502  0.617186  0.758901
  1705.910034  0.149886  0.379394  0.493800  0.608205  0.760231
  1709.489990  0.140921  0.376791  0.488081  0.599372  0.744502
  1713.069946  0.156208  0.372889  0.480681  0.588472  0.725275
  1716.650024  0.148609  0.368448  0.472824  0.577201  0.707663
  1720.229980  0.149540  0.363854  0.464329  0.564803  0.697599
