ENVI ASCII Plot File [Sun Apr 06 16:54:42 2025]
Column 1: Wavelength
Column 2: Min: ROI #58~~2##255,0,0
Column 3: Mean-StdDev: ROI #58~~21##0,200,0
Column 4: Mean: ROI #58~~0##0,0,0
Column 5: Mean+StdDev: ROI #58~~21##0,200,0
Column 6: Max: ROI #58~~2##255,0,0
   935.609985  0.264522  0.510835  0.596288  0.681740  0.819990
   939.059998  0.270039  0.513567  0.599390  0.685213  0.820833
   942.520020  0.290457  0.533627  0.632701  0.731775  0.871076
   945.979980  0.275518  0.548722  0.657840  0.766959  0.907637
   949.429993  0.278653  0.558256  0.674455  0.790653  0.937075
   952.890015  0.274125  0.566288  0.685644  0.805000  0.954043
   956.349976  0.277622  0.571712  0.693156  0.814599  0.959791
   959.809998  0.276246  0.575773  0.698176  0.820579  0.966754
   963.270020  0.277779  0.579162  0.702594  0.826026  0.975168
   966.729980  0.277813  0.582358  0.706442  0.830526  0.983559
   970.190002  0.279568  0.585571  0.710371  0.835171  0.981938
   973.650024  0.281671  0.588170  0.713527  0.838885  0.988937
   977.109985  0.284171  0.590895  0.716847  0.842800  0.991369
   980.580017  0.282887  0.593791  0.720135  0.846478  0.997780
   984.039978  0.286640  0.596451  0.723397  0.850344  1.001532
   987.510010  0.288840  0.599073  0.726456  0.853838  1.006646
   990.969971  0.290164  0.601742  0.729669  0.857597  1.006882
   994.429993  0.289316  0.604477  0.732835  0.861193  1.012818
   997.900024  0.290856  0.607298  0.736140  0.864981  1.017640
  1001.369995  0.294349  0.609777  0.739152  0.868527  1.020969
  1004.830017  0.297148  0.612415  0.742301  0.872188  1.025651
  1008.299988  0.297637  0.615174  0.745523  0.875872  1.029373
  1011.770020  0.295120  0.618020  0.748826  0.879633  1.034402
  1015.239990  0.297421  0.620655  0.751974  0.883293  1.037665
  1018.710022  0.296947  0.623253  0.755035  0.886817  1.040944
  1022.179993  0.302630  0.625901  0.758174  0.890447  1.044176
  1025.650024  0.305040  0.628604  0.761376  0.894148  1.051134
  1029.119995  0.306342  0.631191  0.764467  0.897743  1.051729
  1032.589966  0.306867  0.633868  0.767561  0.901254  1.055029
  1036.060059  0.307722  0.636293  0.770444  0.904595  1.057789
  1039.530029  0.309313  0.638788  0.773428  0.908069  1.061672
  1043.000000  0.311900  0.641406  0.776525  0.911644  1.066944
  1046.479980  0.313350  0.644026  0.779546  0.915065  1.072472
  1049.949951  0.313256  0.646414  0.782396  0.918379  1.075138
  1053.430054  0.314621  0.648809  0.785214  0.921618  1.077099
  1056.900024  0.315766  0.651184  0.788067  0.924949  1.080794
  1060.380005  0.317326  0.653547  0.790861  0.928175  1.084725
  1063.849976  0.318816  0.655844  0.793617  0.931390  1.088933
  1067.329956  0.319281  0.658135  0.796352  0.934569  1.092341
  1070.810059  0.321110  0.660378  0.799020  0.937662  1.094676
  1074.290039  0.322981  0.662624  0.801655  0.940687  1.099965
  1077.760010  0.323444  0.664739  0.804158  0.943577  1.104137
  1081.239990  0.323994  0.666876  0.806735  0.946594  1.106985
  1084.719971  0.324323  0.668913  0.809187  0.949461  1.109195
  1088.199951  0.326579  0.670799  0.811422  0.952045  1.112110
  1091.680054  0.327455  0.672621  0.813598  0.954574  1.115253
  1095.170044  0.327316  0.674339  0.815704  0.957069  1.116655
  1098.650024  0.330244  0.676089  0.817711  0.959334  1.119846
  1102.130005  0.331501  0.677499  0.819417  0.961336  1.122202
  1105.609985  0.330687  0.678737  0.820896  0.963055  1.123676
  1109.099976  0.329687  0.679872  0.822214  0.964556  1.125099
  1112.579956  0.332253  0.681021  0.823587  0.966153  1.126342
  1116.069946  0.333376  0.682028  0.824827  0.967626  1.127961
  1119.550049  0.332621  0.682998  0.825940  0.968882  1.128639
  1123.040039  0.331171  0.683657  0.826724  0.969791  1.131987
  1126.520020  0.331643  0.684022  0.827109  0.970196  1.131379
  1130.010010  0.329800  0.683871  0.826954  0.970036  1.132557
  1133.500000  0.329673  0.683148  0.826169  0.969190  1.133291
  1136.989990  0.327254  0.681886  0.824936  0.967986  1.135219
  1140.469971  0.325723  0.680735  0.823879  0.967024  1.135870
  1143.959961  0.324589  0.680052  0.823330  0.966608  1.134768
  1147.449951  0.325382  0.680206  0.823579  0.966952  1.134124
  1150.939941  0.325171  0.680977  0.824326  0.967676  1.133753
  1154.430054  0.326855  0.681728  0.824998  0.968268  1.132247
  1157.930054  0.326493  0.681892  0.825090  0.968289  1.133570
  1161.420044  0.328162  0.681418  0.824443  0.967469  1.134762
  1164.910034  0.329745  0.680361  0.823226  0.966091  1.130544
  1168.400024  0.328334  0.679268  0.821937  0.964606  1.128853
  1171.900024  0.328174  0.678272  0.820739  0.963206  1.128083
  1175.390015  0.326430  0.677258  0.819598  0.961938  1.125423
  1178.890015  0.327446  0.676416  0.818569  0.960722  1.124850
  1182.380005  0.323804  0.675716  0.817749  0.959783  1.124694
  1185.880005  0.325071  0.675409  0.817350  0.959290  1.124954
  1189.369995  0.322489  0.675496  0.817560  0.959624  1.126223
  1192.869995  0.325353  0.676240  0.818469  0.960699  1.124285
  1196.369995  0.323264  0.677345  0.819833  0.962321  1.127648
  1199.869995  0.325138  0.678583  0.821361  0.964140  1.131032
  1203.369995  0.323572  0.679834  0.822958  0.966081  1.133135
  1206.869995  0.327196  0.681199  0.824603  0.968008  1.134368
  1210.369995  0.327510  0.682867  0.826618  0.970370  1.138389
  1213.869995  0.326571  0.684749  0.828951  0.973152  1.140876
  1217.369995  0.328800  0.687074  0.831711  0.976347  1.144179
  1220.869995  0.330261  0.689322  0.834509  0.979695  1.147264
  1224.369995  0.331926  0.691736  0.837412  0.983089  1.152409
  1227.869995  0.334698  0.694053  0.840247  0.986441  1.153600
  1231.380005  0.332742  0.696336  0.842980  0.989624  1.156901
  1234.880005  0.334722  0.698303  0.845430  0.992556  1.161088
  1238.390015  0.335959  0.700294  0.847714  0.995134  1.164289
  1241.890015  0.338634  0.701910  0.849761  0.997611  1.166416
  1245.400024  0.338678  0.703475  0.851574  0.999674  1.172268
  1248.900024  0.337779  0.704806  0.853365  1.001924  1.170582
  1252.410034  0.338225  0.706259  0.855023  1.003787  1.174543
  1255.920044  0.340012  0.707389  0.856499  1.005609  1.171246
  1259.420044  0.341264  0.708356  0.857702  1.007048  1.174667
  1262.930054  0.339706  0.709328  0.858988  1.008648  1.179512
  1266.439941  0.340097  0.710505  0.860237  1.009968  1.179186
  1269.949951  0.342058  0.711302  0.861407  1.011512  1.180197
  1273.459961  0.342418  0.712365  0.862617  1.012869  1.184046
  1276.969971  0.339008  0.713141  0.863724  1.014308  1.182241
  1280.479980  0.344111  0.714280  0.865035  1.015790  1.184137
  1283.989990  0.340633  0.715042  0.866192  1.017343  1.189324
  1287.510010  0.341989  0.716195  0.867465  1.018736  1.188133
  1291.020020  0.341124  0.716842  0.868494  1.020145  1.192643
  1294.530029  0.342967  0.717713  0.869441  1.021169  1.191620
  1298.050049  0.341159  0.718215  0.870209  1.022204  1.190558
  1301.560059  0.342740  0.718956  0.871070  1.023183  1.188763
  1305.079956  0.341653  0.719306  0.871592  1.023878  1.192842
  1308.589966  0.343945  0.719550  0.871957  1.024365  1.193114
  1312.109985  0.340671  0.719482  0.872016  1.024551  1.198452
  1315.619995  0.342290  0.719247  0.871807  1.024368  1.195841
  1319.140015  0.339918  0.718575  0.871112  1.023650  1.195294
  1322.660034  0.339695  0.717901  0.870313  1.022725  1.194285
  1326.180054  0.338763  0.716682  0.868978  1.021275  1.197658
  1329.699951  0.335981  0.714840  0.866907  1.018974  1.190617
  1333.219971  0.335872  0.712299  0.863992  1.015685  1.186529
  1336.739990  0.334384  0.709442  0.860784  1.012126  1.183923
  1340.260010  0.331582  0.706352  0.857192  1.008033  1.176899
  1343.780029  0.332538  0.702931  0.853148  1.003366  1.176529
  1347.300049  0.328560  0.699195  0.848737  0.998280  1.171452
  1350.819946  0.324901  0.695153  0.844151  0.993150  1.160919
  1354.349976  0.323097  0.691589  0.839828  0.988068  1.156086
  1357.869995  0.320751  0.688147  0.835771  0.983396  1.152867
  1361.390015  0.318782  0.684917  0.831888  0.978860  1.147717
  1364.920044  0.318519  0.681605  0.828203  0.974801  1.139410
  1368.439941  0.314753  0.678464  0.824521  0.970578  1.135543
  1371.969971  0.311268  0.675601  0.821401  0.967201  1.135471
  1375.500000  0.312734  0.673240  0.818717  0.964194  1.131258
  1379.020020  0.308824  0.671151  0.816130  0.961110  1.127650
  1382.550049  0.307978  0.668758  0.813283  0.957808  1.124206
  1386.079956  0.304769  0.665679  0.809921  0.954164  1.123036
  1389.609985  0.302366  0.661931  0.805585  0.949239  1.115632
  1393.140015  0.300331  0.657805  0.800512  0.943220  1.111384
  1396.670044  0.299474  0.652431  0.794195  0.935959  1.101878
  1400.199951  0.292715  0.646634  0.787253  0.927872  1.092948
  1403.729980  0.292149  0.639630  0.779002  0.918374  1.078065
  1407.260010  0.284917  0.631685  0.769510  0.907334  1.067899
  1410.790039  0.281383  0.622881  0.759240  0.895599  1.055170
  1414.319946  0.276553  0.613546  0.748241  0.882935  1.043599
  1417.859985  0.270538  0.603758  0.736706  0.869654  1.028518
  1421.390015  0.266895  0.594211  0.725228  0.856245  1.019270
  1424.920044  0.264012  0.584523  0.713825  0.843127  0.998537
  1428.459961  0.258229  0.576009  0.703465  0.830921  0.984234
  1431.989990  0.253104  0.567821  0.693887  0.819953  0.979203
  1435.530029  0.251697  0.561203  0.685828  0.810454  0.966674
  1439.069946  0.250874  0.555238  0.678916  0.802594  0.956653
  1442.599976  0.247022  0.550474  0.673230  0.795986  0.949790
  1446.140015  0.244856  0.546508  0.668633  0.790757  0.943934
  1449.680054  0.245419  0.543342  0.664906  0.786470  0.936630
  1453.219971  0.242394  0.540656  0.661826  0.782996  0.931650
  1456.760010  0.240635  0.538787  0.659564  0.780342  0.929142
  1460.300049  0.238958  0.536673  0.657342  0.778011  0.927968
  1463.839966  0.239216  0.535565  0.655983  0.776400  0.923353
  1467.380005  0.233571  0.534487  0.654890  0.775294  0.924019
  1470.920044  0.237224  0.534142  0.654438  0.774735  0.922494
  1474.459961  0.233855  0.533512  0.653980  0.774447  0.925815
  1478.010010  0.238461  0.533666  0.654092  0.774518  0.921338
  1481.550049  0.235214  0.533629  0.654254  0.774879  0.924779
  1485.089966  0.237383  0.533838  0.654566  0.775294  0.919315
  1488.640015  0.234471  0.533816  0.654674  0.775532  0.921514
  1492.180054  0.236136  0.534264  0.655283  0.776302  0.921745
  1495.729980  0.234436  0.534410  0.655720  0.777030  0.923447
  1499.270020  0.237605  0.535168  0.656661  0.778153  0.920163
  1502.819946  0.234949  0.535820  0.657517  0.779214  0.926014
  1506.369995  0.236520  0.536423  0.658496  0.780569  0.931563
  1509.910034  0.235433  0.537291  0.659514  0.781736  0.935925
  1513.459961  0.236800  0.538073  0.660635  0.783198  0.935691
  1517.010010  0.236062  0.538686  0.661550  0.784414  0.938060
  1520.560059  0.237150  0.539223  0.662417  0.785612  0.942037
  1524.109985  0.233234  0.539780  0.663109  0.786439  0.940027
  1527.660034  0.234398  0.540101  0.663638  0.787175  0.938755
  1531.209961  0.231155  0.540113  0.663798  0.787482  0.941525
  1534.760010  0.232827  0.540276  0.664072  0.787868  0.942929
  1538.319946  0.233393  0.540001  0.663852  0.787704  0.937524
  1541.869995  0.234205  0.539632  0.663637  0.787641  0.938417
  1545.420044  0.234265  0.539251  0.663123  0.786995  0.939479
  1548.979980  0.231291  0.538545  0.662480  0.786414  0.941788
  1552.530029  0.230199  0.537657  0.661554  0.785450  0.932766
  1556.089966  0.230340  0.536815  0.660700  0.784584  0.930211
  1559.640015  0.231659  0.535724  0.659480  0.783235  0.931197
  1563.199951  0.228016  0.534866  0.658612  0.782358  0.933293
  1566.750000  0.229682  0.533716  0.657380  0.781045  0.924507
  1570.310059  0.228137  0.532746  0.656383  0.780020  0.928886
  1573.869995  0.229167  0.532085  0.655610  0.779134  0.927468
  1577.430054  0.225902  0.531442  0.654924  0.778405  0.926872
  1580.989990  0.226420  0.530607  0.654102  0.777598  0.922311
  1584.550049  0.224969  0.530053  0.653541  0.777029  0.924910
  1588.109985  0.226173  0.529313  0.652833  0.776352  0.924912
  1591.670044  0.224381  0.529212  0.652660  0.776109  0.926688
  1595.229980  0.224404  0.528366  0.651895  0.775423  0.922282
  1598.790039  0.223729  0.528093  0.651543  0.774992  0.923251
  1602.349976  0.223730  0.527532  0.651021  0.774511  0.920404
  1605.920044  0.221032  0.526916  0.650392  0.773868  0.917219
  1609.479980  0.220654  0.526141  0.649619  0.773096  0.918372
  1613.040039  0.218179  0.525088  0.648432  0.771776  0.920927
  1616.609985  0.219720  0.523774  0.646955  0.770135  0.916293
  1620.170044  0.220109  0.522298  0.645141  0.767984  0.912156
  1623.739990  0.216453  0.520037  0.642671  0.765305  0.916833
  1627.310059  0.213807  0.517876  0.640170  0.762464  0.910180
  1630.869995  0.214515  0.515127  0.637419  0.759710  0.910177
  1634.439941  0.209496  0.513226  0.635284  0.757341  0.907442
  1638.010010  0.208445  0.511109  0.633394  0.755679  0.909571
  1641.579956  0.209062  0.510130  0.632238  0.754345  0.908603
  1645.150024  0.207321  0.509188  0.631337  0.753486  0.904851
  1648.709961  0.205725  0.508729  0.630731  0.752732  0.901291
  1652.290039  0.206389  0.508107  0.630000  0.751892  0.903976
  1655.859985  0.207069  0.505973  0.627616  0.749259  0.900589
  1659.430054  0.200417  0.501304  0.623287  0.745270  0.902831
  1663.000000  0.202941  0.494248  0.617415  0.740582  0.894702
  1666.569946  0.195929  0.484904  0.610620  0.736336  0.888443
  1670.140015  0.191021  0.474399  0.603655  0.732912  0.880408
  1673.719971  0.186642  0.464837  0.597536  0.730235  0.883450
  1677.290039  0.183424  0.458068  0.592852  0.727637  0.874480
  1680.869995  0.177020  0.454261  0.589445  0.724629  0.875144
  1684.439941  0.179472  0.452641  0.586633  0.720625  0.867462
  1688.020020  0.176834  0.452015  0.583510  0.715005  0.858269
  1691.589966  0.178322  0.450776  0.579246  0.707715  0.854252
  1695.170044  0.181310  0.450784  0.575540  0.700295  0.844483
  1698.750000  0.183564  0.451097  0.571816  0.692535  0.841683
  1702.329956  0.178988  0.452202  0.568450  0.684698  0.834705
  1705.910034  0.184061  0.452411  0.564847  0.677283  0.821202
  1709.489990  0.195248  0.451836  0.560797  0.669757  0.822514
  1713.069946  0.195017  0.448137  0.554309  0.660481  0.803071
  1716.650024  0.184382  0.445110  0.547496  0.649883  0.778835
  1720.229980  0.186991  0.440111  0.539737  0.639363  0.795575
