ENVI ASCII Plot File [Sun Apr 06 16:04:23 2025]
Column 1: Wavelength
Column 2: Min: ROI #6~~2##255,0,0
Column 3: Mean-StdDev: ROI #6~~21##0,200,0
Column 4: Mean: ROI #6~~0##0,0,0
Column 5: Mean+StdDev: ROI #6~~21##0,200,0
Column 6: Max: ROI #6~~2##255,0,0
   935.609985  0.174555  0.389163  0.461499  0.533835  0.650846
   939.059998  0.178015  0.391016  0.463841  0.536666  0.651868
   942.520020  0.137140  0.400801  0.487685  0.574570  0.705118
   945.979980  0.135379  0.407813  0.506443  0.605073  0.735051
   949.429993  0.134230  0.412343  0.519475  0.626607  0.768585
   952.890015  0.132861  0.418608  0.529793  0.640979  0.782508
   956.349976  0.135731  0.423363  0.537153  0.650943  0.800691
   959.809998  0.135743  0.427624  0.542742  0.657860  0.808201
   963.270020  0.138033  0.431304  0.547550  0.663796  0.816104
   966.729980  0.136892  0.434792  0.551977  0.669162  0.819807
   970.190002  0.140404  0.438451  0.556527  0.674603  0.827606
   973.650024  0.142005  0.441467  0.560296  0.679125  0.834320
   977.109985  0.143871  0.444664  0.564229  0.683795  0.839769
   980.580017  0.145097  0.448046  0.568360  0.688673  0.845072
   984.039978  0.149664  0.451331  0.572346  0.693361  0.851202
   987.510010  0.149239  0.454379  0.576114  0.697850  0.854497
   990.969971  0.153140  0.457657  0.580037  0.702418  0.861809
   994.429993  0.152617  0.460974  0.584103  0.707233  0.867575
   997.900024  0.157422  0.464431  0.588272  0.712114  0.872325
  1001.369995  0.157299  0.467507  0.592023  0.716540  0.880215
  1004.830017  0.159593  0.470772  0.595936  0.721100  0.883911
  1008.299988  0.160856  0.474013  0.599914  0.725814  0.889455
  1011.770020  0.163671  0.477535  0.604118  0.730700  0.898792
  1015.239990  0.164597  0.480696  0.607978  0.735260  0.904773
  1018.710022  0.167345  0.483845  0.611741  0.739638  0.909325
  1022.179993  0.168255  0.487084  0.615643  0.744202  0.917379
  1025.650024  0.169730  0.490406  0.619696  0.748987  0.923347
  1029.119995  0.171221  0.493554  0.623553  0.753552  0.929057
  1032.589966  0.172335  0.496864  0.627463  0.758062  0.931526
  1036.060059  0.174140  0.499879  0.631121  0.762364  0.939394
  1039.530029  0.176348  0.502961  0.634904  0.766848  0.945954
  1043.000000  0.179198  0.506163  0.638756  0.771348  0.948965
  1046.479980  0.179927  0.509400  0.642581  0.775762  0.953732
  1049.949951  0.181547  0.512392  0.646221  0.780051  0.960646
  1053.430054  0.182770  0.515334  0.649786  0.784237  0.966704
  1056.900024  0.183805  0.518371  0.653448  0.788525  0.973847
  1060.380005  0.186874  0.521388  0.657068  0.792748  0.978818
  1063.849976  0.189557  0.524321  0.660623  0.796924  0.982762
  1067.329956  0.190388  0.527246  0.664173  0.801100  0.987949
  1070.810059  0.193104  0.530131  0.667639  0.805147  0.993107
  1074.290039  0.193251  0.532987  0.671125  0.809263  0.999961
  1077.760010  0.192966  0.535763  0.674497  0.813231  1.005396
  1081.239990  0.195218  0.538595  0.677883  0.817171  1.009837
  1084.719971  0.198194  0.541301  0.681188  0.821076  1.015562
  1088.199951  0.199313  0.543829  0.684280  0.824730  1.020083
  1091.680054  0.200323  0.546243  0.687264  0.828285  1.024235
  1095.170044  0.202806  0.548745  0.690309  0.831873  1.028771
  1098.650024  0.204518  0.551236  0.693267  0.835299  1.031885
  1102.130005  0.205382  0.553436  0.695969  0.838502  1.035238
  1105.609985  0.204894  0.555546  0.698543  0.841540  1.038715
  1109.099976  0.206845  0.557513  0.700919  0.844325  1.041821
  1112.579956  0.207989  0.559429  0.703294  0.847159  1.044666
  1116.069946  0.209892  0.561291  0.705597  0.849903  1.042963
  1119.550049  0.210293  0.563060  0.707791  0.852521  1.044533
  1123.040039  0.211568  0.564583  0.709623  0.854663  1.041788
  1126.520020  0.212232  0.565785  0.711034  0.856284  1.037549
  1130.010010  0.212935  0.566304  0.711758  0.857212  1.025661
  1133.500000  0.212941  0.566223  0.711792  0.857361  1.022650
  1136.989990  0.210897  0.565471  0.711291  0.857111  1.024153
  1140.469971  0.212706  0.564928  0.711089  0.857251  1.025594
  1143.959961  0.212192  0.564953  0.711445  0.857938  1.026133
  1147.449951  0.213619  0.565992  0.712716  0.859439  1.026385
  1150.939941  0.214311  0.567778  0.714641  0.861505  1.028179
  1154.430054  0.215818  0.569700  0.716604  0.863508  1.029008
  1157.930054  0.215031  0.570898  0.717905  0.864912  1.030016
  1161.420044  0.214719  0.571546  0.718553  0.865559  1.039769
  1164.910034  0.213347  0.571441  0.718496  0.865552  1.049490
  1168.400024  0.214447  0.571440  0.718447  0.865455  1.054223
  1171.900024  0.213002  0.571306  0.718314  0.865322  1.055427
  1175.390015  0.213500  0.571099  0.718115  0.865131  1.056230
  1178.890015  0.212862  0.570892  0.717839  0.864785  1.054188
  1182.380005  0.214809  0.570649  0.717557  0.864464  1.054136
  1185.880005  0.212327  0.570555  0.717519  0.864482  1.052839
  1189.369995  0.212777  0.570877  0.717981  0.865085  1.052513
  1192.869995  0.213444  0.571693  0.719051  0.866409  1.050363
  1196.369995  0.213597  0.572919  0.720555  0.868191  1.049790
  1199.869995  0.214850  0.574047  0.722066  0.870085  1.047685
  1203.369995  0.215337  0.575367  0.723730  0.872094  1.045202
  1206.869995  0.214923  0.576794  0.725542  0.874290  1.048508
  1210.369995  0.216980  0.578666  0.727835  0.877004  1.050322
  1213.869995  0.219012  0.580958  0.730688  0.880417  1.056049
  1217.369995  0.221853  0.583944  0.734259  0.884574  1.065747
  1220.869995  0.223518  0.586971  0.738096  0.889222  1.079384
  1224.369995  0.221055  0.590258  0.742078  0.893897  1.088286
  1227.869995  0.224074  0.593359  0.745922  0.898485  1.097769
  1231.380005  0.229722  0.596495  0.749733  0.902971  1.107251
  1234.880005  0.229685  0.599327  0.753173  0.907020  1.115057
  1238.390015  0.231258  0.601995  0.756431  0.910867  1.123939
  1241.890015  0.235297  0.604376  0.759356  0.914335  1.128929
  1245.400024  0.236867  0.606582  0.762021  0.917460  1.132921
  1248.900024  0.236642  0.608660  0.764609  0.920559  1.140736
  1252.410034  0.237469  0.610742  0.767127  0.923511  1.143777
  1255.920044  0.240170  0.612520  0.769384  0.926249  1.146461
  1259.420044  0.238209  0.614103  0.771365  0.928626  1.154298
  1262.930054  0.242157  0.615664  0.773347  0.931030  1.158437
  1266.439941  0.240451  0.617302  0.775342  0.933382  1.159795
  1269.949951  0.246361  0.618751  0.777205  0.935658  1.163067
  1273.459961  0.243796  0.620386  0.779187  0.937988  1.166240
  1276.969971  0.248369  0.621775  0.781046  0.940318  1.170382
  1280.479980  0.245299  0.623448  0.783089  0.942730  1.174121
  1283.989990  0.246672  0.624766  0.784863  0.944959  1.176358
  1287.510010  0.245693  0.626358  0.786787  0.947216  1.181734
  1291.020020  0.248762  0.627606  0.788498  0.949389  1.184558
  1294.530029  0.247103  0.629007  0.790152  0.951296  1.186802
  1298.050049  0.250489  0.630046  0.791630  0.953215  1.185510
  1301.560059  0.252146  0.631373  0.793181  0.954989  1.188737
  1305.079956  0.252499  0.632317  0.794425  0.956534  1.189579
  1308.589966  0.252897  0.633208  0.795522  0.957835  1.191229
  1312.109985  0.251326  0.633745  0.796325  0.958904  1.194969
  1315.619995  0.252210  0.634058  0.796786  0.959514  1.194329
  1319.140015  0.253129  0.633934  0.796825  0.959717  1.195123
  1322.660034  0.251560  0.633945  0.796777  0.959610  1.193510
  1326.180054  0.251651  0.633281  0.796128  0.958974  1.190860
  1329.699951  0.251111  0.632263  0.794998  0.957734  1.193103
  1333.219971  0.246388  0.630291  0.792851  0.955412  1.185518
  1336.739990  0.248664  0.628125  0.790286  0.952447  1.179679
  1340.260010  0.240396  0.625218  0.787053  0.948888  1.178063
  1343.780029  0.242293  0.622305  0.783461  0.944618  1.170355
  1347.300049  0.236470  0.618519  0.779141  0.939764  1.159862
  1350.819946  0.235086  0.614605  0.774485  0.934366  1.154806
  1354.349976  0.230425  0.610668  0.769862  0.929056  1.148170
  1357.869995  0.227106  0.607012  0.765454  0.923897  1.143313
  1361.390015  0.223237  0.603554  0.761333  0.919113  1.137013
  1364.920044  0.221729  0.600387  0.757635  0.914883  1.130726
  1368.439941  0.214379  0.597029  0.753858  0.910687  1.119102
  1371.969971  0.212279  0.594134  0.750573  0.907012  1.113852
  1375.500000  0.211055  0.591658  0.747823  0.903988  1.106666
  1379.020020  0.214780  0.589471  0.745096  0.900720  1.099143
  1382.550049  0.210725  0.586899  0.741986  0.897073  1.092250
  1386.079956  0.206501  0.583766  0.738435  0.893103  1.083443
  1389.609985  0.204981  0.579887  0.733989  0.888091  1.076362
  1393.140015  0.203640  0.575827  0.729041  0.882254  1.065451
  1396.670044  0.194577  0.570552  0.722862  0.875172  1.058417
  1400.199951  0.193577  0.564699  0.715764  0.866829  1.046577
  1403.729980  0.188251  0.557270  0.706964  0.856657  1.033332
  1407.260010  0.183434  0.548404  0.696395  0.844386  1.015229
  1410.790039  0.178550  0.538534  0.684648  0.830762  0.994315
  1414.319946  0.168833  0.527889  0.671913  0.815937  0.973773
  1417.859985  0.160787  0.516512  0.658353  0.800194  0.957014
  1421.390015  0.153724  0.505502  0.644955  0.784407  0.938462
  1424.920044  0.149397  0.494479  0.631725  0.768971  0.924455
  1428.459961  0.141061  0.484619  0.619755  0.754890  0.905066
  1431.989990  0.139946  0.475608  0.608888  0.742168  0.890858
  1435.530029  0.135068  0.468203  0.599893  0.731583  0.876604
  1439.069946  0.132637  0.461870  0.592325  0.722781  0.867960
  1442.599976  0.128970  0.456864  0.586338  0.715811  0.858669
  1446.140015  0.129007  0.453080  0.581742  0.710405  0.853296
  1449.680054  0.124486  0.449991  0.578166  0.706341  0.852377
  1453.219971  0.125470  0.447799  0.575548  0.703298  0.851725
  1456.760010  0.122669  0.446276  0.573726  0.701175  0.847109
  1460.300049  0.124385  0.444868  0.572195  0.699522  0.847903
  1463.839966  0.120585  0.444219  0.571505  0.698792  0.847465
  1467.380005  0.121561  0.443865  0.571213  0.698560  0.847563
  1470.920044  0.121904  0.444036  0.571493  0.698951  0.842799
  1474.459961  0.122884  0.444054  0.571742  0.699429  0.846899
  1478.010010  0.119686  0.444659  0.572562  0.700465  0.848207
  1481.550049  0.122241  0.445116  0.573303  0.701491  0.854138
  1485.089966  0.119257  0.445759  0.574230  0.702701  0.853725
  1488.640015  0.123068  0.446217  0.574962  0.703707  0.852846
  1492.180054  0.121162  0.447206  0.576248  0.705291  0.855850
  1495.729980  0.122377  0.447997  0.577454  0.706911  0.861593
  1499.270020  0.119921  0.449229  0.579030  0.708831  0.864704
  1502.819946  0.120679  0.450398  0.580582  0.710766  0.867161
  1506.369995  0.121299  0.451475  0.582121  0.712766  0.868574
  1509.910034  0.121555  0.452654  0.583629  0.714604  0.872503
  1513.459961  0.122247  0.454036  0.585422  0.716808  0.876929
  1517.010010  0.122992  0.454956  0.586795  0.718635  0.878947
  1520.560059  0.123123  0.455920  0.588171  0.720423  0.882634
  1524.109985  0.121935  0.456730  0.589237  0.721745  0.881705
  1527.660034  0.124438  0.457339  0.590099  0.722859  0.885240
  1531.209961  0.121048  0.457309  0.590388  0.723467  0.887070
  1534.760010  0.121775  0.457869  0.591044  0.724219  0.888156
  1538.319946  0.119594  0.457632  0.590942  0.724252  0.887577
  1541.869995  0.123092  0.457510  0.590862  0.724214  0.886018
  1545.420044  0.120099  0.456979  0.590403  0.723827  0.886374
  1548.979980  0.122687  0.456415  0.589859  0.723304  0.891622
  1552.530029  0.119252  0.455694  0.589141  0.722588  0.889219
  1556.089966  0.119950  0.454987  0.588350  0.721712  0.886876
  1559.640015  0.118266  0.453881  0.587225  0.720569  0.889593
  1563.199951  0.120858  0.453056  0.586423  0.719790  0.888775
  1566.750000  0.117853  0.452104  0.585429  0.718753  0.886334
  1570.310059  0.118333  0.451262  0.584525  0.717788  0.886269
  1573.869995  0.117898  0.450526  0.583759  0.716993  0.884565
  1577.430054  0.115703  0.450231  0.583435  0.716639  0.884970
  1580.989990  0.115445  0.449565  0.582759  0.715954  0.880254
  1584.550049  0.114182  0.449279  0.582461  0.715644  0.879797
  1588.109985  0.114223  0.448694  0.582049  0.715405  0.879083
  1591.670044  0.113567  0.448902  0.582279  0.715656  0.879636
  1595.229980  0.113564  0.448284  0.581780  0.715276  0.878119
  1598.790039  0.112218  0.448247  0.581743  0.715239  0.880230
  1602.349976  0.115250  0.448005  0.581539  0.715073  0.873310
  1605.920044  0.110368  0.447616  0.581191  0.714765  0.874255
  1609.479980  0.111785  0.446967  0.580539  0.714111  0.867878
  1613.040039  0.111224  0.446132  0.579539  0.712946  0.865238
  1616.609985  0.111693  0.444970  0.578155  0.711340  0.857622
  1620.170044  0.110066  0.443384  0.576320  0.709255  0.861270
  1623.739990  0.109885  0.441150  0.573769  0.706388  0.856937
  1627.310059  0.105678  0.439024  0.571295  0.703567  0.855101
  1630.869995  0.110173  0.436409  0.568601  0.700793  0.853559
  1634.439941  0.102989  0.434491  0.566684  0.698877  0.854485
  1638.010010  0.105484  0.432866  0.565145  0.697424  0.851534
  1641.579956  0.102060  0.432241  0.564565  0.696889  0.854196
  1645.150024  0.104357  0.431881  0.564223  0.696565  0.849988
  1648.709961  0.104181  0.431722  0.564097  0.696473  0.850637
  1652.290039  0.102517  0.431386  0.563581  0.695775  0.850811
  1655.859985  0.100900  0.428803  0.560939  0.693075  0.851603
  1659.430054  0.102255  0.423518  0.555908  0.688298  0.845290
  1663.000000  0.098443  0.415005  0.548771  0.682537  0.841008
  1666.569946  0.087157  0.404187  0.540665  0.677142  0.836417
  1670.140015  0.071113  0.392068  0.532404  0.672739  0.833166
  1673.719971  0.065699  0.381227  0.525059  0.668890  0.831346
  1677.290039  0.060476  0.373378  0.519292  0.665206  0.822627
  1680.869995  0.061825  0.369181  0.515105  0.661029  0.815133
  1684.439941  0.062763  0.367106  0.511447  0.655789  0.809436
  1688.020020  0.068109  0.366290  0.507658  0.649027  0.804359
  1691.589966  0.072403  0.365289  0.502963  0.640637  0.789918
  1695.170044  0.079055  0.365260  0.498677  0.632094  0.782475
  1698.750000  0.091622  0.366242  0.494416  0.622591  0.774812
  1702.329956  0.094422  0.368449  0.491183  0.613917  0.767146
  1705.910034  0.095829  0.368667  0.486844  0.605020  0.746940
  1709.489990  0.095458  0.367750  0.482059  0.596368  0.739657
  1713.069946  0.097170  0.365413  0.475927  0.586442  0.718208
  1716.650024  0.105319  0.362718  0.469003  0.575289  0.712722
  1720.229980  0.108589  0.358250  0.460474  0.562699  0.699132
