ENVI ASCII Plot File [Sun Apr 06 17:09:24 2025]
Column 1: Wavelength
Column 2: Min: ROI #74~~2##255,0,0
Column 3: Mean-StdDev: ROI #74~~21##0,200,0
Column 4: Mean: ROI #74~~0##0,0,0
Column 5: Mean+StdDev: ROI #74~~21##0,200,0
Column 6: Max: ROI #74~~2##255,0,0
   935.609985  0.267404  0.493480  0.561337  0.629194  0.785142
   939.059998  0.275759  0.496007  0.564163  0.632319  0.793780
   942.520020  0.254917  0.511412  0.593140  0.674868  0.840453
   945.979980  0.256055  0.521793  0.615087  0.708381  0.885083
   949.429993  0.250816  0.529548  0.630510  0.731472  0.924869
   952.890015  0.239472  0.536014  0.640707  0.745400  0.935296
   956.349976  0.246348  0.541210  0.648046  0.754881  0.956105
   959.809998  0.242026  0.545127  0.653055  0.760984  0.960495
   963.270020  0.245626  0.548618  0.657438  0.766259  0.967151
   966.729980  0.246399  0.551809  0.661365  0.770922  0.977155
   970.190002  0.248029  0.555175  0.665424  0.775674  0.984566
   973.650024  0.249117  0.557843  0.668692  0.779542  0.987974
   977.109985  0.252892  0.560679  0.672039  0.783400  0.990247
   980.580017  0.251311  0.563786  0.675615  0.787444  0.996107
   984.039978  0.252709  0.566728  0.679046  0.791363  1.000408
   987.510010  0.253145  0.569349  0.682213  0.795076  1.006737
   990.969971  0.255811  0.572242  0.685552  0.798861  1.006437
   994.429993  0.257291  0.575224  0.689035  0.802846  1.012123
   997.900024  0.258301  0.578308  0.692578  0.806848  1.018609
  1001.369995  0.260272  0.580978  0.695710  0.810442  1.024300
  1004.830017  0.262847  0.583878  0.699068  0.814258  1.027011
  1008.299988  0.264712  0.586793  0.702484  0.818176  1.032215
  1011.770020  0.264825  0.589883  0.706007  0.822131  1.038469
  1015.239990  0.266437  0.592723  0.709305  0.825887  1.040558
  1018.710022  0.267959  0.595437  0.712525  0.829614  1.044328
  1022.179993  0.271563  0.598298  0.715875  0.833452  1.048973
  1025.650024  0.272008  0.601290  0.719312  0.837334  1.052182
  1029.119995  0.270831  0.604041  0.722576  0.841111  1.056698
  1032.589966  0.273329  0.606865  0.725826  0.844786  1.060870
  1036.060059  0.277108  0.609544  0.728927  0.848309  1.064887
  1039.530029  0.277136  0.612205  0.732048  0.851892  1.071282
  1043.000000  0.279409  0.614935  0.735231  0.855526  1.075542
  1046.479980  0.280911  0.617834  0.738532  0.859230  1.078093
  1049.949951  0.282798  0.620529  0.741609  0.862689  1.083125
  1053.430054  0.284187  0.623072  0.744582  0.866092  1.088313
  1056.900024  0.285349  0.625670  0.747639  0.869609  1.093095
  1060.380005  0.286967  0.628238  0.750620  0.873002  1.096772
  1063.849976  0.288743  0.630778  0.753590  0.876402  1.099173
  1067.329956  0.289728  0.633227  0.756474  0.879722  1.103626
  1070.810059  0.291199  0.635664  0.759314  0.882963  1.107397
  1074.290039  0.293385  0.638197  0.762223  0.886249  1.112023
  1077.760010  0.295127  0.640534  0.764964  0.889393  1.116201
  1081.239990  0.295322  0.642814  0.767659  0.892504  1.121838
  1084.719971  0.294354  0.645085  0.770299  0.895513  1.124343
  1088.199951  0.296045  0.647209  0.772772  0.898335  1.125082
  1091.680054  0.297561  0.649218  0.775166  0.901114  1.128220
  1095.170044  0.299387  0.651213  0.777548  0.903882  1.131713
  1098.650024  0.301448  0.653163  0.779852  0.906540  1.134138
  1102.130005  0.301635  0.654870  0.781893  0.908917  1.135105
  1105.609985  0.301749  0.656456  0.783750  0.911045  1.138386
  1109.099976  0.302709  0.657923  0.785486  0.913050  1.139427
  1112.579956  0.304500  0.659397  0.787263  0.915128  1.141537
  1116.069946  0.305063  0.660769  0.788929  0.917090  1.141280
  1119.550049  0.302910  0.661994  0.790474  0.918955  1.139658
  1123.040039  0.302686  0.663014  0.791773  0.920531  1.138285
  1126.520020  0.303939  0.663690  0.792712  0.921735  1.132522
  1130.010010  0.302379  0.663818  0.793113  0.922408  1.121741
  1133.500000  0.300551  0.663427  0.792986  0.922546  1.119279
  1136.989990  0.297778  0.662402  0.792380  0.922359  1.118539
  1140.469971  0.299612  0.661538  0.791930  0.922322  1.120045
  1143.959961  0.297927  0.661267  0.791937  0.922607  1.119630
  1147.449951  0.298208  0.661709  0.792437  0.923165  1.118740
  1150.939941  0.298034  0.662734  0.793340  0.923946  1.121558
  1154.430054  0.300998  0.663946  0.794237  0.924528  1.122818
  1157.930054  0.300518  0.664441  0.794490  0.924538  1.120322
  1161.420044  0.303729  0.664425  0.794169  0.923913  1.126614
  1164.910034  0.302624  0.663760  0.793364  0.922969  1.130751
  1168.400024  0.303943  0.663089  0.792531  0.921973  1.134330
  1171.900024  0.304057  0.662336  0.791619  0.920902  1.135711
  1175.390015  0.304879  0.661558  0.790720  0.919882  1.136655
  1178.890015  0.302639  0.660806  0.789891  0.918976  1.137858
  1182.380005  0.301293  0.660297  0.789340  0.918384  1.136101
  1185.880005  0.299532  0.660171  0.789249  0.918327  1.136149
  1189.369995  0.303550  0.660504  0.789744  0.918985  1.131953
  1192.869995  0.303917  0.661204  0.790743  0.920282  1.129215
  1196.369995  0.302807  0.662331  0.792169  0.922007  1.125526
  1199.869995  0.302799  0.663525  0.793746  0.923966  1.125765
  1203.369995  0.303861  0.664970  0.795527  0.926084  1.125494
  1206.869995  0.301599  0.666443  0.797367  0.928291  1.129210
  1210.369995  0.305189  0.668250  0.799482  0.930715  1.130001
  1213.869995  0.306305  0.670282  0.801890  0.933498  1.136363
  1217.369995  0.307637  0.672620  0.804598  0.936575  1.146043
  1220.869995  0.309390  0.674868  0.807281  0.939695  1.156032
  1224.369995  0.308785  0.677445  0.810203  0.942961  1.163127
  1227.869995  0.311840  0.679859  0.813055  0.946252  1.169299
  1231.380005  0.314138  0.682265  0.815819  0.949374  1.177753
  1234.880005  0.317896  0.684434  0.818394  0.952354  1.184383
  1238.390015  0.317418  0.686593  0.820921  0.955249  1.188495
  1241.890015  0.316365  0.688372  0.823072  0.957772  1.195150
  1245.400024  0.317161  0.690178  0.825161  0.960144  1.198551
  1248.900024  0.320229  0.691741  0.827103  0.962465  1.205175
  1252.410034  0.320866  0.693346  0.828987  0.964628  1.211729
  1255.920044  0.321716  0.694803  0.830727  0.966652  1.209737
  1259.420044  0.322760  0.696037  0.832312  0.968587  1.212521
  1262.930054  0.324368  0.697230  0.833759  0.970289  1.214774
  1266.439941  0.324142  0.698547  0.835329  0.972111  1.218753
  1269.949951  0.326442  0.699508  0.836563  0.973619  1.219963
  1273.459961  0.328222  0.700725  0.837988  0.975250  1.222186
  1276.969971  0.327365  0.701819  0.839451  0.977083  1.222855
  1280.479980  0.326258  0.703032  0.840952  0.978871  1.229759
  1283.989990  0.326001  0.704144  0.842385  0.980627  1.231298
  1287.510010  0.327741  0.705476  0.843956  0.982437  1.233328
  1291.020020  0.328444  0.706389  0.845187  0.983986  1.237153
  1294.530029  0.330589  0.707346  0.846351  0.985356  1.239060
  1298.050049  0.328568  0.708126  0.847427  0.986728  1.237586
  1301.560059  0.331603  0.708985  0.848485  0.987985  1.238182
  1305.079956  0.327911  0.709646  0.849349  0.989052  1.243022
  1308.589966  0.328252  0.710130  0.849976  0.989823  1.243784
  1312.109985  0.330049  0.710370  0.850374  0.990378  1.241939
  1315.619995  0.330042  0.710407  0.850508  0.990609  1.241348
  1319.140015  0.330084  0.709964  0.850171  0.990377  1.241795
  1322.660034  0.328951  0.709500  0.849661  0.989821  1.242663
  1326.180054  0.328115  0.708456  0.848605  0.988753  1.237661
  1329.699951  0.325866  0.707106  0.847099  0.987091  1.236239
  1333.219971  0.326397  0.704827  0.844647  0.984467  1.236896
  1336.739990  0.327339  0.702257  0.841738  0.981218  1.226068
  1340.260010  0.323135  0.699123  0.838316  0.977509  1.220613
  1343.780029  0.320761  0.695875  0.834608  0.973341  1.217585
  1347.300049  0.319498  0.692115  0.830399  0.968682  1.216189
  1350.819946  0.317930  0.688244  0.826002  0.963759  1.203116
  1354.349976  0.314652  0.684560  0.821729  0.958898  1.201982
  1357.869995  0.313273  0.681199  0.817879  0.954559  1.194977
  1361.390015  0.312215  0.678028  0.814211  0.950395  1.195839
  1364.920044  0.309179  0.674789  0.810639  0.946490  1.185972
  1368.439941  0.307670  0.671386  0.806946  0.942505  1.179359
  1371.969971  0.304850  0.668558  0.803834  0.939109  1.170697
  1375.500000  0.303648  0.666156  0.801306  0.936456  1.165340
  1379.020020  0.301523  0.664325  0.799072  0.933819  1.161285
  1382.550049  0.300292  0.662051  0.796495  0.930939  1.157007
  1386.079956  0.300472  0.658824  0.793053  0.927283  1.148453
  1389.609985  0.298069  0.655020  0.788789  0.922558  1.142679
  1393.140015  0.294179  0.650907  0.783859  0.916812  1.133417
  1396.670044  0.292713  0.645433  0.777666  0.909898  1.120404
  1400.199951  0.286873  0.639607  0.770804  0.902001  1.114360
  1403.729980  0.284685  0.632338  0.762517  0.892696  1.101436
  1407.260010  0.279297  0.624163  0.753005  0.881847  1.085749
  1410.790039  0.274109  0.614850  0.742306  0.869762  1.071092
  1414.319946  0.270843  0.604766  0.730682  0.856598  1.055227
  1417.859985  0.263780  0.594220  0.718496  0.842772  1.043353
  1421.390015  0.257949  0.583731  0.706182  0.828633  1.025630
  1424.920044  0.254472  0.573256  0.694058  0.814859  1.012511
  1428.459961  0.248559  0.563810  0.682961  0.802112  0.995319
  1431.989990  0.245606  0.555049  0.672743  0.790437  0.980505
  1435.530029  0.240260  0.547608  0.664061  0.780513  0.970678
  1439.069946  0.237480  0.541554  0.656936  0.772318  0.958172
  1442.599976  0.236450  0.536424  0.651062  0.765701  0.953095
  1446.140015  0.232462  0.532492  0.646518  0.760544  0.947329
  1449.680054  0.232138  0.529302  0.642811  0.756320  0.945249
  1453.219971  0.231671  0.526822  0.639980  0.753138  0.940903
  1456.760010  0.229636  0.525084  0.637963  0.750842  0.943723
  1460.300049  0.230768  0.523496  0.636242  0.748988  0.942977
  1463.839966  0.229554  0.522649  0.635350  0.748052  0.941973
  1467.380005  0.229753  0.521995  0.634678  0.747362  0.939780
  1470.920044  0.229909  0.521770  0.634506  0.747242  0.941211
  1474.459961  0.227336  0.521607  0.634511  0.747416  0.941554
  1478.010010  0.228486  0.521922  0.634987  0.748052  0.944906
  1481.550049  0.229590  0.522253  0.635480  0.748706  0.945812
  1485.089966  0.228648  0.522593  0.636037  0.749481  0.949554
  1488.640015  0.229703  0.522752  0.636434  0.750115  0.946590
  1492.180054  0.230068  0.523371  0.637227  0.751084  0.953587
  1495.729980  0.229417  0.523944  0.638058  0.752173  0.950939
  1499.270020  0.229407  0.524880  0.639204  0.753529  0.959068
  1502.819946  0.232077  0.525799  0.640424  0.755049  0.962580
  1506.369995  0.232944  0.526657  0.641575  0.756493  0.966051
  1509.910034  0.231570  0.527530  0.642757  0.757985  0.965014
  1513.459961  0.236435  0.528546  0.644105  0.759664  0.966554
  1517.010010  0.231222  0.529238  0.645094  0.760950  0.968966
  1520.560059  0.235399  0.530082  0.646255  0.762428  0.974720
  1524.109985  0.232247  0.530492  0.646929  0.763365  0.975862
  1527.660034  0.236555  0.530936  0.647565  0.764193  0.976734
  1531.209961  0.235916  0.530886  0.647712  0.764537  0.979760
  1534.760010  0.234685  0.531063  0.647986  0.764908  0.978240
  1538.319946  0.235227  0.530831  0.647912  0.764994  0.978237
  1541.869995  0.234621  0.530690  0.647768  0.764846  0.974123
  1545.420044  0.234481  0.529965  0.647132  0.764299  0.979150
  1548.979980  0.233251  0.529431  0.646514  0.763598  0.976663
  1552.530029  0.233515  0.528481  0.645575  0.762669  0.979207
  1556.089966  0.234762  0.527637  0.644660  0.761682  0.976473
  1559.640015  0.232373  0.526377  0.643477  0.760577  0.976667
  1563.199951  0.231136  0.525604  0.642568  0.759533  0.974081
  1566.750000  0.234344  0.524488  0.641471  0.758453  0.974548
  1570.310059  0.232184  0.523556  0.640509  0.757461  0.971117
  1573.869995  0.232542  0.522757  0.639737  0.756717  0.968692
  1577.430054  0.228280  0.522178  0.639077  0.755977  0.968800
  1580.989990  0.232908  0.521256  0.638224  0.755191  0.966097
  1584.550049  0.228875  0.520797  0.637775  0.754754  0.966615
  1588.109985  0.231614  0.520140  0.637232  0.754323  0.966371
  1591.670044  0.228964  0.520104  0.637206  0.754308  0.962603
  1595.229980  0.229022  0.519402  0.636609  0.753817  0.962526
  1598.790039  0.226434  0.519107  0.636302  0.753496  0.957853
  1602.349976  0.227103  0.518599  0.635911  0.753223  0.957545
  1605.920044  0.226334  0.518125  0.635474  0.752823  0.957598
  1609.479980  0.227734  0.517408  0.634743  0.752077  0.954221
  1613.040039  0.226306  0.516350  0.633669  0.750989  0.949725
  1616.609985  0.229662  0.515072  0.632395  0.749718  0.938130
  1620.170044  0.224255  0.513624  0.630916  0.748208  0.926915
  1623.739990  0.224121  0.511316  0.628612  0.745907  0.924574
  1627.310059  0.223849  0.509290  0.626615  0.743941  0.923863
  1630.869995  0.220843  0.506990  0.624446  0.741902  0.924765
  1634.439941  0.218477  0.505274  0.622901  0.740528  0.918954
  1638.010010  0.218347  0.503838  0.621695  0.739552  0.919691
  1641.579956  0.218633  0.503158  0.621211  0.739263  0.916384
  1645.150024  0.219636  0.502776  0.620830  0.738884  0.918417
  1648.709961  0.218015  0.502439  0.620496  0.738553  0.915620
  1652.290039  0.217244  0.502166  0.620043  0.737921  0.918356
  1655.859985  0.215777  0.500014  0.617899  0.735784  0.915246
  1659.430054  0.214892  0.495807  0.614142  0.732477  0.910086
  1663.000000  0.209289  0.489125  0.608804  0.728484  0.908064
  1666.569946  0.204547  0.480992  0.602765  0.724538  0.901006
  1670.140015  0.195989  0.471793  0.596431  0.721070  0.894804
  1673.719971  0.190537  0.463424  0.590543  0.717661  0.886643
  1677.290039  0.182315  0.457214  0.585849  0.714484  0.879917
  1680.869995  0.183206  0.453675  0.582286  0.710898  0.876104
  1684.439941  0.179168  0.451541  0.579068  0.706594  0.873443
  1688.020020  0.184461  0.450221  0.575590  0.700959  0.860387
  1691.589966  0.171404  0.448232  0.570998  0.693765  0.862601
  1695.170044  0.187118  0.447250  0.566748  0.686246  0.843263
  1698.750000  0.180921  0.446700  0.562238  0.677776  0.832080
  1702.329956  0.193197  0.447251  0.558571  0.669891  0.824637
  1705.910034  0.195640  0.446758  0.554223  0.661689  0.810740
  1709.489990  0.199436  0.445229  0.549168  0.653108  0.792327
  1713.069946  0.189364  0.442003  0.542687  0.643372  0.789095
  1716.650024  0.213331  0.438613  0.535585  0.632557  0.768771
  1720.229980  0.204752  0.433684  0.527535  0.621387  0.763943
