ENVI ASCII Plot File [Sun Apr 06 16:21:00 2025]
Column 1: Wavelength
Column 2: Min: ROI #24~~2##255,0,0
Column 3: Mean-StdDev: ROI #24~~21##0,200,0
Column 4: Mean: ROI #24~~0##0,0,0
Column 5: Mean+StdDev: ROI #24~~21##0,200,0
Column 6: Max: ROI #24~~2##255,0,0
   935.609985  0.280994  0.469247  0.536023  0.602798  0.827319
   939.059998  0.283014  0.472426  0.538815  0.605205  0.824862
   942.520020  0.277534  0.491460  0.565786  0.640113  0.826364
   945.979980  0.278210  0.504502  0.586461  0.668420  0.879912
   949.429993  0.266811  0.513811  0.601330  0.688849  0.897171
   952.890015  0.271788  0.521607  0.611697  0.701787  0.921325
   956.349976  0.270152  0.527205  0.618947  0.710689  0.931656
   959.809998  0.271035  0.531809  0.624305  0.716802  0.939818
   963.270020  0.274573  0.535643  0.629002  0.722361  0.947516
   966.729980  0.281608  0.539151  0.633010  0.726868  0.953662
   970.190002  0.284005  0.542642  0.637219  0.731796  0.957639
   973.650024  0.286311  0.545727  0.640789  0.735850  0.963862
   977.109985  0.285480  0.548871  0.644448  0.740024  0.967016
   980.580017  0.290249  0.552196  0.648203  0.744211  0.974494
   984.039978  0.292297  0.555365  0.651900  0.748434  0.978956
   987.510010  0.293956  0.558388  0.655319  0.752249  0.983990
   990.969971  0.295762  0.561639  0.659035  0.756431  0.988842
   994.429993  0.295859  0.564896  0.662750  0.760604  0.995829
   997.900024  0.300763  0.568278  0.666614  0.764951  0.998473
  1001.369995  0.301890  0.571342  0.670156  0.768970  1.003409
  1004.830017  0.304181  0.574603  0.673851  0.773100  1.009755
  1008.299988  0.304435  0.577796  0.677506  0.777216  1.014704
  1011.770020  0.308787  0.581183  0.681343  0.781503  1.021153
  1015.239990  0.311382  0.584314  0.684929  0.785545  1.024163
  1018.710022  0.314144  0.587389  0.688446  0.789503  1.028050
  1022.179993  0.313329  0.590646  0.692172  0.793697  1.032592
  1025.650024  0.315321  0.593994  0.695947  0.797899  1.038591
  1029.119995  0.318667  0.597084  0.699532  0.801979  1.041051
  1032.589966  0.321559  0.600247  0.703101  0.805955  1.046419
  1036.060059  0.322925  0.603341  0.706626  0.809910  1.051734
  1039.530029  0.325008  0.606422  0.710143  0.813864  1.057071
  1043.000000  0.328260  0.609517  0.713674  0.817831  1.062228
  1046.479980  0.327522  0.612636  0.717244  0.821851  1.065629
  1049.949951  0.328259  0.615660  0.720674  0.825689  1.068433
  1053.430054  0.332456  0.618643  0.724039  0.829434  1.074799
  1056.900024  0.334069  0.621536  0.727369  0.833203  1.079183
  1060.380005  0.336468  0.624407  0.730667  0.836928  1.083139
  1063.849976  0.339182  0.627252  0.733923  0.840594  1.088008
  1067.329956  0.338543  0.629976  0.737064  0.844152  1.093294
  1070.810059  0.339786  0.632719  0.740203  0.847687  1.097490
  1074.290039  0.342785  0.635528  0.743397  0.851265  1.100211
  1077.760010  0.345411  0.638201  0.746447  0.854693  1.104018
  1081.239990  0.347187  0.640825  0.749453  0.858081  1.108302
  1084.719971  0.349154  0.643327  0.752351  0.861375  1.113494
  1088.199951  0.350595  0.645699  0.755045  0.864391  1.116903
  1091.680054  0.350262  0.647982  0.757677  0.867373  1.121465
  1095.170044  0.351876  0.650200  0.760250  0.870300  1.123463
  1098.650024  0.354195  0.652359  0.762674  0.872990  1.125056
  1102.130005  0.354713  0.654209  0.764799  0.875390  1.128221
  1105.609985  0.356380  0.655881  0.766682  0.877483  1.130076
  1109.099976  0.356235  0.657431  0.768429  0.879427  1.130998
  1112.579956  0.354798  0.658962  0.770174  0.881387  1.130420
  1116.069946  0.357735  0.660384  0.771812  0.883241  1.132862
  1119.550049  0.358302  0.661715  0.773294  0.884872  1.130347
  1123.040039  0.359559  0.662770  0.774448  0.886126  1.125683
  1126.520020  0.356071  0.663456  0.775151  0.886845  1.118615
  1130.010010  0.355807  0.663578  0.775185  0.886792  1.107180
  1133.500000  0.353965  0.663160  0.774602  0.886045  1.084861
  1136.989990  0.351583  0.662156  0.773533  0.884909  1.059931
  1140.469971  0.348266  0.661355  0.772738  0.884121  1.035496
  1143.959961  0.347224  0.660976  0.772499  0.884021  1.023734
  1147.449951  0.346924  0.661173  0.772886  0.884598  1.031110
  1150.939941  0.346847  0.661820  0.773599  0.885377  1.050981
  1154.430054  0.349615  0.662471  0.774277  0.886082  1.072781
  1157.930054  0.352508  0.662386  0.774215  0.886044  1.091333
  1161.420044  0.354567  0.661693  0.773435  0.885176  1.105357
  1164.910034  0.352118  0.660412  0.772033  0.883653  1.111353
  1168.400024  0.353802  0.659238  0.770729  0.882220  1.115022
  1171.900024  0.353537  0.658057  0.769402  0.880747  1.115220
  1175.390015  0.352873  0.656883  0.768099  0.879316  1.113754
  1178.890015  0.351390  0.655734  0.766815  0.877896  1.112647
  1182.380005  0.351613  0.654942  0.765892  0.876842  1.110721
  1185.880005  0.351330  0.654670  0.765558  0.876445  1.112139
  1189.369995  0.351504  0.654993  0.765958  0.876922  1.107942
  1192.869995  0.348775  0.655816  0.766936  0.878056  1.104927
  1196.369995  0.348886  0.657130  0.768438  0.879745  1.104917
  1199.869995  0.350407  0.658581  0.770111  0.881641  1.103781
  1203.369995  0.351876  0.660212  0.771988  0.883764  1.102868
  1206.869995  0.350437  0.661793  0.773825  0.885857  1.100612
  1210.369995  0.353086  0.663692  0.776076  0.888459  1.104503
  1213.869995  0.354493  0.666016  0.778765  0.891515  1.110722
  1217.369995  0.357196  0.668676  0.781865  0.895054  1.123829
  1220.869995  0.358090  0.671443  0.785175  0.898908  1.130138
  1224.369995  0.361257  0.674422  0.788572  0.902723  1.138657
  1227.869995  0.361270  0.677271  0.791923  0.906575  1.146674
  1231.380005  0.364673  0.680092  0.795134  0.910176  1.155155
  1234.880005  0.365343  0.682440  0.797923  0.913405  1.160279
  1238.390015  0.368440  0.684875  0.800670  0.916465  1.168914
  1241.890015  0.370697  0.686990  0.803184  0.919378  1.173833
  1245.400024  0.369778  0.689017  0.805499  0.921982  1.180735
  1248.900024  0.371607  0.690893  0.807703  0.924512  1.180511
  1252.410034  0.373647  0.692532  0.809591  0.926650  1.183130
  1255.920044  0.372387  0.694028  0.811434  0.928841  1.187656
  1259.420044  0.372739  0.695441  0.813043  0.930644  1.189630
  1262.930054  0.375250  0.696662  0.814507  0.932351  1.192269
  1266.439941  0.375101  0.698009  0.816011  0.934012  1.192186
  1269.949951  0.377330  0.699116  0.817368  0.935620  1.196876
  1273.459961  0.375187  0.700425  0.818888  0.937351  1.200145
  1276.969971  0.378112  0.701667  0.820433  0.939200  1.201851
  1280.479980  0.377756  0.703099  0.822076  0.941054  1.203025
  1283.989990  0.379682  0.704330  0.823615  0.942901  1.206423
  1287.510010  0.379686  0.705805  0.825304  0.944803  1.209356
  1291.020020  0.381380  0.706767  0.826593  0.946419  1.214007
  1294.530029  0.380958  0.708034  0.827959  0.947884  1.213420
  1298.050049  0.381124  0.708769  0.828936  0.949103  1.212508
  1301.560059  0.381210  0.709626  0.829900  0.950174  1.212416
  1305.079956  0.380668  0.710353  0.830765  0.951177  1.219827
  1308.589966  0.381115  0.710992  0.831493  0.951993  1.220902
  1312.109985  0.383801  0.711060  0.831636  0.952212  1.220786
  1315.619995  0.380613  0.710885  0.831514  0.952143  1.217081
  1319.140015  0.380675  0.710289  0.830975  0.951660  1.214891
  1322.660034  0.378928  0.709630  0.830164  0.950699  1.214658
  1326.180054  0.379101  0.708098  0.828534  0.948969  1.212737
  1329.699951  0.378056  0.706069  0.826283  0.946497  1.207961
  1333.219971  0.372427  0.703048  0.822931  0.942815  1.204027
  1336.739990  0.371090  0.699596  0.819111  0.938626  1.197314
  1340.260010  0.368457  0.695700  0.814743  0.933785  1.189314
  1343.780029  0.367488  0.691412  0.809901  0.928389  1.184952
  1347.300049  0.362599  0.686422  0.804327  0.922231  1.178846
  1350.819946  0.359206  0.681461  0.798766  0.916070  1.172374
  1354.349976  0.354590  0.676655  0.793326  0.909996  1.160711
  1357.869995  0.354191  0.672127  0.788207  0.904287  1.156907
  1361.390015  0.348291  0.668041  0.783541  0.899041  1.147427
  1364.920044  0.347389  0.664107  0.779156  0.894204  1.140247
  1368.439941  0.341495  0.660320  0.774938  0.889555  1.134093
  1371.969971  0.340110  0.656954  0.771204  0.885453  1.124656
  1375.500000  0.337781  0.654222  0.768145  0.882068  1.115589
  1379.020020  0.338891  0.651793  0.765312  0.878832  1.114512
  1382.550049  0.335001  0.648976  0.762034  0.875091  1.100965
  1386.079956  0.332104  0.645284  0.758025  0.870766  1.099993
  1389.609985  0.326909  0.640719  0.752965  0.865212  1.091246
  1393.140015  0.327252  0.635501  0.746868  0.858236  1.079646
  1396.670044  0.322340  0.628912  0.739474  0.850036  1.066845
  1400.199951  0.318912  0.621749  0.731234  0.840718  1.058242
  1403.729980  0.309455  0.613049  0.721293  0.829538  1.042422
  1407.260010  0.303713  0.603173  0.710050  0.816926  1.026701
  1410.790039  0.297044  0.592135  0.697526  0.802918  1.007776
  1414.319946  0.288005  0.580165  0.683944  0.787723  0.989451
  1417.859985  0.280554  0.567816  0.669845  0.771875  0.969535
  1421.390015  0.277202  0.555549  0.655756  0.755964  0.955165
  1424.920044  0.267049  0.543513  0.642002  0.740491  0.935941
  1428.459961  0.262950  0.532744  0.629603  0.726461  0.922518
  1431.989990  0.255221  0.523021  0.618397  0.713773  0.902386
  1435.530029  0.251853  0.514866  0.609014  0.703161  0.891756
  1439.069946  0.245727  0.508095  0.601281  0.694468  0.882685
  1442.599976  0.243747  0.502591  0.594980  0.687369  0.876258
  1446.140015  0.239186  0.498143  0.589955  0.681767  0.870094
  1449.680054  0.238210  0.494663  0.585976  0.677289  0.864926
  1453.219971  0.235710  0.491922  0.582933  0.673945  0.864172
  1456.760010  0.235327  0.490079  0.580781  0.671483  0.861698
  1460.300049  0.234817  0.488116  0.578697  0.669278  0.860252
  1463.839966  0.232129  0.487138  0.577579  0.668020  0.856651
  1467.380005  0.231852  0.486432  0.576860  0.667289  0.857007
  1470.920044  0.231489  0.486284  0.576764  0.667244  0.859383
  1474.459961  0.232251  0.486104  0.576758  0.667412  0.860787
  1478.010010  0.229778  0.486588  0.577322  0.668055  0.860415
  1481.550049  0.231166  0.486876  0.577753  0.668630  0.863342
  1485.089966  0.229956  0.487411  0.578466  0.669522  0.866154
  1488.640015  0.232128  0.487575  0.578793  0.670011  0.866263
  1492.180054  0.229147  0.488290  0.579631  0.670973  0.868534
  1495.729980  0.231214  0.488792  0.580410  0.672028  0.868378
  1499.270020  0.232268  0.489928  0.581786  0.673644  0.873879
  1502.819946  0.231400  0.490893  0.582996  0.675099  0.876629
  1506.369995  0.230934  0.491877  0.584261  0.676646  0.874016
  1509.910034  0.233456  0.492917  0.585522  0.678128  0.882944
  1513.459961  0.231041  0.493896  0.586795  0.679694  0.880634
  1517.010010  0.231764  0.494585  0.587725  0.680864  0.889645
  1520.560059  0.232904  0.495409  0.588781  0.682153  0.887734
  1524.109985  0.229572  0.496067  0.589633  0.683199  0.891152
  1527.660034  0.232407  0.496524  0.590283  0.684042  0.889907
  1531.209961  0.232288  0.496630  0.590505  0.684380  0.895467
  1534.760010  0.230227  0.496779  0.590812  0.684845  0.893597
  1538.319946  0.230126  0.496560  0.590645  0.684730  0.893589
  1541.869995  0.230079  0.496296  0.590442  0.684588  0.893246
  1545.420044  0.232173  0.495667  0.589752  0.683837  0.896587
  1548.979980  0.228094  0.494963  0.589120  0.683277  0.897750
  1552.530029  0.229355  0.494094  0.588151  0.682207  0.892077
  1556.089966  0.225290  0.493093  0.587190  0.681286  0.891585
  1559.640015  0.226303  0.492083  0.586111  0.680139  0.891949
  1563.199951  0.224957  0.491190  0.585173  0.679156  0.890335
  1566.750000  0.221692  0.490168  0.584090  0.678013  0.889838
  1570.310059  0.220398  0.489201  0.583087  0.676972  0.886131
  1573.869995  0.222570  0.488382  0.582210  0.676038  0.887861
  1577.430054  0.221836  0.487890  0.581691  0.675493  0.886895
  1580.989990  0.221647  0.487112  0.580845  0.674577  0.880991
  1584.550049  0.221716  0.486580  0.580351  0.674123  0.884655
  1588.109985  0.218200  0.485859  0.579685  0.673512  0.879746
  1591.670044  0.219865  0.485942  0.579743  0.673544  0.880549
  1595.229980  0.216907  0.485413  0.579272  0.673131  0.878055
  1598.790039  0.219581  0.485138  0.578958  0.672778  0.879473
  1602.349976  0.216006  0.484615  0.578489  0.672363  0.873535
  1605.920044  0.217943  0.484175  0.577994  0.671813  0.872095
  1609.479980  0.215598  0.483527  0.577335  0.671143  0.866085
  1613.040039  0.215174  0.482626  0.576221  0.669816  0.865200
  1616.609985  0.211549  0.481298  0.574727  0.668156  0.853315
  1620.170044  0.211572  0.479847  0.572953  0.666059  0.844340
  1623.739990  0.207269  0.477697  0.570485  0.663274  0.826304
  1627.310059  0.209035  0.475613  0.568115  0.660617  0.800153
  1630.869995  0.202774  0.473195  0.565501  0.657807  0.776935
  1634.439941  0.203163  0.471226  0.563361  0.655497  0.766277
  1638.010010  0.200681  0.469281  0.561517  0.653752  0.766370
  1641.579956  0.200005  0.468448  0.560602  0.652756  0.764503
  1645.150024  0.199910  0.467567  0.559781  0.651995  0.761925
  1648.709961  0.197264  0.466854  0.559028  0.651201  0.761116
  1652.290039  0.196126  0.466097  0.558077  0.650056  0.759744
  1655.859985  0.194479  0.463859  0.555614  0.647369  0.755137
  1659.430054  0.195520  0.459493  0.551318  0.643144  0.750526
  1663.000000  0.190550  0.452875  0.545671  0.638468  0.749086
  1666.569946  0.183264  0.444279  0.539168  0.634056  0.746877
  1670.140015  0.175139  0.434677  0.532631  0.630585  0.737462
  1673.719971  0.167320  0.425791  0.526835  0.627879  0.733975
  1677.290039  0.158981  0.419344  0.522335  0.625325  0.728949
  1680.869995  0.157010  0.415754  0.519077  0.622400  0.727841
  1684.439941  0.153576  0.413847  0.516189  0.618531  0.719666
  1688.020020  0.155779  0.412527  0.512813  0.613098  0.717804
  1691.589966  0.156700  0.411129  0.508748  0.606367  0.706715
  1695.170044  0.161997  0.410048  0.504667  0.599287  0.703745
  1698.750000  0.163627  0.409927  0.500760  0.591594  0.683076
  1702.329956  0.169889  0.410661  0.497883  0.585106  0.683669
  1705.910034  0.173124  0.410063  0.494215  0.578366  0.675466
  1709.489990  0.173536  0.408874  0.490081  0.571287  0.692747
  1713.069946  0.162342  0.405670  0.484850  0.564029  0.661912
  1716.650024  0.171547  0.401635  0.478377  0.555118  0.663498
  1720.229980  0.178034  0.396720  0.471332  0.545943  0.641096
