ENVI ASCII Plot File [Sun Apr 06 16:06:02 2025]
Column 1: Wavelength
Column 2: Min: ROI #8~~2##255,0,0
Column 3: Mean-StdDev: ROI #8~~21##0,200,0
Column 4: Mean: ROI #8~~0##0,0,0
Column 5: Mean+StdDev: ROI #8~~21##0,200,0
Column 6: Max: ROI #8~~2##255,0,0
   935.609985  0.179107  0.385802  0.457616  0.529430  0.657494
   939.059998  0.186747  0.387654  0.459702  0.531750  0.649066
   942.520020  0.175907  0.395892  0.479606  0.563319  0.675387
   945.979980  0.173431  0.402232  0.497006  0.591780  0.723159
   949.429993  0.177959  0.406893  0.508944  0.610995  0.761834
   952.890015  0.171172  0.412757  0.518461  0.624166  0.770677
   956.349976  0.172256  0.417032  0.525020  0.633008  0.790897
   959.809998  0.170746  0.420954  0.530323  0.639693  0.795905
   963.270020  0.171753  0.424640  0.534866  0.645093  0.804936
   966.729980  0.173083  0.427920  0.539020  0.650121  0.811431
   970.190002  0.175097  0.431443  0.543287  0.655131  0.819035
   973.650024  0.178170  0.434322  0.546884  0.659446  0.823700
   977.109985  0.178392  0.437453  0.550692  0.663931  0.830415
   980.580017  0.181241  0.440751  0.554657  0.668563  0.835316
   984.039978  0.181726  0.443878  0.558423  0.672968  0.841237
   987.510010  0.183327  0.446931  0.562012  0.677094  0.845759
   990.969971  0.185841  0.450087  0.565833  0.681579  0.853217
   994.429993  0.185510  0.453289  0.569672  0.686055  0.855546
   997.900024  0.188959  0.456757  0.573747  0.690736  0.863115
  1001.369995  0.190088  0.459825  0.577349  0.694874  0.869905
  1004.830017  0.191390  0.463041  0.581235  0.699428  0.875083
  1008.299988  0.192809  0.466218  0.585034  0.703849  0.879278
  1011.770020  0.194433  0.469666  0.589029  0.708393  0.883444
  1015.239990  0.195838  0.472764  0.592736  0.712708  0.888713
  1018.710022  0.197648  0.475831  0.596376  0.716921  0.896131
  1022.179993  0.197833  0.479069  0.600217  0.721366  0.899025
  1025.650024  0.202155  0.482358  0.604099  0.725840  0.903353
  1029.119995  0.201299  0.485493  0.607853  0.730213  0.910827
  1032.589966  0.202271  0.488657  0.611533  0.734409  0.915149
  1036.060059  0.203529  0.491625  0.615041  0.738457  0.919927
  1039.530029  0.206204  0.494662  0.618684  0.742707  0.926177
  1043.000000  0.208688  0.497803  0.622410  0.747016  0.932240
  1046.479980  0.213016  0.500980  0.626119  0.751257  0.937457
  1049.949951  0.213099  0.504015  0.629662  0.755308  0.943189
  1053.430054  0.213551  0.506942  0.633141  0.759340  0.948332
  1056.900024  0.215246  0.509886  0.636654  0.763421  0.953425
  1060.380005  0.216472  0.512781  0.640106  0.767431  0.958649
  1063.849976  0.217917  0.515644  0.643530  0.771416  0.961967
  1067.329956  0.220269  0.518468  0.646895  0.775322  0.965989
  1070.810059  0.222237  0.521321  0.650263  0.779205  0.971862
  1074.290039  0.223567  0.524236  0.653696  0.783156  0.975769
  1077.760010  0.224951  0.527004  0.657005  0.787005  0.981238
  1081.239990  0.226068  0.529752  0.660275  0.790798  0.987446
  1084.719971  0.228743  0.532462  0.663455  0.794448  0.992101
  1088.199951  0.228765  0.535039  0.666467  0.797895  0.996993
  1091.680054  0.228490  0.537547  0.669463  0.801379  1.000044
  1095.170044  0.230291  0.540011  0.672435  0.804860  1.003859
  1098.650024  0.231510  0.542500  0.675367  0.808234  1.006967
  1102.130005  0.233877  0.544723  0.678031  0.811339  1.010556
  1105.609985  0.235176  0.546859  0.680562  0.814264  1.012277
  1109.099976  0.234301  0.548896  0.682961  0.817027  1.017476
  1112.579956  0.236409  0.550923  0.685392  0.819862  1.019901
  1116.069946  0.237552  0.552844  0.687718  0.822592  1.019423
  1119.550049  0.237427  0.554717  0.689935  0.825153  1.019377
  1123.040039  0.238763  0.556413  0.691964  0.827516  1.016998
  1126.520020  0.239902  0.557865  0.693733  0.829600  1.016315
  1130.010010  0.243219  0.558900  0.695031  0.831163  1.017749
  1133.500000  0.242617  0.559577  0.695951  0.832325  1.020136
  1136.989990  0.240310  0.559875  0.696551  0.833228  1.022311
  1140.469971  0.237269  0.560369  0.697305  0.834241  1.024498
  1143.959961  0.241964  0.561096  0.698324  0.835552  1.028889
  1147.449951  0.242726  0.562106  0.699530  0.836954  1.031557
  1150.939941  0.242223  0.563361  0.700930  0.838500  1.033228
  1154.430054  0.241010  0.564674  0.702293  0.839912  1.031538
  1157.930054  0.244766  0.565352  0.703013  0.840675  1.031266
  1161.420044  0.245215  0.565678  0.703350  0.841022  1.031425
  1164.910034  0.246143  0.565532  0.703242  0.840951  1.033769
  1168.400024  0.244793  0.565531  0.703231  0.840930  1.032393
  1171.900024  0.244526  0.565503  0.703200  0.840897  1.033172
  1175.390015  0.244449  0.565328  0.703073  0.840819  1.032989
  1178.890015  0.242961  0.565105  0.702857  0.840608  1.033242
  1182.380005  0.243860  0.564992  0.702742  0.840493  1.032829
  1185.880005  0.246372  0.565051  0.702851  0.840650  1.030526
  1189.369995  0.244445  0.565534  0.703501  0.841469  1.031780
  1192.869995  0.245606  0.566428  0.704634  0.842841  1.035168
  1196.369995  0.245967  0.567747  0.706227  0.844707  1.037560
  1199.869995  0.244830  0.569091  0.707857  0.846623  1.040384
  1203.369995  0.247150  0.570514  0.709620  0.848727  1.037630
  1206.869995  0.247781  0.571979  0.711381  0.850783  1.043300
  1210.369995  0.251392  0.573760  0.713530  0.853300  1.046546
  1213.869995  0.249718  0.576005  0.716237  0.856469  1.052312
  1217.369995  0.254423  0.578737  0.719471  0.860205  1.056177
  1220.869995  0.255809  0.581692  0.723030  0.864369  1.059500
  1224.369995  0.257489  0.584937  0.726833  0.868728  1.066658
  1227.869995  0.257545  0.588081  0.730580  0.873080  1.071905
  1231.380005  0.262033  0.591208  0.734232  0.877256  1.077003
  1234.880005  0.259157  0.593959  0.737544  0.881128  1.085605
  1238.390015  0.264869  0.596666  0.740719  0.884772  1.092294
  1241.890015  0.258753  0.599052  0.743594  0.888135  1.098620
  1245.400024  0.264297  0.601343  0.746342  0.891340  1.100226
  1248.900024  0.265353  0.603424  0.748848  0.894271  1.106381
  1252.410034  0.268254  0.605564  0.751403  0.897241  1.110041
  1255.920044  0.270057  0.607438  0.753692  0.899947  1.113336
  1259.420044  0.269828  0.609136  0.755758  0.902381  1.116744
  1262.930054  0.272292  0.610709  0.757679  0.904650  1.119223
  1266.439941  0.274067  0.612550  0.759745  0.906940  1.122524
  1269.949951  0.274692  0.613928  0.761553  0.909178  1.124961
  1273.459961  0.276661  0.615551  0.763484  0.911416  1.130268
  1276.969971  0.274327  0.616986  0.765344  0.913703  1.132454
  1280.479980  0.271858  0.618730  0.767367  0.916004  1.134857
  1283.989990  0.280775  0.620238  0.769297  0.918356  1.141325
  1287.510010  0.279043  0.621962  0.771309  0.920656  1.143401
  1291.020020  0.280956  0.623381  0.773122  0.922862  1.146912
  1294.530029  0.280434  0.624860  0.774831  0.924801  1.148682
  1298.050049  0.283174  0.626060  0.776400  0.926739  1.146723
  1301.560059  0.279958  0.627494  0.778031  0.928568  1.151010
  1305.079956  0.280615  0.628596  0.779412  0.930228  1.154147
  1308.589966  0.284490  0.629711  0.780754  0.931797  1.155621
  1312.109985  0.282791  0.630382  0.781724  0.933067  1.154454
  1315.619995  0.284365  0.631085  0.782556  0.934027  1.159156
  1319.140015  0.287119  0.631187  0.782860  0.934533  1.155621
  1322.660034  0.283457  0.631540  0.783229  0.934918  1.156978
  1326.180054  0.286061  0.631124  0.782947  0.934769  1.160015
  1329.699951  0.284112  0.630483  0.782270  0.934056  1.155378
  1333.219971  0.283341  0.628925  0.780600  0.932275  1.152974
  1336.739990  0.279760  0.627022  0.778495  0.929968  1.148869
  1340.260010  0.279826  0.624631  0.775875  0.927119  1.142751
  1343.780029  0.277938  0.621906  0.772751  0.923597  1.140223
  1347.300049  0.278482  0.618428  0.768824  0.919221  1.132936
  1350.819946  0.274482  0.614624  0.764495  0.914366  1.128857
  1354.349976  0.271561  0.610749  0.760008  0.909267  1.122894
  1357.869995  0.269832  0.607165  0.755834  0.904502  1.120128
  1361.390015  0.268529  0.603880  0.752055  0.900229  1.114058
  1364.920044  0.267154  0.600734  0.748553  0.896371  1.107401
  1368.439941  0.263658  0.597647  0.745121  0.892595  1.100428
  1371.969971  0.262565  0.595086  0.742349  0.889612  1.098649
  1375.500000  0.258419  0.592879  0.739934  0.886988  1.096444
  1379.020020  0.259802  0.591149  0.737819  0.884489  1.089842
  1382.550049  0.259831  0.589070  0.735359  0.881647  1.087539
  1386.079956  0.255696  0.586316  0.732495  0.878673  1.080952
  1389.609985  0.253576  0.583149  0.728999  0.874848  1.077808
  1393.140015  0.253672  0.579962  0.725201  0.870440  1.071010
  1396.670044  0.250058  0.575828  0.720497  0.865167  1.067606
  1400.199951  0.248885  0.571091  0.714956  0.858821  1.058853
  1403.729980  0.239971  0.564822  0.707740  0.850658  1.051667
  1407.260010  0.239216  0.556992  0.698750  0.840509  1.037388
  1410.790039  0.233564  0.547729  0.688028  0.828326  1.022862
  1414.319946  0.227501  0.537153  0.675798  0.814442  1.005296
  1417.859985  0.217560  0.525697  0.662430  0.799162  0.991328
  1421.390015  0.211122  0.513791  0.648445  0.783100  0.970972
  1424.920044  0.207803  0.501980  0.634587  0.767194  0.949720
  1428.459961  0.196657  0.491452  0.622065  0.752679  0.932973
  1431.989990  0.193051  0.481811  0.610771  0.739732  0.915807
  1435.530029  0.187946  0.473870  0.601307  0.728744  0.903563
  1439.069946  0.187636  0.467392  0.593697  0.720003  0.893988
  1442.599976  0.182277  0.462440  0.587862  0.713283  0.883630
  1446.140015  0.180303  0.458589  0.583395  0.708201  0.879739
  1449.680054  0.176530  0.455849  0.580165  0.704482  0.878444
  1453.219971  0.178213  0.453776  0.577841  0.701905  0.876205
  1456.760010  0.174824  0.452634  0.576517  0.700400  0.875388
  1460.300049  0.175284  0.451651  0.575571  0.699491  0.879052
  1463.839966  0.173931  0.451511  0.575450  0.699388  0.877614
  1467.380005  0.174592  0.451493  0.575609  0.699724  0.880650
  1470.920044  0.175105  0.451937  0.576174  0.700411  0.883925
  1474.459961  0.174338  0.452053  0.576616  0.701178  0.885754
  1478.010010  0.174718  0.452754  0.577473  0.702193  0.884511
  1481.550049  0.176079  0.453242  0.578249  0.703255  0.888643
  1485.089966  0.174898  0.453870  0.579085  0.704300  0.891554
  1488.640015  0.174503  0.454231  0.579731  0.705231  0.892815
  1492.180054  0.175469  0.455189  0.580922  0.706654  0.893076
  1495.729980  0.172941  0.455836  0.581985  0.708135  0.899683
  1499.270020  0.174725  0.457253  0.583635  0.710017  0.897911
  1502.819946  0.174055  0.458370  0.585122  0.711874  0.902621
  1506.369995  0.176294  0.459521  0.586657  0.713793  0.906662
  1509.910034  0.174676  0.460767  0.588327  0.715888  0.910701
  1513.459961  0.180523  0.461969  0.589886  0.717803  0.911742
  1517.010010  0.176359  0.462847  0.591170  0.719493  0.915496
  1520.560059  0.175933  0.463923  0.592606  0.721288  0.922316
  1524.109985  0.174055  0.464483  0.593506  0.722529  0.923693
  1527.660034  0.178960  0.465051  0.594248  0.723445  0.926717
  1531.209961  0.176618  0.465156  0.594582  0.724009  0.924249
  1534.760010  0.177757  0.465379  0.594972  0.724565  0.930060
  1538.319946  0.175750  0.465145  0.594805  0.724464  0.927833
  1541.869995  0.176812  0.464836  0.594607  0.724378  0.931761
  1545.420044  0.176291  0.464241  0.594045  0.723850  0.932412
  1548.979980  0.174824  0.463645  0.593474  0.723303  0.934034
  1552.530029  0.174848  0.462762  0.592546  0.722330  0.933192
  1556.089966  0.171247  0.461910  0.591776  0.721642  0.937295
  1559.640015  0.170416  0.460864  0.590604  0.720344  0.929105
  1563.199951  0.170796  0.460126  0.589807  0.719489  0.937412
  1566.750000  0.168711  0.459096  0.588782  0.718467  0.930793
  1570.310059  0.167000  0.458180  0.587847  0.717514  0.929980
  1573.869995  0.170273  0.457419  0.587049  0.716679  0.927712
  1577.430054  0.169247  0.456864  0.586505  0.716146  0.930125
  1580.989990  0.171783  0.456159  0.585781  0.715402  0.925672
  1584.550049  0.171949  0.455665  0.585372  0.715079  0.926655
  1588.109985  0.170159  0.455076  0.584881  0.714686  0.924931
  1591.670044  0.168055  0.455147  0.584987  0.714828  0.923584
  1595.229980  0.171628  0.454596  0.584463  0.714330  0.922497
  1598.790039  0.167101  0.454427  0.584393  0.714359  0.922775
  1602.349976  0.169184  0.454031  0.584037  0.714043  0.917503
  1605.920044  0.164625  0.453518  0.583618  0.713718  0.918317
  1609.479980  0.168366  0.453051  0.583120  0.713189  0.917010
  1613.040039  0.163915  0.452045  0.582078  0.712111  0.912461
  1616.609985  0.165493  0.450695  0.580656  0.710617  0.906537
  1620.170044  0.161865  0.449513  0.579265  0.709017  0.888163
  1623.739990  0.163750  0.447491  0.577170  0.706848  0.881808
  1627.310059  0.162708  0.445790  0.575271  0.704752  0.879674
  1630.869995  0.162761  0.443764  0.573189  0.702613  0.874045
  1634.439941  0.160703  0.442261  0.571588  0.700914  0.871410
  1638.010010  0.160838  0.440819  0.570232  0.699644  0.869507
  1641.579956  0.161004  0.440043  0.569447  0.698851  0.872101
  1645.150024  0.160150  0.439289  0.568709  0.698129  0.869033
  1648.709961  0.158359  0.438601  0.567936  0.697271  0.871744
  1652.290039  0.157678  0.437887  0.567083  0.696280  0.867346
  1655.859985  0.155148  0.435824  0.564881  0.693938  0.870100
  1659.430054  0.153560  0.432258  0.561314  0.690371  0.864259
  1663.000000  0.150805  0.427098  0.556413  0.685727  0.860942
  1666.569946  0.147648  0.420812  0.550836  0.680859  0.851351
  1670.140015  0.142486  0.413897  0.545101  0.676304  0.843207
  1673.719971  0.138671  0.407209  0.539496  0.671783  0.836757
  1677.290039  0.137343  0.402084  0.534812  0.667540  0.836737
  1680.869995  0.132345  0.398540  0.530874  0.663207  0.830873
  1684.439941  0.132679  0.396061  0.527197  0.658334  0.821956
  1688.020020  0.129167  0.393448  0.522753  0.652058  0.810071
  1691.589966  0.133696  0.390470  0.517371  0.644272  0.802796
  1695.170044  0.126915  0.387557  0.511879  0.636200  0.790525
  1698.750000  0.129472  0.384845  0.505907  0.626969  0.783788
  1702.329956  0.134582  0.382870  0.500335  0.617801  0.776697
  1705.910034  0.145869  0.380245  0.494371  0.608497  0.756337
  1709.489990  0.137792  0.377552  0.488483  0.599414  0.750012
  1713.069946  0.151803  0.373828  0.481522  0.589216  0.726089
  1716.650024  0.141736  0.370417  0.474297  0.578177  0.722239
  1720.229980  0.154406  0.364920  0.465458  0.565996  0.703908
