ENVI ASCII Plot File [Sun Apr 06 16:08:22 2025]
Column 1: Wavelength
Column 2: Min: ROI #11~~2##255,0,0
Column 3: Mean-StdDev: ROI #11~~21##0,200,0
Column 4: Mean: ROI #11~~0##0,0,0
Column 5: Mean+StdDev: ROI #11~~21##0,200,0
Column 6: Max: ROI #11~~2##255,0,0
   935.609985  0.215878  0.406293  0.468691  0.531089  0.676009
   939.059998  0.220283  0.408993  0.471137  0.533280  0.679522
   942.520020  0.197927  0.425157  0.496605  0.568054  0.699039
   945.979980  0.202723  0.435302  0.516292  0.597282  0.742691
   949.429993  0.181979  0.442387  0.529744  0.617100  0.771650
   952.890015  0.181330  0.449533  0.540101  0.630669  0.796544
   956.349976  0.178421  0.454903  0.547501  0.640098  0.805292
   959.809998  0.186404  0.459298  0.552917  0.646537  0.815709
   963.270020  0.187930  0.463210  0.557675  0.652140  0.825982
   966.729980  0.192297  0.466717  0.561945  0.657174  0.834625
   970.190002  0.190794  0.470416  0.566326  0.662236  0.840033
   973.650024  0.195207  0.473467  0.569923  0.666379  0.849270
   977.109985  0.196335  0.476719  0.573715  0.670710  0.849857
   980.580017  0.201311  0.479999  0.577590  0.675180  0.860106
   984.039978  0.199612  0.483321  0.581468  0.679615  0.862870
   987.510010  0.202956  0.486385  0.585051  0.683718  0.868052
   990.969971  0.204597  0.489645  0.588820  0.687995  0.872776
   994.429993  0.208019  0.492905  0.592609  0.692313  0.879590
   997.900024  0.209517  0.496285  0.596515  0.696745  0.885323
  1001.369995  0.210197  0.499365  0.600116  0.700867  0.890883
  1004.830017  0.211485  0.502579  0.603799  0.705019  0.893366
  1008.299988  0.214009  0.505817  0.607568  0.709320  0.901169
  1011.770020  0.216340  0.509302  0.611519  0.713735  0.906087
  1015.239990  0.217714  0.512429  0.615185  0.717940  0.911324
  1018.710022  0.219718  0.515511  0.618723  0.721934  0.916501
  1022.179993  0.220959  0.518756  0.622463  0.726169  0.922366
  1025.650024  0.224653  0.521938  0.626192  0.730446  0.928209
  1029.119995  0.226399  0.525083  0.629849  0.734615  0.932245
  1032.589966  0.226710  0.528328  0.633628  0.738927  0.938042
  1036.060059  0.227627  0.531357  0.637098  0.742838  0.944036
  1039.530029  0.229303  0.534388  0.640588  0.746789  0.947766
  1043.000000  0.232797  0.537458  0.644127  0.750797  0.953143
  1046.479980  0.236064  0.540639  0.647790  0.754942  0.959013
  1049.949951  0.237197  0.543654  0.651284  0.758913  0.963448
  1053.430054  0.238708  0.546495  0.654582  0.762669  0.968607
  1056.900024  0.239901  0.549460  0.658018  0.766577  0.972503
  1060.380005  0.242795  0.552388  0.661434  0.770481  0.978460
  1063.849976  0.245856  0.555220  0.664771  0.774322  0.982975
  1067.329956  0.248587  0.558061  0.668086  0.778111  0.988126
  1070.810059  0.248734  0.560862  0.671307  0.781753  0.993871
  1074.290039  0.250170  0.563669  0.674582  0.785495  0.999278
  1077.760010  0.252791  0.566372  0.677742  0.789112  1.002429
  1081.239990  0.251880  0.569138  0.680938  0.792737  1.006352
  1084.719971  0.253680  0.571811  0.684054  0.796296  1.011154
  1088.199951  0.256369  0.574218  0.686899  0.799581  1.015894
  1091.680054  0.258064  0.576524  0.689642  0.802760  1.019836
  1095.170044  0.260404  0.579000  0.692517  0.806034  1.022524
  1098.650024  0.262213  0.581491  0.695380  0.809269  1.025276
  1102.130005  0.264309  0.583630  0.697946  0.812261  1.029003
  1105.609985  0.266928  0.585666  0.700363  0.815060  1.034379
  1109.099976  0.266788  0.587655  0.702666  0.817677  1.035360
  1112.579956  0.267496  0.589570  0.704946  0.820322  1.035626
  1116.069946  0.269226  0.591338  0.707078  0.822817  1.037437
  1119.550049  0.270850  0.593010  0.709083  0.825157  1.036704
  1123.040039  0.269367  0.594463  0.710829  0.827194  1.034914
  1126.520020  0.271506  0.595670  0.712280  0.828889  1.031243
  1130.010010  0.273329  0.596197  0.713062  0.829926  1.019562
  1133.500000  0.273462  0.596189  0.713297  0.830406  1.004767
  1136.989990  0.274954  0.595556  0.713056  0.830556  1.003742
  1140.469971  0.276264  0.595133  0.713030  0.830927  1.006281
  1143.959961  0.276560  0.595227  0.713508  0.831788  1.008026
  1147.449951  0.274431  0.596318  0.714798  0.833278  1.010737
  1150.939941  0.276159  0.598135  0.716651  0.835167  1.011752
  1154.430054  0.276696  0.600149  0.718573  0.836997  1.012780
  1157.930054  0.277365  0.601541  0.719944  0.838346  1.019417
  1161.420044  0.276778  0.602360  0.720755  0.839150  1.033009
  1164.910034  0.277803  0.602567  0.721021  0.839475  1.042678
  1168.400024  0.275857  0.602884  0.721320  0.839757  1.042994
  1171.900024  0.278357  0.603051  0.721533  0.840016  1.046713
  1175.390015  0.275436  0.602895  0.721457  0.840020  1.049061
  1178.890015  0.275850  0.602759  0.721349  0.839939  1.048491
  1182.380005  0.277650  0.602834  0.721419  0.840004  1.048620
  1185.880005  0.278365  0.602938  0.721631  0.840325  1.046144
  1189.369995  0.277626  0.603492  0.722358  0.841223  1.044234
  1192.869995  0.279376  0.604345  0.723456  0.842566  1.044610
  1196.369995  0.280099  0.605583  0.725021  0.844460  1.042354
  1199.869995  0.280576  0.606801  0.726546  0.846291  1.043710
  1203.369995  0.280106  0.608052  0.728108  0.848163  1.040771
  1206.869995  0.282887  0.609496  0.729888  0.850280  1.044255
  1210.369995  0.282103  0.611281  0.732023  0.852765  1.047293
  1213.869995  0.282116  0.613588  0.734731  0.855875  1.053327
  1217.369995  0.286306  0.616271  0.737881  0.859491  1.060705
  1220.869995  0.287801  0.619020  0.741165  0.863309  1.072594
  1224.369995  0.289598  0.622068  0.744714  0.867359  1.082128
  1227.869995  0.290678  0.625036  0.748229  0.871422  1.088437
  1231.380005  0.294245  0.627909  0.751582  0.875256  1.097494
  1234.880005  0.294191  0.630607  0.754741  0.878875  1.103467
  1238.390015  0.297935  0.633082  0.757658  0.882234  1.111012
  1241.890015  0.298429  0.635338  0.760309  0.885280  1.113717
  1245.400024  0.301407  0.637412  0.762774  0.888136  1.121194
  1248.900024  0.301715  0.639298  0.765061  0.890825  1.123474
  1252.410034  0.305693  0.641223  0.767323  0.893424  1.129075
  1255.920044  0.305205  0.642890  0.769404  0.895918  1.132948
  1259.420044  0.306913  0.644594  0.771444  0.898295  1.136271
  1262.930054  0.306983  0.646065  0.773235  0.900405  1.136933
  1266.439941  0.310466  0.647724  0.775140  0.902556  1.141986
  1269.949951  0.309066  0.649134  0.776951  0.904769  1.144201
  1273.459961  0.312345  0.650666  0.778753  0.906840  1.148376
  1276.969971  0.313213  0.651958  0.780424  0.908889  1.149334
  1280.479980  0.314103  0.653443  0.782262  0.911082  1.156530
  1283.989990  0.313293  0.654857  0.784029  0.913201  1.155995
  1287.510010  0.314873  0.656333  0.785824  0.915316  1.159825
  1291.020020  0.316209  0.657633  0.787494  0.917354  1.162370
  1294.530029  0.317349  0.658942  0.789050  0.919158  1.164482
  1298.050049  0.317494  0.659841  0.790295  0.920749  1.163979
  1301.560059  0.318765  0.661009  0.791680  0.922350  1.170488
  1305.079956  0.319566  0.661891  0.792810  0.923729  1.169650
  1308.589966  0.320493  0.662868  0.794021  0.925173  1.170615
  1312.109985  0.321246  0.663384  0.794771  0.926158  1.173641
  1315.619995  0.319297  0.663729  0.795326  0.926922  1.174370
  1319.140015  0.320171  0.663625  0.795383  0.927141  1.176080
  1322.660034  0.320180  0.663650  0.795387  0.927125  1.173331
  1326.180054  0.322488  0.662939  0.794803  0.926666  1.177550
  1329.699951  0.318382  0.661942  0.793765  0.925587  1.169757
  1333.219971  0.317859  0.660245  0.791987  0.923729  1.166449
  1336.739990  0.314636  0.658274  0.789834  0.921394  1.165658
  1340.260010  0.312908  0.655781  0.787161  0.918541  1.160815
  1343.780029  0.311953  0.652895  0.783892  0.914890  1.154345
  1347.300049  0.310358  0.649537  0.780203  0.910869  1.150826
  1350.819946  0.304512  0.645951  0.776166  0.906381  1.138536
  1354.349976  0.304643  0.642424  0.772215  0.902005  1.137417
  1357.869995  0.301636  0.639227  0.768523  0.897819  1.132215
  1361.390015  0.299386  0.636150  0.765035  0.893919  1.128078
  1364.920044  0.294782  0.633228  0.761879  0.890529  1.120705
  1368.439941  0.294726  0.630294  0.758695  0.887095  1.116224
  1371.969971  0.291625  0.627675  0.755904  0.884133  1.109053
  1375.500000  0.287121  0.625451  0.753608  0.881765  1.106303
  1379.020020  0.288493  0.623407  0.751156  0.878905  1.099133
  1382.550049  0.287666  0.620950  0.748375  0.875799  1.091657
  1386.079956  0.284142  0.617861  0.745059  0.872256  1.080813
  1389.609985  0.282173  0.614067  0.740872  0.867678  1.076316
  1393.140015  0.277038  0.609845  0.735870  0.861896  1.066832
  1396.670044  0.274314  0.604519  0.729883  0.855247  1.058560
  1400.199951  0.268465  0.598675  0.723134  0.847593  1.049016
  1403.729980  0.263306  0.591238  0.714692  0.838145  1.036850
  1407.260010  0.255398  0.582627  0.704921  0.827215  1.022122
  1410.790039  0.251190  0.572869  0.693787  0.814706  1.003998
  1414.319946  0.239471  0.562228  0.681707  0.801185  0.983057
  1417.859985  0.234978  0.551240  0.669007  0.786773  0.968452
  1421.390015  0.226899  0.540378  0.656466  0.772553  0.955136
  1424.920044  0.218937  0.529588  0.643987  0.758385  0.937207
  1428.459961  0.209425  0.519938  0.632778  0.745618  0.924161
  1431.989990  0.205364  0.511158  0.622570  0.733983  0.908816
  1435.530029  0.201297  0.503847  0.614077  0.724307  0.899781
  1439.069946  0.194753  0.497706  0.607009  0.716312  0.886107
  1442.599976  0.189893  0.492829  0.601414  0.710000  0.880155
  1446.140015  0.187318  0.489108  0.597078  0.705048  0.875799
  1449.680054  0.186152  0.486275  0.593871  0.701467  0.874996
  1453.219971  0.184638  0.484073  0.591360  0.698646  0.870784
  1456.760010  0.183573  0.482544  0.589670  0.696797  0.871333
  1460.300049  0.182309  0.481221  0.588249  0.695277  0.868281
  1463.839966  0.184262  0.480627  0.587679  0.694732  0.871188
  1467.380005  0.179247  0.480262  0.587385  0.694509  0.871253
  1470.920044  0.181390  0.480515  0.587842  0.695169  0.869106
  1474.459961  0.179906  0.480603  0.588195  0.695787  0.872738
  1478.010010  0.181608  0.481381  0.589181  0.696981  0.875744
  1481.550049  0.178765  0.482029  0.590129  0.698230  0.879515
  1485.089966  0.179906  0.482763  0.591141  0.699519  0.882331
  1488.640015  0.179197  0.483462  0.592128  0.700794  0.878787
  1492.180054  0.180096  0.484541  0.593554  0.702567  0.883964
  1495.729980  0.178580  0.485477  0.594834  0.704192  0.881392
  1499.270020  0.179814  0.486979  0.596659  0.706339  0.887562
  1502.819946  0.180082  0.488152  0.598206  0.708259  0.891829
  1506.369995  0.181816  0.489455  0.599919  0.710382  0.898062
  1509.910034  0.178016  0.490657  0.601506  0.712355  0.896232
  1513.459961  0.180955  0.491946  0.603057  0.714169  0.899663
  1517.010010  0.178511  0.492699  0.604223  0.715747  0.904019
  1520.560059  0.178195  0.493527  0.605382  0.717238  0.902500
  1524.109985  0.179682  0.494334  0.606500  0.718667  0.910250
  1527.660034  0.178829  0.494874  0.607259  0.719644  0.912177
  1531.209961  0.178137  0.494789  0.607476  0.720163  0.909801
  1534.760010  0.178088  0.495250  0.607985  0.720721  0.908646
  1538.319946  0.179116  0.495062  0.608036  0.721010  0.914602
  1541.869995  0.174118  0.494997  0.607963  0.720929  0.914209
  1545.420044  0.175090  0.494507  0.607614  0.720721  0.917855
  1548.979980  0.172427  0.493853  0.606934  0.720015  0.914718
  1552.530029  0.174608  0.493148  0.606364  0.719579  0.914192
  1556.089966  0.172280  0.492367  0.605559  0.718751  0.913549
  1559.640015  0.173599  0.491401  0.604600  0.717799  0.913222
  1563.199951  0.166123  0.490568  0.603808  0.717048  0.912564
  1566.750000  0.170434  0.489761  0.603117  0.716472  0.914713
  1570.310059  0.165477  0.489081  0.602469  0.715857  0.911943
  1573.869995  0.167492  0.488331  0.601738  0.715146  0.910199
  1577.430054  0.165161  0.488042  0.601442  0.714842  0.908701
  1580.989990  0.165888  0.487202  0.600732  0.714262  0.905612
  1584.550049  0.162321  0.487032  0.600671  0.714310  0.904095
  1588.109985  0.162442  0.486478  0.600188  0.713897  0.905776
  1591.670044  0.159446  0.486523  0.600412  0.714302  0.902877
  1595.229980  0.163047  0.486092  0.600085  0.714079  0.901929
  1598.790039  0.160861  0.485986  0.600094  0.714202  0.899598
  1602.349976  0.161823  0.485786  0.599915  0.714044  0.898141
  1605.920044  0.159212  0.485283  0.599564  0.713845  0.892602
  1609.479980  0.159126  0.484814  0.599147  0.713479  0.892382
  1613.040039  0.157079  0.483837  0.598203  0.712569  0.890226
  1616.609985  0.159145  0.482733  0.596977  0.711221  0.878375
  1620.170044  0.156155  0.481140  0.595323  0.709507  0.864460
  1623.739990  0.155082  0.478969  0.593098  0.707227  0.850883
  1627.310059  0.151772  0.476661  0.590848  0.705036  0.846647
  1630.869995  0.151478  0.474085  0.588349  0.702614  0.849165
  1634.439941  0.148793  0.472061  0.586621  0.701181  0.845469
  1638.010010  0.146899  0.470352  0.585246  0.700141  0.849117
  1641.579956  0.150278  0.469644  0.584688  0.699731  0.845533
  1645.150024  0.148087  0.469219  0.584269  0.699319  0.846473
  1648.709961  0.148052  0.469112  0.584187  0.699262  0.846260
  1652.290039  0.146215  0.468747  0.583738  0.698729  0.845081
  1655.859985  0.146051  0.466157  0.581204  0.696250  0.843589
  1659.430054  0.143538  0.460866  0.576603  0.692341  0.839993
  1663.000000  0.142134  0.452411  0.570141  0.687872  0.832580
  1666.569946  0.137373  0.441715  0.562778  0.683841  0.830711
  1670.140015  0.139710  0.429819  0.555227  0.680635  0.826018
  1673.719971  0.132848  0.419102  0.548426  0.677751  0.821888
  1677.290039  0.131287  0.411542  0.543200  0.674858  0.815919
  1680.869995  0.129145  0.407324  0.539320  0.671316  0.808593
  1684.439941  0.130592  0.405540  0.536108  0.666677  0.807406
  1688.020020  0.130514  0.404589  0.532376  0.660163  0.798464
  1691.589966  0.129855  0.403772  0.528076  0.652380  0.793726
  1695.170044  0.125426  0.403465  0.523854  0.644242  0.776094
  1698.750000  0.132249  0.403984  0.519362  0.634739  0.774343
  1702.329956  0.130577  0.405461  0.515779  0.626096  0.757512
  1705.910034  0.140625  0.405786  0.511476  0.617166  0.758983
  1709.489990  0.140649  0.404480  0.506422  0.608363  0.734991
  1713.069946  0.140469  0.401455  0.499891  0.598328  0.729577
  1716.650024  0.144585  0.397353  0.492363  0.587372  0.708887
  1720.229980  0.142797  0.391565  0.483373  0.575180  0.691589
