ENVI ASCII Plot File [Sun Apr 06 16:44:19 2025]
Column 1: Wavelength
Column 2: Min: ROI #47~~2##255,0,0
Column 3: Mean-StdDev: ROI #47~~21##0,200,0
Column 4: Mean: ROI #47~~0##0,0,0
Column 5: Mean+StdDev: ROI #47~~21##0,200,0
Column 6: Max: ROI #47~~2##255,0,0
   935.609985  0.217678  0.414815  0.484996  0.555178  0.680385
   939.059998  0.222225  0.417163  0.487643  0.558122  0.683938
   942.520020  0.192448  0.430938  0.513444  0.595949  0.700195
   945.979980  0.170116  0.442014  0.534423  0.626833  0.754697
   949.429993  0.164863  0.449126  0.548779  0.648432  0.785257
   952.890015  0.155458  0.456406  0.559441  0.662476  0.806160
   956.349976  0.152353  0.461511  0.566562  0.671614  0.819481
   959.809998  0.149964  0.465625  0.571737  0.677849  0.827040
   963.270020  0.152301  0.469267  0.576293  0.683318  0.838435
   966.729980  0.151278  0.472353  0.580221  0.688090  0.845902
   970.190002  0.154593  0.475890  0.584400  0.692910  0.855352
   973.650024  0.152382  0.478644  0.587774  0.696904  0.855603
   977.109985  0.156615  0.481723  0.591408  0.701093  0.865626
   980.580017  0.157911  0.484670  0.595030  0.705389  0.867627
   984.039978  0.156447  0.487833  0.598679  0.709525  0.872855
   987.510010  0.160122  0.490584  0.602003  0.713423  0.879007
   990.969971  0.162678  0.493631  0.605563  0.717494  0.884447
   994.429993  0.163857  0.496635  0.609149  0.721663  0.890823
   997.900024  0.160819  0.499633  0.612745  0.725857  0.898254
  1001.369995  0.166605  0.502539  0.616174  0.729808  0.903530
  1004.830017  0.167683  0.505454  0.619615  0.733775  0.909293
  1008.299988  0.170749  0.508442  0.623130  0.737818  0.913016
  1011.770020  0.169190  0.511594  0.626827  0.742059  0.918171
  1015.239990  0.173688  0.514402  0.630191  0.745981  0.922134
  1018.710022  0.173286  0.517268  0.633541  0.749814  0.928310
  1022.179993  0.175108  0.520213  0.637023  0.753834  0.934074
  1025.650024  0.175806  0.523156  0.640535  0.757914  0.937417
  1029.119995  0.180248  0.525971  0.643894  0.761817  0.946246
  1032.589966  0.178937  0.528985  0.647367  0.765750  0.950084
  1036.060059  0.180993  0.531709  0.650621  0.769533  0.954022
  1039.530029  0.182543  0.534458  0.653906  0.773355  0.958840
  1043.000000  0.183336  0.537281  0.657269  0.777256  0.964145
  1046.479980  0.185248  0.540261  0.660701  0.781142  0.970747
  1049.949951  0.187721  0.542995  0.663928  0.784861  0.974936
  1053.430054  0.188564  0.545562  0.666998  0.788434  0.977789
  1056.900024  0.190147  0.548222  0.670135  0.792048  0.982772
  1060.380005  0.193067  0.550888  0.673273  0.795658  0.987714
  1063.849976  0.195357  0.553476  0.676387  0.799298  0.994802
  1067.329956  0.196520  0.556078  0.679485  0.802891  0.999580
  1070.810059  0.197392  0.558688  0.682496  0.806305  1.003463
  1074.290039  0.200021  0.561304  0.685572  0.809840  1.006675
  1077.760010  0.201986  0.563777  0.688528  0.813279  1.011251
  1081.239990  0.202823  0.566239  0.691407  0.816575  1.016805
  1084.719971  0.203373  0.568638  0.694249  0.819860  1.021432
  1088.199951  0.204889  0.570840  0.696890  0.822940  1.025711
  1091.680054  0.206404  0.572894  0.699393  0.825892  1.028713
  1095.170044  0.206881  0.575128  0.702054  0.828979  1.033456
  1098.650024  0.207966  0.577321  0.704675  0.832029  1.036173
  1102.130005  0.210492  0.579209  0.706983  0.834758  1.039150
  1105.609985  0.212086  0.581002  0.709154  0.837307  1.042043
  1109.099976  0.211654  0.582705  0.711164  0.839623  1.043889
  1112.579956  0.214462  0.584351  0.713166  0.841980  1.047466
  1116.069946  0.214438  0.585906  0.715133  0.844360  1.049981
  1119.550049  0.217473  0.587372  0.716951  0.846530  1.054273
  1123.040039  0.216735  0.588676  0.718616  0.848556  1.057412
  1126.520020  0.219537  0.589809  0.720078  0.850347  1.060425
  1130.010010  0.218832  0.590251  0.720892  0.851533  1.060783
  1133.500000  0.217609  0.590216  0.721311  0.852405  1.062606
  1136.989990  0.219127  0.589692  0.721323  0.852954  1.063047
  1140.469971  0.221134  0.589394  0.721541  0.853689  1.066267
  1143.959961  0.219622  0.589509  0.722016  0.854523  1.068057
  1147.449951  0.220783  0.590324  0.722900  0.855476  1.068274
  1150.939941  0.219139  0.591676  0.724114  0.856553  1.067215
  1154.430054  0.219957  0.593140  0.725270  0.857401  1.069431
  1157.930054  0.222934  0.593906  0.725831  0.857757  1.069083
  1161.420044  0.221511  0.594240  0.725898  0.857556  1.069776
  1164.910034  0.221820  0.594056  0.725615  0.857174  1.070382
  1168.400024  0.221447  0.594006  0.725404  0.856802  1.070427
  1171.900024  0.220501  0.593808  0.725198  0.856587  1.069251
  1175.390015  0.219978  0.593467  0.724811  0.856155  1.067555
  1178.890015  0.220370  0.593161  0.724477  0.855792  1.067484
  1182.380005  0.217767  0.592948  0.724245  0.855541  1.068312
  1185.880005  0.220740  0.592877  0.724319  0.855760  1.067509
  1189.369995  0.220184  0.593395  0.724968  0.856542  1.067965
  1192.869995  0.221681  0.594214  0.726097  0.857980  1.069335
  1196.369995  0.222625  0.595356  0.727531  0.859706  1.072992
  1199.869995  0.220976  0.596503  0.729052  0.861601  1.076128
  1203.369995  0.220944  0.597729  0.730687  0.863646  1.078541
  1206.869995  0.223777  0.599163  0.732408  0.865654  1.080326
  1210.369995  0.222235  0.600833  0.734420  0.868007  1.085188
  1213.869995  0.227751  0.602871  0.736831  0.870792  1.087023
  1217.369995  0.228110  0.605392  0.739713  0.874034  1.090157
  1220.869995  0.229582  0.607748  0.742660  0.877572  1.098379
  1224.369995  0.230605  0.610660  0.745918  0.881176  1.101115
  1227.869995  0.232286  0.613344  0.749077  0.884810  1.108910
  1231.380005  0.233118  0.615856  0.752029  0.888202  1.109780
  1234.880005  0.236907  0.618255  0.754826  0.891396  1.114325
  1238.390015  0.237391  0.620448  0.757490  0.894532  1.119890
  1241.890015  0.237598  0.622509  0.759961  0.897413  1.124401
  1245.400024  0.240170  0.624368  0.762202  0.900037  1.127069
  1248.900024  0.239724  0.626094  0.764323  0.902551  1.130213
  1252.410034  0.243733  0.627789  0.766302  0.904815  1.133955
  1255.920044  0.245253  0.629327  0.768154  0.906982  1.135840
  1259.420044  0.245861  0.630716  0.769818  0.908920  1.139254
  1262.930054  0.246807  0.632062  0.771469  0.910876  1.142338
  1266.439941  0.249118  0.633510  0.773169  0.912828  1.143269
  1269.949951  0.246297  0.634702  0.774698  0.914693  1.145205
  1273.459961  0.250403  0.636087  0.776296  0.916506  1.152288
  1276.969971  0.249610  0.637159  0.777758  0.918358  1.151362
  1280.479980  0.252123  0.638483  0.779423  0.920363  1.153778
  1283.989990  0.249883  0.639719  0.780989  0.922258  1.157957
  1287.510010  0.251935  0.641223  0.782747  0.924272  1.161012
  1291.020020  0.252143  0.642214  0.784176  0.926138  1.163045
  1294.530029  0.256267  0.643396  0.785576  0.927757  1.163836
  1298.050049  0.255023  0.644235  0.786722  0.929208  1.163449
  1301.560059  0.258886  0.645257  0.787944  0.930631  1.170563
  1305.079956  0.256145  0.646148  0.789042  0.931937  1.170400
  1308.589966  0.257108  0.646812  0.789929  0.933045  1.174367
  1312.109985  0.256582  0.647169  0.790441  0.933712  1.173317
  1315.619995  0.258544  0.647498  0.790924  0.934349  1.174570
  1319.140015  0.257409  0.647390  0.790926  0.934462  1.174469
  1322.660034  0.258196  0.647268  0.790884  0.934500  1.174353
  1326.180054  0.257888  0.646622  0.790201  0.933781  1.172678
  1329.699951  0.256369  0.645553  0.789092  0.932630  1.171383
  1333.219971  0.254693  0.643744  0.787150  0.930555  1.171430
  1336.739990  0.251745  0.641819  0.784943  0.928067  1.166287
  1340.260010  0.252030  0.639303  0.782187  0.925071  1.164329
  1343.780029  0.249237  0.636594  0.778969  0.921343  1.159599
  1347.300049  0.245244  0.633133  0.775107  0.917080  1.153277
  1350.819946  0.239786  0.629763  0.771174  0.912586  1.148194
  1354.349976  0.241369  0.626414  0.767301  0.908188  1.140205
  1357.869995  0.237021  0.623407  0.763736  0.904065  1.133964
  1361.390015  0.237603  0.620377  0.760243  0.900108  1.130837
  1364.920044  0.234257  0.617530  0.757038  0.896546  1.126803
  1368.439941  0.230730  0.614602  0.753886  0.893169  1.123431
  1371.969971  0.228722  0.612062  0.751126  0.890191  1.119496
  1375.500000  0.226910  0.609864  0.748813  0.887762  1.117385
  1379.020020  0.223359  0.608154  0.746778  0.885401  1.113859
  1382.550049  0.226243  0.606033  0.744295  0.882557  1.111114
  1386.079956  0.222181  0.603314  0.741307  0.879299  1.103648
  1389.609985  0.222196  0.599783  0.737382  0.874982  1.100618
  1393.140015  0.217076  0.595994  0.732807  0.869620  1.092867
  1396.670044  0.215235  0.591144  0.727274  0.863404  1.085264
  1400.199951  0.209653  0.585988  0.721150  0.856313  1.071378
  1403.729980  0.207887  0.579366  0.713490  0.847613  1.064573
  1407.260010  0.198711  0.571747  0.704565  0.837383  1.050071
  1410.790039  0.197116  0.562983  0.694457  0.825930  1.036829
  1414.319946  0.187752  0.553443  0.683252  0.813061  1.017810
  1417.859985  0.183405  0.543198  0.671225  0.799252  1.001275
  1421.390015  0.176936  0.533122  0.659245  0.785368  0.985534
  1424.920044  0.170854  0.523092  0.647404  0.771715  0.962572
  1428.459961  0.165252  0.513812  0.636433  0.759055  0.947942
  1431.989990  0.163074  0.505388  0.626366  0.747344  0.934761
  1435.530029  0.157121  0.498342  0.618009  0.737677  0.923594
  1439.069946  0.156044  0.492182  0.610838  0.729493  0.909749
  1442.599976  0.150474  0.487304  0.605098  0.722892  0.901507
  1446.140015  0.146144  0.483459  0.600568  0.717676  0.893803
  1449.680054  0.147699  0.480477  0.597033  0.713589  0.888638
  1453.219971  0.147538  0.478294  0.594395  0.710495  0.886150
  1456.760010  0.144137  0.476664  0.592527  0.708391  0.879596
  1460.300049  0.143274  0.475118  0.590784  0.706449  0.878317
  1463.839966  0.144055  0.474366  0.589918  0.705471  0.876372
  1467.380005  0.141650  0.473645  0.589236  0.704828  0.875908
  1470.920044  0.142601  0.473656  0.589330  0.705003  0.878948
  1474.459961  0.141758  0.473528  0.589333  0.705138  0.877829
  1478.010010  0.144509  0.474019  0.589995  0.705972  0.881425
  1481.550049  0.141946  0.474339  0.590512  0.706685  0.879380
  1485.089966  0.143156  0.474725  0.591166  0.707607  0.880662
  1488.640015  0.143702  0.475047  0.591606  0.708165  0.882867
  1492.180054  0.146021  0.475787  0.592643  0.709499  0.889210
  1495.729980  0.143698  0.476536  0.593638  0.710740  0.887372
  1499.270020  0.145073  0.477599  0.595021  0.712443  0.889556
  1502.819946  0.144692  0.478492  0.596231  0.713970  0.888717
  1506.369995  0.144288  0.479549  0.597599  0.715649  0.892569
  1509.910034  0.144595  0.480636  0.598961  0.717287  0.894505
  1513.459961  0.144144  0.481553  0.600201  0.718849  0.899997
  1517.010010  0.144168  0.482298  0.601239  0.720179  0.897592
  1520.560059  0.143882  0.482946  0.602221  0.721496  0.900301
  1524.109985  0.145544  0.483534  0.603066  0.722597  0.902528
  1527.660034  0.143254  0.484025  0.603714  0.723404  0.906281
  1531.209961  0.145049  0.483981  0.603893  0.723805  0.903368
  1534.760010  0.144130  0.484299  0.604252  0.724204  0.904835
  1538.319946  0.145410  0.483998  0.604104  0.724211  0.905538
  1541.869995  0.145345  0.483805  0.603915  0.724025  0.904538
  1545.420044  0.144732  0.483310  0.603448  0.723586  0.901952
  1548.979980  0.141782  0.482571  0.602762  0.722952  0.901130
  1552.530029  0.146740  0.481911  0.602065  0.722219  0.901063
  1556.089966  0.140760  0.481170  0.601228  0.721287  0.899857
  1559.640015  0.143767  0.480064  0.600150  0.720236  0.901446
  1563.199951  0.139931  0.479256  0.599283  0.719310  0.899198
  1566.750000  0.143951  0.478458  0.598503  0.718548  0.896347
  1570.310059  0.140584  0.477550  0.597593  0.717636  0.894914
  1573.869995  0.141600  0.476814  0.596867  0.716921  0.892700
  1577.430054  0.140057  0.476460  0.596452  0.716445  0.893399
  1580.989990  0.140248  0.475697  0.595783  0.715868  0.894184
  1584.550049  0.140124  0.475298  0.595397  0.715496  0.893468
  1588.109985  0.139369  0.474684  0.594911  0.715138  0.894218
  1591.670044  0.137883  0.474715  0.594977  0.715240  0.889548
  1595.229980  0.137370  0.474136  0.594567  0.714998  0.892061
  1598.790039  0.137518  0.474094  0.594538  0.714981  0.886868
  1602.349976  0.140750  0.473778  0.594281  0.714785  0.893126
  1605.920044  0.136727  0.473316  0.593939  0.714562  0.891418
  1609.479980  0.137728  0.472912  0.593584  0.714256  0.892059
  1613.040039  0.136965  0.472063  0.592776  0.713490  0.888923
  1616.609985  0.136993  0.470880  0.591624  0.712368  0.887186
  1620.170044  0.136639  0.469541  0.590318  0.711095  0.885455
  1623.739990  0.135964  0.467620  0.588441  0.709261  0.885575
  1627.310059  0.135302  0.465685  0.586678  0.707671  0.882729
  1630.869995  0.135588  0.463501  0.584687  0.705872  0.879366
  1634.439941  0.132113  0.462028  0.583398  0.704769  0.876200
  1638.010010  0.130832  0.460610  0.582157  0.703705  0.876381
  1641.579956  0.133332  0.460037  0.581720  0.703403  0.878159
  1645.150024  0.134036  0.459527  0.581264  0.703001  0.878845
  1648.709961  0.133783  0.459331  0.580983  0.702635  0.876417
  1652.290039  0.131095  0.458759  0.580273  0.701787  0.876040
  1655.859985  0.134460  0.456803  0.578317  0.699832  0.875286
  1659.430054  0.129998  0.452775  0.574765  0.696756  0.872848
  1663.000000  0.129079  0.446643  0.569860  0.693077  0.868933
  1666.569946  0.124642  0.439419  0.564294  0.689170  0.859884
  1670.140015  0.127894  0.431322  0.558381  0.685439  0.856453
  1673.719971  0.125854  0.423991  0.552843  0.681696  0.849529
  1677.290039  0.120951  0.418521  0.548479  0.678436  0.843754
  1680.869995  0.122992  0.415159  0.544984  0.674808  0.835462
  1684.439941  0.121470  0.413001  0.541670  0.670340  0.832300
  1688.020020  0.124254  0.411234  0.537772  0.664310  0.823930
  1691.589966  0.125000  0.408690  0.532864  0.657038  0.816352
  1695.170044  0.126638  0.407079  0.528302  0.649525  0.802687
  1698.750000  0.131562  0.405443  0.523031  0.640620  0.801510
  1702.329956  0.135102  0.404655  0.518486  0.632316  0.782113
  1705.910034  0.135256  0.403445  0.513616  0.623788  0.775164
  1709.489990  0.131963  0.401773  0.508339  0.614904  0.756088
  1713.069946  0.133259  0.397762  0.501141  0.604519  0.748420
  1716.650024  0.138421  0.394755  0.494656  0.594557  0.722727
  1720.229980  0.142843  0.390785  0.486989  0.583193  0.705879
