ENVI ASCII Plot File [Sun Apr 06 16:00:49 2025]
Column 1: Wavelength
Column 2: Min: ROI #2~~2##255,0,0
Column 3: Mean-StdDev: ROI #2~~21##0,200,0
Column 4: Mean: ROI #2~~0##0,0,0
Column 5: Mean+StdDev: ROI #2~~21##0,200,0
Column 6: Max: ROI #2~~2##255,0,0
   935.609985  0.137774  0.338441  0.404985  0.471529  0.583985
   939.059998  0.141588  0.340691  0.406851  0.473012  0.581565
   942.520020  0.152194  0.352973  0.426311  0.499650  0.592462
   945.979980  0.136573  0.360964  0.441254  0.521544  0.624407
   949.429993  0.135447  0.367381  0.452757  0.538134  0.653974
   952.890015  0.136172  0.373661  0.462143  0.550626  0.666558
   956.349976  0.136420  0.378621  0.468843  0.559065  0.686525
   959.809998  0.138647  0.382868  0.474074  0.565280  0.688308
   963.270020  0.137096  0.386808  0.478863  0.570918  0.694692
   966.729980  0.139045  0.390431  0.483195  0.575958  0.700775
   970.190002  0.140223  0.394011  0.487575  0.581139  0.709733
   973.650024  0.140339  0.397048  0.491231  0.585415  0.714992
   977.109985  0.144210  0.400291  0.495071  0.589850  0.722522
   980.580017  0.146472  0.403720  0.499177  0.594634  0.726343
   984.039978  0.147743  0.407045  0.503128  0.599210  0.735534
   987.510010  0.149963  0.410170  0.506815  0.603460  0.736140
   990.969971  0.148047  0.413494  0.510764  0.608033  0.744816
   994.429993  0.153871  0.416827  0.514689  0.612551  0.748433
   997.900024  0.152444  0.420283  0.518791  0.617299  0.756248
  1001.369995  0.152692  0.423446  0.522515  0.621583  0.762781
  1004.830017  0.152023  0.426648  0.526340  0.626032  0.768517
  1008.299988  0.157263  0.429963  0.530218  0.630472  0.773391
  1011.770020  0.158350  0.433511  0.534342  0.635174  0.777527
  1015.239990  0.159198  0.436641  0.538118  0.639595  0.784293
  1018.710022  0.161197  0.439808  0.541867  0.643926  0.789732
  1022.179993  0.164839  0.443121  0.545760  0.648400  0.794732
  1025.650024  0.164450  0.446400  0.549639  0.652879  0.800903
  1029.119995  0.168119  0.449513  0.553334  0.657155  0.809260
  1032.589966  0.167207  0.452880  0.557210  0.661540  0.812858
  1036.060059  0.170023  0.455966  0.560855  0.665744  0.816887
  1039.530029  0.170769  0.459071  0.564554  0.670037  0.821826
  1043.000000  0.173258  0.462316  0.568362  0.674408  0.827808
  1046.479980  0.175273  0.465631  0.572193  0.678755  0.832821
  1049.949951  0.175201  0.468675  0.575785  0.682896  0.839695
  1053.430054  0.175922  0.471599  0.579287  0.686975  0.844618
  1056.900024  0.178323  0.474641  0.582860  0.691080  0.851488
  1060.380005  0.180177  0.477674  0.586413  0.695151  0.857467
  1063.849976  0.180811  0.480620  0.589922  0.699224  0.861567
  1067.329956  0.182574  0.483511  0.593348  0.703185  0.865659
  1070.810059  0.185117  0.486471  0.596764  0.707057  0.870889
  1074.290039  0.185809  0.489435  0.600247  0.711060  0.876368
  1077.760010  0.186891  0.492204  0.603565  0.714925  0.881281
  1081.239990  0.189922  0.495092  0.606939  0.718786  0.885846
  1084.719971  0.190922  0.497884  0.610242  0.722601  0.890425
  1088.199951  0.190427  0.500427  0.613244  0.726061  0.893411
  1091.680054  0.192041  0.502940  0.616226  0.729512  0.897172
  1095.170044  0.194677  0.505501  0.619252  0.733003  0.902652
  1098.650024  0.196365  0.507981  0.622178  0.736374  0.907177
  1102.130005  0.194981  0.510282  0.624917  0.739552  0.911173
  1105.609985  0.197038  0.512421  0.627480  0.742539  0.914884
  1109.099976  0.199011  0.514451  0.629900  0.745349  0.919336
  1112.579956  0.200610  0.516469  0.632361  0.748253  0.921240
  1116.069946  0.200585  0.518353  0.634661  0.750969  0.921240
  1119.550049  0.202297  0.520228  0.636887  0.753546  0.921665
  1123.040039  0.202737  0.521880  0.638907  0.755934  0.921121
  1126.520020  0.205226  0.523229  0.640591  0.757953  0.916042
  1130.010010  0.204555  0.524111  0.641759  0.759406  0.907385
  1133.500000  0.204430  0.524479  0.642426  0.760372  0.894787
  1136.989990  0.204426  0.524349  0.642674  0.760999  0.885976
  1140.469971  0.204904  0.524408  0.643084  0.761759  0.888011
  1143.959961  0.206697  0.524810  0.643794  0.762778  0.887804
  1147.449951  0.207261  0.525770  0.644937  0.764104  0.888117
  1150.939941  0.207402  0.527246  0.646485  0.765724  0.890617
  1154.430054  0.206904  0.528861  0.648032  0.767203  0.895117
  1157.930054  0.205369  0.529840  0.648958  0.768077  0.911687
  1161.420044  0.207943  0.530465  0.649479  0.768493  0.920823
  1164.910034  0.208152  0.530464  0.649438  0.768411  0.926501
  1168.400024  0.207747  0.530492  0.649391  0.768290  0.930241
  1171.900024  0.209903  0.530457  0.649342  0.768227  0.930938
  1175.390015  0.207731  0.530474  0.649333  0.768191  0.931553
  1178.890015  0.207997  0.530235  0.649142  0.768050  0.932680
  1182.380005  0.207812  0.530202  0.649099  0.767997  0.933581
  1185.880005  0.209096  0.530319  0.649257  0.768195  0.931280
  1189.369995  0.208023  0.530899  0.649978  0.769058  0.931656
  1192.869995  0.210026  0.531743  0.651165  0.770586  0.931571
  1196.369995  0.210414  0.533152  0.652827  0.772502  0.932487
  1199.869995  0.212074  0.534493  0.654535  0.774578  0.933565
  1203.369995  0.211370  0.536051  0.656487  0.776923  0.930475
  1206.869995  0.213667  0.537810  0.658548  0.779286  0.932956
  1210.369995  0.214159  0.539744  0.660859  0.781974  0.936355
  1213.869995  0.216640  0.542113  0.663675  0.785238  0.940973
  1217.369995  0.216980  0.545165  0.667215  0.789266  0.950190
  1220.869995  0.218021  0.548151  0.670786  0.793421  0.960764
  1224.369995  0.220126  0.551394  0.674562  0.797729  0.969217
  1227.869995  0.221063  0.554578  0.678282  0.801985  0.977825
  1231.380005  0.222400  0.557738  0.681925  0.806111  0.984273
  1234.880005  0.225364  0.560527  0.685212  0.809897  0.992203
  1238.390015  0.227554  0.563133  0.688274  0.813415  0.999110
  1241.890015  0.227474  0.565524  0.691055  0.816586  1.004019
  1245.400024  0.229792  0.567755  0.693696  0.819638  1.008370
  1248.900024  0.231759  0.569793  0.696146  0.822498  1.015166
  1252.410034  0.232943  0.571884  0.698604  0.825324  1.017712
  1255.920044  0.233108  0.573764  0.700841  0.827917  1.024200
  1259.420044  0.238152  0.575497  0.702859  0.830220  1.026761
  1262.930054  0.235091  0.577100  0.704830  0.832560  1.029580
  1266.439941  0.237720  0.578756  0.706777  0.834797  1.030180
  1269.949951  0.236337  0.580172  0.708538  0.836904  1.034673
  1273.459961  0.239605  0.581775  0.710475  0.839174  1.039089
  1276.969971  0.238119  0.583182  0.712263  0.841344  1.041488
  1280.479980  0.241019  0.584857  0.714199  0.843542  1.043272
  1283.989990  0.238406  0.586311  0.715939  0.845567  1.045347
  1287.510010  0.244627  0.587905  0.717755  0.847605  1.044604
  1291.020020  0.245168  0.589203  0.719444  0.849685  1.049861
  1294.530029  0.245205  0.590650  0.721128  0.851606  1.054567
  1298.050049  0.242601  0.591653  0.722454  0.853256  1.053740
  1301.560059  0.245613  0.592961  0.723970  0.854979  1.054952
  1305.079956  0.245153  0.593960  0.725236  0.856511  1.057598
  1308.589966  0.247032  0.594868  0.726317  0.857765  1.063100
  1312.109985  0.246334  0.595479  0.727130  0.858780  1.060714
  1315.619995  0.248583  0.595972  0.727745  0.859518  1.061777
  1319.140015  0.248963  0.595889  0.727801  0.859714  1.062173
  1322.660034  0.249769  0.595889  0.727791  0.859692  1.063659
  1326.180054  0.247684  0.595139  0.727005  0.858871  1.059252
  1329.699951  0.248796  0.594235  0.725927  0.857620  1.057610
  1333.219971  0.245752  0.592244  0.723819  0.855395  1.054029
  1336.739990  0.247338  0.590257  0.721584  0.852911  1.048443
  1340.260010  0.242139  0.587674  0.718645  0.849616  1.040182
  1343.780029  0.241469  0.584707  0.715235  0.845763  1.037806
  1347.300049  0.239840  0.581107  0.711210  0.841313  1.029255
  1350.819946  0.234455  0.577537  0.707110  0.836684  1.026543
  1354.349976  0.233512  0.574014  0.703004  0.831993  1.018484
  1357.869995  0.233696  0.570675  0.699177  0.827679  1.013602
  1361.390015  0.230613  0.567409  0.695413  0.823416  1.007165
  1364.920044  0.228127  0.564377  0.691960  0.819543  1.000264
  1368.439941  0.228049  0.561180  0.688407  0.815633  0.993781
  1371.969971  0.223838  0.558476  0.685392  0.812308  0.987184
  1375.500000  0.222526  0.555996  0.682649  0.809302  0.977986
  1379.020020  0.219049  0.553805  0.680026  0.806248  0.972224
  1382.550049  0.222248  0.551148  0.676958  0.802768  0.969387
  1386.079956  0.217639  0.547810  0.673284  0.798757  0.961014
  1389.609985  0.215954  0.543865  0.668824  0.793783  0.952180
  1393.140015  0.212068  0.539421  0.663659  0.787898  0.946254
  1396.670044  0.209087  0.534046  0.657480  0.780914  0.936033
  1400.199951  0.202223  0.527938  0.650387  0.772837  0.928425
  1403.729980  0.200937  0.520376  0.641610  0.762845  0.912224
  1407.260010  0.196490  0.511641  0.631426  0.751212  0.898484
  1410.790039  0.191287  0.501926  0.620147  0.738368  0.881342
  1414.319946  0.186835  0.491584  0.608157  0.724730  0.866653
  1417.859985  0.178795  0.480939  0.595699  0.710458  0.851594
  1421.390015  0.175609  0.470381  0.583335  0.696288  0.835764
  1424.920044  0.169591  0.460137  0.571319  0.682501  0.819846
  1428.459961  0.165085  0.451164  0.560708  0.670253  0.809569
  1431.989990  0.159539  0.443062  0.551174  0.659286  0.798150
  1435.530029  0.160005  0.436328  0.543217  0.650106  0.785960
  1439.069946  0.156493  0.430786  0.536732  0.642677  0.779912
  1442.599976  0.153113  0.426411  0.531610  0.636810  0.776014
  1446.140015  0.152626  0.423135  0.527693  0.632251  0.769402
  1449.680054  0.151771  0.420663  0.524799  0.628934  0.768438
  1453.219971  0.146636  0.418863  0.522649  0.626435  0.764493
  1456.760010  0.147450  0.417565  0.521143  0.624722  0.762600
  1460.300049  0.148702  0.416289  0.519744  0.623200  0.760771
  1463.839966  0.149830  0.415747  0.519092  0.622436  0.763479
  1467.380005  0.147021  0.415367  0.518697  0.622027  0.759480
  1470.920044  0.146250  0.415525  0.519004  0.622483  0.759167
  1474.459961  0.148916  0.415539  0.519065  0.622592  0.764348
  1478.010010  0.151324  0.416163  0.519815  0.623468  0.764577
  1481.550049  0.148401  0.416519  0.520344  0.624170  0.767674
  1485.089966  0.150505  0.417014  0.521009  0.625005  0.768895
  1488.640015  0.150390  0.417411  0.521538  0.625664  0.769768
  1492.180054  0.149405  0.418178  0.522537  0.626896  0.770092
  1495.729980  0.150921  0.418837  0.523430  0.628023  0.773327
  1499.270020  0.148941  0.420137  0.525001  0.629864  0.776790
  1502.819946  0.150814  0.421193  0.526360  0.631527  0.777882
  1506.369995  0.149445  0.422424  0.527877  0.633329  0.783210
  1509.910034  0.151222  0.423611  0.529345  0.635079  0.787540
  1513.459961  0.150109  0.424866  0.530983  0.637101  0.787908
  1517.010010  0.151652  0.425961  0.532398  0.638836  0.794992
  1520.560059  0.152937  0.427045  0.533773  0.640501  0.792989
  1524.109985  0.154946  0.427819  0.534835  0.641850  0.795925
  1527.660034  0.150954  0.428581  0.535740  0.642898  0.796548
  1531.209961  0.153389  0.428800  0.536223  0.643647  0.802041
  1534.760010  0.150998  0.429393  0.536929  0.644466  0.801386
  1538.319946  0.154269  0.429342  0.536954  0.644565  0.800149
  1541.869995  0.151791  0.429499  0.537181  0.644862  0.800840
  1545.420044  0.153984  0.429017  0.536762  0.644507  0.802307
  1548.979980  0.151494  0.428646  0.536405  0.644164  0.805282
  1552.530029  0.151361  0.428019  0.535738  0.643458  0.805167
  1556.089966  0.150419  0.427344  0.535035  0.642726  0.805388
  1559.640015  0.152554  0.426561  0.534221  0.641880  0.800598
  1563.199951  0.151171  0.425846  0.533497  0.641148  0.802787
  1566.750000  0.148366  0.425020  0.532609  0.640197  0.803398
  1570.310059  0.152551  0.424257  0.531830  0.639403  0.804506
  1573.869995  0.147302  0.423647  0.531224  0.638801  0.804533
  1577.430054  0.151535  0.423475  0.531007  0.638539  0.802831
  1580.989990  0.148285  0.422947  0.530441  0.637935  0.799056
  1584.550049  0.148447  0.422511  0.530106  0.637701  0.800440
  1588.109985  0.146912  0.422038  0.529693  0.637348  0.799417
  1591.670044  0.147276  0.422220  0.529959  0.637698  0.799095
  1595.229980  0.146214  0.421751  0.529531  0.637312  0.797956
  1598.790039  0.148863  0.421651  0.529495  0.637339  0.799103
  1602.349976  0.145149  0.421520  0.529418  0.637317  0.796120
  1605.920044  0.150267  0.421078  0.529046  0.637014  0.796443
  1609.479980  0.146058  0.420624  0.528611  0.636598  0.800138
  1613.040039  0.148654  0.419756  0.527730  0.635703  0.799485
  1616.609985  0.146855  0.418540  0.526368  0.634196  0.800546
  1620.170044  0.147998  0.417195  0.524904  0.632613  0.795861
  1623.739990  0.144220  0.415361  0.522973  0.630585  0.797838
  1627.310059  0.145026  0.413585  0.521163  0.628742  0.792323
  1630.869995  0.141152  0.411447  0.518880  0.626313  0.790575
  1634.439941  0.141671  0.409838  0.517331  0.624825  0.789701
  1638.010010  0.139517  0.408327  0.515905  0.623482  0.785758
  1641.579956  0.143553  0.407664  0.515359  0.623055  0.788613
  1645.150024  0.142392  0.407180  0.514921  0.622662  0.789200
  1648.709961  0.143568  0.406877  0.514529  0.622182  0.792351
  1652.290039  0.141480  0.406486  0.514004  0.621523  0.787886
  1655.859985  0.138350  0.404499  0.512031  0.619563  0.789147
  1659.430054  0.138798  0.400633  0.508330  0.616027  0.780851
  1663.000000  0.137260  0.394589  0.503158  0.611726  0.776375
  1666.569946  0.137217  0.387035  0.497157  0.607278  0.771326
  1670.140015  0.129457  0.378501  0.490700  0.602898  0.767971
  1673.719971  0.115669  0.370618  0.484964  0.599310  0.758098
  1677.290039  0.113507  0.364471  0.479979  0.595488  0.753059
  1680.869995  0.111274  0.360391  0.475821  0.591251  0.744473
  1684.439941  0.112362  0.357604  0.472009  0.586413  0.739018
  1688.020020  0.113928  0.355490  0.467726  0.579963  0.731086
  1691.589966  0.118914  0.352772  0.462339  0.571906  0.723434
  1695.170044  0.118637  0.350563  0.457147  0.563730  0.697937
  1698.750000  0.123307  0.348892  0.451940  0.554988  0.697737
  1702.329956  0.124531  0.348077  0.447510  0.546944  0.677568
  1705.910034  0.126457  0.346339  0.442686  0.539034  0.681398
  1709.489990  0.117495  0.344121  0.437762  0.531404  0.659483
  1713.069946  0.124986  0.340398  0.431049  0.521700  0.648899
  1716.650024  0.124297  0.336846  0.424634  0.512421  0.634802
  1720.229980  0.116161  0.331493  0.417091  0.502689  0.623716
