ENVI ASCII Plot File [Sun Apr 06 16:11:56 2025]
Column 1: Wavelength
Column 2: Min: ROI #14~~2##255,0,0
Column 3: Mean-StdDev: ROI #14~~21##0,200,0
Column 4: Mean: ROI #14~~0##0,0,0
Column 5: Mean+StdDev: ROI #14~~21##0,200,0
Column 6: Max: ROI #14~~2##255,0,0
   935.609985  0.226687  0.415492  0.488713  0.561934  0.710777
   939.059998  0.234203  0.417982  0.491362  0.564742  0.709075
   942.520020  0.243562  0.434056  0.517047  0.600039  0.761974
   945.979980  0.225376  0.444617  0.537377  0.630137  0.807059
   949.429993  0.232600  0.452778  0.551728  0.650679  0.823240
   952.890015  0.232617  0.460011  0.562238  0.664465  0.849165
   956.349976  0.237330  0.465361  0.569688  0.674015  0.855959
   959.809998  0.236510  0.469814  0.575220  0.680626  0.865358
   963.270020  0.238421  0.473507  0.579832  0.686157  0.871335
   966.729980  0.243270  0.476948  0.584123  0.691299  0.878265
   970.190002  0.245909  0.480567  0.588428  0.696288  0.884844
   973.650024  0.248421  0.483425  0.592005  0.700584  0.889406
   977.109985  0.248302  0.486514  0.595745  0.704975  0.894335
   980.580017  0.250547  0.489740  0.599541  0.709342  0.901398
   984.039978  0.252394  0.492821  0.603343  0.713865  0.904726
   987.510010  0.254344  0.495732  0.606863  0.717994  0.910680
   990.969971  0.253956  0.498969  0.610670  0.722371  0.914433
   994.429993  0.259480  0.502044  0.614340  0.726636  0.921046
   997.900024  0.258078  0.505233  0.618187  0.731141  0.924205
  1001.369995  0.262274  0.508186  0.621758  0.735329  0.935300
  1004.830017  0.263134  0.511286  0.625445  0.739604  0.938294
  1008.299988  0.266649  0.514406  0.629160  0.743914  0.941649
  1011.770020  0.267462  0.517659  0.633003  0.748348  0.947073
  1015.239990  0.271368  0.520577  0.636533  0.752489  0.950351
  1018.710022  0.273050  0.523631  0.640106  0.756581  0.956863
  1022.179993  0.273419  0.526758  0.643841  0.760924  0.962127
  1025.650024  0.274285  0.529833  0.647540  0.765247  0.967257
  1029.119995  0.279039  0.532811  0.651134  0.769457  0.971949
  1032.589966  0.278770  0.535947  0.654855  0.773763  0.977410
  1036.060059  0.282829  0.538828  0.658290  0.777753  0.982420
  1039.530029  0.283925  0.541656  0.661730  0.781805  0.989423
  1043.000000  0.283213  0.544655  0.665274  0.785893  0.993973
  1046.479980  0.285172  0.547718  0.668886  0.790053  0.999451
  1049.949951  0.286915  0.550612  0.672325  0.794038  1.001674
  1053.430054  0.290276  0.553341  0.675603  0.797866  1.007248
  1056.900024  0.292388  0.556105  0.678918  0.801731  1.014353
  1060.380005  0.291996  0.558863  0.682214  0.805565  1.019133
  1063.849976  0.294518  0.561608  0.685546  0.809483  1.024673
  1067.329956  0.297126  0.564387  0.688839  0.813292  1.028499
  1070.810059  0.297758  0.567094  0.692002  0.816910  1.032560
  1074.290039  0.300166  0.569759  0.695198  0.820637  1.037808
  1077.760010  0.300533  0.572268  0.698257  0.824246  1.044401
  1081.239990  0.302270  0.574830  0.701330  0.827829  1.048932
  1084.719971  0.304546  0.577371  0.704336  0.831300  1.053312
  1088.199951  0.304861  0.579703  0.707100  0.834496  1.056196
  1091.680054  0.305919  0.581840  0.709735  0.837629  1.060433
  1095.170044  0.307609  0.584102  0.712468  0.840834  1.064569
  1098.650024  0.309989  0.586404  0.715173  0.843942  1.068034
  1102.130005  0.311245  0.588398  0.717580  0.846762  1.069996
  1105.609985  0.313597  0.590249  0.719809  0.849370  1.074127
  1109.099976  0.313432  0.592020  0.721919  0.851818  1.077196
  1112.579956  0.314368  0.593707  0.723979  0.854251  1.077348
  1116.069946  0.316529  0.595328  0.725966  0.856604  1.079021
  1119.550049  0.316256  0.596953  0.727869  0.858784  1.078740
  1123.040039  0.316718  0.598301  0.729473  0.860645  1.076035
  1126.520020  0.316318  0.599416  0.730730  0.862044  1.069187
  1130.010010  0.318468  0.599883  0.731298  0.862712  1.055135
  1133.500000  0.316886  0.599834  0.731268  0.862703  1.037611
  1136.989990  0.313709  0.599275  0.730805  0.862334  1.023263
  1140.469971  0.312582  0.598912  0.730582  0.862253  1.024951
  1143.959961  0.310417  0.598887  0.730773  0.862658  1.025682
  1147.449951  0.310688  0.599547  0.731614  0.863681  1.026881
  1150.939941  0.312468  0.600805  0.733027  0.865250  1.027416
  1154.430054  0.313545  0.602175  0.734468  0.866761  1.033222
  1157.930054  0.315401  0.602852  0.735310  0.867767  1.055857
  1161.420044  0.315079  0.603039  0.735500  0.867960  1.069264
  1164.910034  0.316376  0.602626  0.735067  0.867508  1.075601
  1168.400024  0.315641  0.602334  0.734681  0.867027  1.079601
  1171.900024  0.316332  0.601895  0.734185  0.866476  1.082444
  1175.390015  0.315668  0.601309  0.733542  0.865774  1.078730
  1178.890015  0.316878  0.600760  0.732924  0.865089  1.082447
  1182.380005  0.314541  0.600430  0.732484  0.864539  1.078261
  1185.880005  0.315500  0.600333  0.732369  0.864405  1.077307
  1189.369995  0.314379  0.600776  0.732918  0.865060  1.075994
  1192.869995  0.316107  0.601541  0.733902  0.866263  1.075388
  1196.369995  0.314447  0.602771  0.735388  0.868004  1.074271
  1199.869995  0.316873  0.604092  0.737011  0.869929  1.071735
  1203.369995  0.315422  0.605512  0.738760  0.872009  1.071707
  1206.869995  0.315996  0.607052  0.740638  0.874224  1.074762
  1210.369995  0.317476  0.608902  0.742858  0.876815  1.076444
  1213.869995  0.321520  0.611091  0.745540  0.879988  1.083426
  1217.369995  0.320306  0.613639  0.748610  0.883581  1.092732
  1220.869995  0.323230  0.616094  0.751696  0.887299  1.100844
  1224.369995  0.324784  0.618802  0.754991  0.891181  1.111533
  1227.869995  0.326201  0.621513  0.758249  0.894985  1.120319
  1231.380005  0.328050  0.624193  0.761453  0.898712  1.129594
  1234.880005  0.329490  0.626565  0.764295  0.902025  1.133070
  1238.390015  0.331602  0.628921  0.767116  0.905311  1.141061
  1241.890015  0.331914  0.631064  0.769701  0.908338  1.145809
  1245.400024  0.336232  0.632913  0.772008  0.911103  1.152712
  1248.900024  0.333748  0.634686  0.774212  0.913739  1.154702
  1252.410034  0.334729  0.636398  0.776215  0.916031  1.161176
  1255.920044  0.335996  0.638077  0.778305  0.918533  1.162352
  1259.420044  0.335582  0.639573  0.780141  0.920709  1.167922
  1262.930054  0.336433  0.640843  0.781749  0.922654  1.168003
  1266.439941  0.339224  0.642330  0.783474  0.924617  1.176496
  1269.949951  0.335035  0.643580  0.785080  0.926580  1.175753
  1273.459961  0.341416  0.644994  0.786777  0.928561  1.180505
  1276.969971  0.338900  0.646185  0.788344  0.930502  1.182034
  1280.479980  0.340552  0.647657  0.790065  0.932474  1.187621
  1283.989990  0.341147  0.648913  0.791708  0.934504  1.188861
  1287.510010  0.345848  0.650381  0.793469  0.936557  1.192695
  1291.020020  0.341695  0.651442  0.794935  0.938429  1.193841
  1294.530029  0.343448  0.652783  0.796524  0.940265  1.195532
  1298.050049  0.340770  0.653674  0.797720  0.941765  1.195572
  1301.560059  0.345737  0.654731  0.798884  0.943037  1.196041
  1305.079956  0.344627  0.655442  0.799833  0.944224  1.197864
  1308.589966  0.343529  0.656238  0.800755  0.945273  1.200563
  1312.109985  0.345076  0.656648  0.801384  0.946120  1.200402
  1315.619995  0.343333  0.656882  0.801710  0.946538  1.203296
  1319.140015  0.341687  0.656640  0.801564  0.946487  1.200960
  1322.660034  0.345579  0.656457  0.801269  0.946081  1.197047
  1326.180054  0.343451  0.655485  0.800273  0.945061  1.200486
  1329.699951  0.341619  0.654240  0.798888  0.943536  1.195979
  1333.219971  0.340896  0.652197  0.796626  0.941055  1.194326
  1336.739990  0.337017  0.649868  0.793891  0.937914  1.190221
  1340.260010  0.333489  0.647061  0.790692  0.934324  1.184334
  1343.780029  0.332701  0.643852  0.786901  0.929950  1.170874
  1347.300049  0.331546  0.640099  0.782573  0.925046  1.163086
  1350.819946  0.328306  0.636259  0.778075  0.919891  1.159245
  1354.349976  0.324988  0.632512  0.773652  0.914792  1.155303
  1357.869995  0.322593  0.629050  0.769489  0.909927  1.148914
  1361.390015  0.320279  0.625655  0.765503  0.905350  1.146642
  1364.920044  0.317202  0.622572  0.761899  0.901225  1.134769
  1368.439941  0.318289  0.619420  0.758337  0.897253  1.130376
  1371.969971  0.312041  0.616560  0.755113  0.893666  1.123636
  1375.500000  0.312511  0.614262  0.752485  0.890708  1.117181
  1379.020020  0.308370  0.612314  0.750058  0.887801  1.107183
  1382.550049  0.306387  0.609857  0.747148  0.884438  1.103634
  1386.079956  0.307889  0.606852  0.743728  0.880603  1.093051
  1389.609985  0.302753  0.603094  0.739397  0.875701  1.088023
  1393.140015  0.300156  0.598739  0.734135  0.869530  1.074305
  1396.670044  0.299062  0.593373  0.727811  0.862248  1.067771
  1400.199951  0.292647  0.587365  0.720648  0.853931  1.053935
  1403.729980  0.290676  0.580038  0.711928  0.843818  1.041400
  1407.260010  0.283290  0.571532  0.701823  0.832115  1.024118
  1410.790039  0.277566  0.561978  0.690492  0.819006  1.006517
  1414.319946  0.270394  0.551571  0.678220  0.804869  0.989508
  1417.859985  0.263875  0.540734  0.665312  0.789889  0.970577
  1421.390015  0.260056  0.530032  0.652473  0.774915  0.955262
  1424.920044  0.253065  0.519345  0.639713  0.760081  0.936791
  1428.459961  0.249305  0.509691  0.628106  0.746520  0.920572
  1431.989990  0.242957  0.500774  0.617422  0.734070  0.904098
  1435.530029  0.236498  0.493431  0.608558  0.723686  0.892938
  1439.069946  0.234990  0.487064  0.601049  0.715033  0.880345
  1442.599976  0.230822  0.481954  0.594949  0.707944  0.877558
  1446.140015  0.229265  0.477987  0.590269  0.702551  0.867452
  1449.680054  0.228817  0.474998  0.586710  0.698423  0.864227
  1453.219971  0.226993  0.472637  0.583920  0.695203  0.861881
  1456.760010  0.226174  0.470903  0.581866  0.692828  0.864452
  1460.300049  0.222872  0.469267  0.580117  0.690966  0.860003
  1463.839966  0.225283  0.468509  0.579206  0.689903  0.860492
  1467.380005  0.219443  0.467845  0.578539  0.689234  0.857360
  1470.920044  0.223998  0.467835  0.578603  0.689370  0.861741
  1474.459961  0.220060  0.467773  0.578725  0.689677  0.859029
  1478.010010  0.224166  0.468312  0.579424  0.690536  0.864563
  1481.550049  0.223112  0.468718  0.580015  0.691312  0.865136
  1485.089966  0.225156  0.469199  0.580737  0.692275  0.866740
  1488.640015  0.223004  0.469547  0.581278  0.693009  0.866284
  1492.180054  0.225553  0.470328  0.582247  0.694167  0.869458
  1495.729980  0.222542  0.470917  0.583165  0.695414  0.869181
  1499.270020  0.222098  0.472073  0.584676  0.697280  0.874052
  1502.819946  0.225224  0.473069  0.586007  0.698946  0.878152
  1506.369995  0.225180  0.474172  0.587381  0.700590  0.880161
  1509.910034  0.222515  0.475226  0.588813  0.702400  0.884715
  1513.459961  0.225192  0.476305  0.590190  0.704075  0.888705
  1517.010010  0.224344  0.477122  0.591376  0.705630  0.890079
  1520.560059  0.223909  0.477952  0.592506  0.707061  0.890909
  1524.109985  0.221444  0.478632  0.593442  0.708252  0.893256
  1527.660034  0.224196  0.479262  0.594349  0.709437  0.894828
  1531.209961  0.226592  0.479269  0.594563  0.709856  0.895483
  1534.760010  0.225026  0.479657  0.594962  0.710268  0.894702
  1538.319946  0.227916  0.479501  0.594933  0.710365  0.897816
  1541.869995  0.226608  0.479457  0.594922  0.710387  0.894635
  1545.420044  0.225926  0.478886  0.594408  0.709930  0.898038
  1548.979980  0.222615  0.478176  0.593688  0.709200  0.895462
  1552.530029  0.223892  0.477455  0.592920  0.708385  0.894426
  1556.089966  0.223055  0.476700  0.592078  0.707456  0.893354
  1559.640015  0.223590  0.475642  0.590996  0.706349  0.895257
  1563.199951  0.221642  0.474803  0.590077  0.705352  0.891532
  1566.750000  0.223728  0.473939  0.589137  0.704334  0.890059
  1570.310059  0.219851  0.473220  0.588380  0.703541  0.888265
  1573.869995  0.218603  0.472399  0.587500  0.702601  0.890675
  1577.430054  0.217274  0.472057  0.587093  0.702129  0.890275
  1580.989990  0.218825  0.471343  0.586363  0.701383  0.890119
  1584.550049  0.216603  0.470980  0.586065  0.701149  0.885687
  1588.109985  0.218363  0.470262  0.585433  0.700605  0.882407
  1591.670044  0.214119  0.470429  0.585624  0.700820  0.882174
  1595.229980  0.216891  0.470059  0.585267  0.700475  0.882314
  1598.790039  0.214444  0.469907  0.585170  0.700432  0.880253
  1602.349976  0.214577  0.469665  0.584907  0.700148  0.875561
  1605.920044  0.216105  0.469280  0.584598  0.699916  0.872978
  1609.479980  0.216111  0.468861  0.584138  0.699414  0.871278
  1613.040039  0.212839  0.467830  0.583088  0.698346  0.865273
  1616.609985  0.209798  0.466804  0.581858  0.696912  0.855355
  1620.170044  0.208258  0.465539  0.580406  0.695274  0.842226
  1623.739990  0.206120  0.463651  0.578267  0.692883  0.835426
  1627.310059  0.207760  0.461729  0.576163  0.690597  0.835387
  1630.869995  0.204998  0.459450  0.573781  0.688112  0.830744
  1634.439941  0.209260  0.457903  0.572229  0.686555  0.829083
  1638.010010  0.199814  0.456488  0.570962  0.685436  0.828791
  1641.579956  0.201737  0.456110  0.570661  0.685212  0.833926
  1645.150024  0.199035  0.455848  0.570495  0.685142  0.835445
  1648.709961  0.199831  0.455762  0.570424  0.685086  0.833039
  1652.290039  0.198185  0.455426  0.569994  0.684563  0.830333
  1655.859985  0.202766  0.453324  0.567761  0.682198  0.830780
  1659.430054  0.194888  0.448866  0.563533  0.678200  0.829619
  1663.000000  0.193463  0.441728  0.557626  0.673524  0.822900
  1666.569946  0.184381  0.432702  0.550942  0.669183  0.816937
  1670.140015  0.177570  0.422312  0.543943  0.665574  0.812032
  1673.719971  0.169020  0.412868  0.537626  0.662384  0.808258
  1677.290039  0.163464  0.406078  0.532654  0.659230  0.803719
  1680.869995  0.158291  0.402070  0.528838  0.655606  0.796795
  1684.439941  0.158416  0.400030  0.525482  0.650934  0.790195
  1688.020020  0.158010  0.398894  0.521847  0.644800  0.787679
  1691.589966  0.159806  0.397421  0.517285  0.637148  0.777410
  1695.170044  0.160466  0.396538  0.512947  0.629355  0.772362
  1698.750000  0.159631  0.396729  0.508656  0.620582  0.757258
  1702.329956  0.167486  0.397834  0.505387  0.612940  0.759671
  1705.910034  0.173940  0.397652  0.501326  0.604999  0.738543
  1709.489990  0.177271  0.396283  0.496615  0.596948  0.727672
  1713.069946  0.164438  0.393086  0.490455  0.587825  0.718230
  1716.650024  0.177101  0.389225  0.483189  0.577153  0.702877
  1720.229980  0.167169  0.383284  0.474452  0.565620  0.688402
