ENVI ASCII Plot File [Sun Apr 06 16:20:14 2025]
Column 1: Wavelength
Column 2: Min: ROI #23~~2##255,0,0
Column 3: Mean-StdDev: ROI #23~~21##0,200,0
Column 4: Mean: ROI #23~~0##0,0,0
Column 5: Mean+StdDev: ROI #23~~21##0,200,0
Column 6: Max: ROI #23~~2##255,0,0
   935.609985  0.266988  0.467770  0.537508  0.607247  0.774464
   939.059998  0.275023  0.470408  0.540035  0.609663  0.776757
   942.520020  0.271373  0.488777  0.565878  0.642979  0.840455
   945.979980  0.263138  0.503331  0.587880  0.672429  0.875347
   949.429993  0.263163  0.512827  0.602296  0.691764  0.901886
   952.890015  0.265269  0.520809  0.612827  0.704845  0.918806
   956.349976  0.270537  0.526552  0.620128  0.713705  0.934419
   959.809998  0.270893  0.530940  0.625398  0.719856  0.937272
   963.270020  0.276139  0.535156  0.630246  0.725336  0.946754
   966.729980  0.276251  0.538493  0.634304  0.730114  0.951489
   970.190002  0.279967  0.542210  0.638582  0.734955  0.959169
   973.650024  0.282574  0.545211  0.642026  0.738842  0.963991
   977.109985  0.283166  0.548294  0.645667  0.743040  0.971241
   980.580017  0.287667  0.551638  0.649476  0.747315  0.972151
   984.039978  0.285132  0.554797  0.653137  0.751478  0.977058
   987.510010  0.291196  0.557815  0.656585  0.755356  0.984858
   990.969971  0.292913  0.561081  0.660315  0.759550  0.989736
   994.429993  0.296196  0.564341  0.664042  0.763743  0.994928
   997.900024  0.297554  0.567726  0.667907  0.768088  0.999415
  1001.369995  0.300512  0.570748  0.671385  0.772022  1.005687
  1004.830017  0.299788  0.573952  0.675040  0.776128  1.010126
  1008.299988  0.303569  0.577188  0.678684  0.780181  1.014746
  1011.770020  0.305194  0.580575  0.682515  0.784455  1.020092
  1015.239990  0.308362  0.583715  0.686094  0.788474  1.024885
  1018.710022  0.308813  0.586818  0.689619  0.792420  1.030237
  1022.179993  0.311437  0.589979  0.693279  0.796578  1.035815
  1025.650024  0.313375  0.593219  0.696965  0.800710  1.038404
  1029.119995  0.315795  0.596347  0.700560  0.804774  1.044316
  1032.589966  0.317058  0.599509  0.704163  0.808816  1.048083
  1036.060059  0.318994  0.602605  0.707655  0.812705  1.053215
  1039.530029  0.320742  0.605682  0.711180  0.816679  1.057715
  1043.000000  0.323987  0.608775  0.714713  0.820651  1.064031
  1046.479980  0.324865  0.611994  0.718344  0.824693  1.066615
  1049.949951  0.325627  0.614975  0.721747  0.828518  1.070710
  1053.430054  0.328979  0.617818  0.725025  0.832231  1.075491
  1056.900024  0.330369  0.620769  0.728374  0.835980  1.080356
  1060.380005  0.331483  0.623638  0.731639  0.839640  1.084234
  1063.849976  0.334291  0.626421  0.734871  0.843321  1.088382
  1067.329956  0.336548  0.629195  0.738065  0.846934  1.091417
  1070.810059  0.337770  0.631957  0.741215  0.850472  1.096828
  1074.290039  0.340749  0.634734  0.744375  0.854017  1.100891
  1077.760010  0.341654  0.637388  0.747413  0.857438  1.103526
  1081.239990  0.341965  0.640004  0.750393  0.860782  1.108859
  1084.719971  0.343904  0.642502  0.753251  0.863999  1.113069
  1088.199951  0.345810  0.644865  0.755941  0.867017  1.117690
  1091.680054  0.347392  0.647146  0.758560  0.869974  1.121150
  1095.170044  0.348154  0.649374  0.761109  0.872843  1.123307
  1098.650024  0.350298  0.651540  0.763535  0.875531  1.126042
  1102.130005  0.351941  0.653374  0.765625  0.877876  1.128793
  1105.609985  0.352685  0.655023  0.767464  0.879905  1.129538
  1109.099976  0.352485  0.656566  0.769182  0.881798  1.129830
  1112.579956  0.353700  0.658132  0.770907  0.883681  1.131754
  1116.069946  0.354091  0.659579  0.772508  0.885436  1.131256
  1119.550049  0.354733  0.660936  0.773927  0.886918  1.130489
  1123.040039  0.353970  0.661975  0.774967  0.887958  1.127475
  1126.520020  0.354613  0.662726  0.775505  0.888283  1.119817
  1130.010010  0.353530  0.662875  0.775318  0.887760  1.107029
  1133.500000  0.351435  0.662450  0.774341  0.886232  1.086426
  1136.989990  0.348433  0.661423  0.772852  0.884282  1.059869
  1140.469971  0.346190  0.660470  0.771650  0.882830  1.035898
  1143.959961  0.342422  0.659922  0.771174  0.882427  1.025008
  1147.449951  0.341866  0.660156  0.771614  0.883071  1.030195
  1150.939941  0.342762  0.660906  0.772646  0.884385  1.050587
  1154.430054  0.345346  0.661753  0.773772  0.885792  1.073823
  1157.930054  0.349106  0.661618  0.774061  0.886505  1.092965
  1161.420044  0.350791  0.660896  0.773459  0.886021  1.105008
  1164.910034  0.350349  0.659583  0.772222  0.884862  1.113787
  1168.400024  0.350650  0.658372  0.771019  0.883666  1.116275
  1171.900024  0.351818  0.657184  0.769741  0.882298  1.118369
  1175.390015  0.349226  0.655960  0.768425  0.880890  1.117761
  1178.890015  0.348538  0.654795  0.767105  0.879415  1.114771
  1182.380005  0.345810  0.654035  0.766211  0.878387  1.110743
  1185.880005  0.348027  0.653752  0.765807  0.877862  1.110952
  1189.369995  0.346460  0.654064  0.766108  0.878152  1.107967
  1192.869995  0.346229  0.654931  0.767045  0.879159  1.106676
  1196.369995  0.345554  0.656274  0.768509  0.880744  1.104187
  1199.869995  0.348448  0.657678  0.770082  0.882485  1.104893
  1203.369995  0.346309  0.659293  0.771886  0.884479  1.102126
  1206.869995  0.348882  0.660898  0.773718  0.886539  1.102581
  1210.369995  0.347923  0.662838  0.776013  0.889187  1.106797
  1213.869995  0.351234  0.665098  0.778668  0.892238  1.111367
  1217.369995  0.352932  0.667793  0.781884  0.895975  1.122526
  1220.869995  0.354330  0.670570  0.785294  0.900018  1.131738
  1224.369995  0.356765  0.673470  0.788741  0.904013  1.136404
  1227.869995  0.358978  0.676321  0.792135  0.907949  1.147356
  1231.380005  0.360158  0.679119  0.795408  0.911697  1.153544
  1234.880005  0.362403  0.681540  0.798286  0.915031  1.160870
  1238.390015  0.362192  0.683951  0.801079  0.918208  1.165223
  1241.890015  0.364965  0.686079  0.803630  0.921180  1.171276
  1245.400024  0.366155  0.688039  0.805937  0.923836  1.178320
  1248.900024  0.367572  0.689876  0.808110  0.926344  1.180772
  1252.410034  0.368929  0.691511  0.809986  0.928460  1.184416
  1255.920044  0.368415  0.693008  0.811794  0.930580  1.187315
  1259.420044  0.369461  0.694332  0.813388  0.932445  1.190469
  1262.930054  0.368818  0.695580  0.814864  0.934148  1.192412
  1266.439941  0.371635  0.696922  0.816403  0.935885  1.192862
  1269.949951  0.371304  0.698024  0.817761  0.937497  1.196396
  1273.459961  0.374030  0.699385  0.819266  0.939147  1.201249
  1276.969971  0.373431  0.700484  0.820728  0.940971  1.200222
  1280.479980  0.374940  0.701912  0.822336  0.942760  1.204308
  1283.989990  0.376175  0.703189  0.823912  0.944635  1.205636
  1287.510010  0.377214  0.704647  0.825600  0.946553  1.209818
  1291.020020  0.376086  0.705705  0.826941  0.948176  1.210552
  1294.530029  0.378053  0.706896  0.828220  0.949543  1.213774
  1298.050049  0.373693  0.707690  0.829213  0.950735  1.211192
  1301.560059  0.377758  0.708536  0.830158  0.951780  1.211542
  1305.079956  0.375649  0.709183  0.830953  0.952722  1.212998
  1308.589966  0.377551  0.709792  0.831637  0.953481  1.218405
  1312.109985  0.375893  0.709862  0.831814  0.953767  1.219616
  1315.619995  0.378355  0.709774  0.831731  0.953688  1.215323
  1319.140015  0.375239  0.709195  0.831254  0.953314  1.215691
  1322.660034  0.376249  0.708529  0.830340  0.952152  1.212591
  1326.180054  0.375525  0.706863  0.828666  0.950469  1.212024
  1329.699951  0.373391  0.704927  0.826418  0.947909  1.207784
  1333.219971  0.366971  0.701861  0.823118  0.944376  1.203833
  1336.739990  0.364515  0.698501  0.819333  0.940164  1.197571
  1340.260010  0.365879  0.694602  0.814979  0.935356  1.192345
  1343.780029  0.361719  0.690353  0.810141  0.929928  1.184606
  1347.300049  0.359535  0.685435  0.804625  0.923816  1.179198
  1350.819946  0.352291  0.680485  0.799100  0.917715  1.170437
  1354.349976  0.353352  0.675727  0.793751  0.911775  1.163108
  1357.869995  0.349028  0.671249  0.788711  0.906173  1.154849
  1361.390015  0.345868  0.667134  0.784021  0.900908  1.149526
  1364.920044  0.340716  0.663264  0.779638  0.896012  1.139236
  1368.439941  0.339641  0.659515  0.775409  0.891303  1.133187
  1371.969971  0.336430  0.656141  0.771629  0.887116  1.123900
  1375.500000  0.335821  0.653485  0.768595  0.883706  1.116161
  1379.020020  0.333746  0.651134  0.765757  0.880379  1.110033
  1382.550049  0.333507  0.648308  0.762446  0.876584  1.106582
  1386.079956  0.328774  0.644727  0.758496  0.872265  1.098572
  1389.609985  0.325625  0.640362  0.753549  0.866736  1.091906
  1393.140015  0.319736  0.635053  0.747456  0.859859  1.078868
  1396.670044  0.321267  0.628636  0.740164  0.851692  1.070940
  1400.199951  0.311963  0.621484  0.731984  0.842485  1.057732
  1403.729980  0.309448  0.612877  0.722115  0.831352  1.043473
  1407.260010  0.303250  0.603095  0.710993  0.818891  1.026695
  1410.790039  0.295226  0.592264  0.698583  0.804902  1.008370
  1414.319946  0.284207  0.580513  0.685292  0.790071  0.990095
  1417.859985  0.280644  0.568258  0.671327  0.774395  0.974720
  1421.390015  0.272549  0.556136  0.657413  0.758690  0.957365
  1424.920044  0.268127  0.544190  0.643798  0.743406  0.941036
  1428.459961  0.263181  0.533439  0.631398  0.729358  0.924408
  1431.989990  0.254704  0.523629  0.620121  0.716614  0.906266
  1435.530029  0.251388  0.515431  0.610702  0.705973  0.891653
  1439.069946  0.248387  0.508625  0.602908  0.697191  0.883881
  1442.599976  0.245338  0.503009  0.596499  0.689989  0.877173
  1446.140015  0.239880  0.498498  0.591366  0.684233  0.871947
  1449.680054  0.239886  0.494784  0.587171  0.679558  0.864849
  1453.219971  0.236219  0.491879  0.583971  0.676064  0.863792
  1456.760010  0.237869  0.489918  0.581674  0.673430  0.864248
  1460.300049  0.234311  0.487767  0.579481  0.671194  0.862066
  1463.839966  0.234007  0.486775  0.578335  0.669896  0.859806
  1467.380005  0.232020  0.485840  0.577395  0.668950  0.858734
  1470.920044  0.233188  0.485600  0.577177  0.668754  0.862619
  1474.459961  0.231778  0.485277  0.577025  0.668773  0.860873
  1478.010010  0.232707  0.485737  0.577556  0.669376  0.863197
  1481.550049  0.230220  0.485955  0.577943  0.669931  0.863394
  1485.089966  0.232795  0.486437  0.578587  0.670738  0.865423
  1488.640015  0.231335  0.486522  0.578832  0.671143  0.867691
  1492.180054  0.231232  0.487174  0.579627  0.672080  0.868518
  1495.729980  0.231108  0.487636  0.580399  0.673162  0.868820
  1499.270020  0.234577  0.488708  0.581726  0.674744  0.873430
  1502.819946  0.232462  0.489578  0.582859  0.676140  0.873776
  1506.369995  0.233649  0.490550  0.584119  0.677688  0.878802
  1509.910034  0.231118  0.491525  0.585382  0.679239  0.880378
  1513.459961  0.234510  0.492510  0.586599  0.680687  0.884046
  1517.010010  0.233059  0.493111  0.587468  0.681826  0.884410
  1520.560059  0.235358  0.494000  0.588597  0.683194  0.888925
  1524.109985  0.233917  0.494578  0.589346  0.684114  0.885788
  1527.660034  0.233607  0.495088  0.590026  0.684964  0.890027
  1531.209961  0.233292  0.495074  0.590221  0.685368  0.893608
  1534.760010  0.232476  0.495241  0.590519  0.685796  0.895039
  1538.319946  0.231889  0.495018  0.590378  0.685739  0.891578
  1541.869995  0.231824  0.494693  0.590125  0.685558  0.893179
  1545.420044  0.232833  0.494012  0.589394  0.684775  0.893373
  1548.979980  0.230332  0.493349  0.588751  0.684153  0.896452
  1552.530029  0.231600  0.492422  0.587768  0.683115  0.894210
  1556.089966  0.226500  0.491426  0.586840  0.682253  0.894241
  1559.640015  0.228190  0.490394  0.585752  0.681110  0.889915
  1563.199951  0.227765  0.489496  0.584790  0.680085  0.887669
  1566.750000  0.225548  0.488447  0.583650  0.678852  0.888756
  1570.310059  0.223712  0.487478  0.582622  0.677765  0.887727
  1573.869995  0.226541  0.486680  0.581746  0.676813  0.886339
  1577.430054  0.222216  0.486191  0.581243  0.676295  0.883142
  1580.989990  0.223875  0.485347  0.580340  0.675333  0.882758
  1584.550049  0.222409  0.484943  0.579905  0.674866  0.880808
  1588.109985  0.221779  0.484191  0.579176  0.674161  0.879395
  1591.670044  0.221108  0.484185  0.579164  0.674143  0.876854
  1595.229980  0.222773  0.483780  0.578696  0.673613  0.878853
  1598.790039  0.219709  0.483401  0.578332  0.673262  0.876409
  1602.349976  0.220636  0.483055  0.577860  0.672666  0.875694
  1605.920044  0.219309  0.482521  0.577361  0.672201  0.871515
  1609.479980  0.219045  0.481908  0.576593  0.671278  0.868940
  1613.040039  0.217060  0.480987  0.575417  0.669846  0.862681
  1616.609985  0.215890  0.479714  0.573814  0.667915  0.855228
  1620.170044  0.214864  0.478303  0.571869  0.665435  0.840257
  1623.739990  0.211236  0.476232  0.569160  0.662087  0.824147
  1627.310059  0.211009  0.474166  0.566483  0.658800  0.799298
  1630.869995  0.205700  0.471603  0.563553  0.655503  0.778520
  1634.439941  0.205381  0.469622  0.561279  0.652936  0.765633
  1638.010010  0.204180  0.467587  0.559219  0.650851  0.763587
  1641.579956  0.203591  0.466494  0.558160  0.649826  0.763051
  1645.150024  0.200382  0.465688  0.557386  0.649084  0.762523
  1648.709961  0.200978  0.465092  0.556771  0.648450  0.761364
  1652.290039  0.199914  0.464383  0.555940  0.647497  0.756355
  1655.859985  0.197510  0.462036  0.553233  0.644431  0.757337
  1659.430054  0.195660  0.456916  0.548200  0.639484  0.751553
  1663.000000  0.190275  0.448655  0.541540  0.634425  0.749647
  1666.569946  0.181951  0.437517  0.533895  0.630274  0.742605
  1670.140015  0.175297  0.424831  0.526146  0.627462  0.739732
  1673.719971  0.166530  0.413436  0.519531  0.625625  0.731426
  1677.290039  0.160498  0.405445  0.514568  0.623692  0.730467
  1680.869995  0.149955  0.401292  0.511115  0.620938  0.722547
  1684.439941  0.150711  0.400101  0.508526  0.616951  0.721406
  1688.020020  0.154915  0.399849  0.505554  0.611259  0.717435
  1691.589966  0.158966  0.399631  0.501865  0.604099  0.709201
  1695.170044  0.160426  0.399882  0.498310  0.596739  0.694063
  1698.750000  0.166278  0.401562  0.495143  0.588723  0.692573
  1702.329956  0.170244  0.404405  0.493133  0.581861  0.684266
  1705.910034  0.170079  0.405770  0.490513  0.575256  0.690269
  1709.489990  0.166275  0.404918  0.486698  0.568477  0.675426
  1713.069946  0.168399  0.401833  0.481521  0.561209  0.658046
  1716.650024  0.177326  0.398951  0.476116  0.553280  0.642527
  1720.229980  0.176132  0.394505  0.469177  0.543849  0.649679
