ENVI ASCII Plot File [Sun Apr 06 17:04:26 2025]
Column 1: Wavelength
Column 2: Min: ROI #68~~2##255,0,0
Column 3: Mean-StdDev: ROI #68~~21##0,200,0
Column 4: Mean: ROI #68~~0##0,0,0
Column 5: Mean+StdDev: ROI #68~~21##0,200,0
Column 6: Max: ROI #68~~2##255,0,0
   935.609985  0.270721  0.476321  0.553096  0.629871  0.739140
   939.059998  0.275023  0.478660  0.555730  0.632799  0.736509
   942.520020  0.266745  0.492365  0.581989  0.671614  0.768376
   945.979980  0.259142  0.502135  0.603591  0.705046  0.821867
   949.429993  0.235173  0.509830  0.618359  0.726888  0.860023
   952.890015  0.245358  0.516385  0.628602  0.740820  0.870367
   956.349976  0.242057  0.521558  0.635750  0.749943  0.886326
   959.809998  0.244552  0.525324  0.640767  0.756210  0.898188
   963.270020  0.246953  0.528928  0.645229  0.761531  0.902098
   966.729980  0.251537  0.532033  0.649084  0.766135  0.909106
   970.190002  0.251352  0.535366  0.653048  0.770730  0.917345
   973.650024  0.254599  0.538217  0.656500  0.774782  0.921586
   977.109985  0.250825  0.541098  0.659961  0.778824  0.929130
   980.580017  0.259073  0.544157  0.663546  0.782935  0.928760
   984.039978  0.262848  0.547116  0.666973  0.786831  0.935493
   987.510010  0.262438  0.549804  0.670169  0.790534  0.937792
   990.969971  0.265431  0.552791  0.673638  0.794486  0.943469
   994.429993  0.264857  0.555707  0.677053  0.798399  0.947327
   997.900024  0.268483  0.558906  0.680750  0.802594  0.952343
  1001.369995  0.267748  0.561726  0.684063  0.806399  0.957192
  1004.830017  0.274487  0.564683  0.687479  0.810275  0.962895
  1008.299988  0.274614  0.567620  0.690947  0.814274  0.966654
  1011.770020  0.277698  0.570794  0.694584  0.818373  0.968828
  1015.239990  0.278004  0.573606  0.697880  0.822155  0.975320
  1018.710022  0.279582  0.576434  0.701209  0.825985  0.980070
  1022.179993  0.281405  0.579369  0.704655  0.829942  0.984196
  1025.650024  0.284802  0.582373  0.708127  0.833881  0.989656
  1029.119995  0.285102  0.585280  0.711508  0.837735  0.994753
  1032.589966  0.290155  0.588177  0.714860  0.841542  0.999960
  1036.060059  0.292486  0.590892  0.718002  0.845112  1.004107
  1039.530029  0.291825  0.593624  0.721229  0.848835  1.007362
  1043.000000  0.292245  0.596443  0.724548  0.852653  1.013263
  1046.479980  0.296741  0.599332  0.727870  0.856408  1.017948
  1049.949951  0.297739  0.602034  0.730970  0.859906  1.022677
  1053.430054  0.301079  0.604669  0.734039  0.863408  1.026284
  1056.900024  0.302707  0.607342  0.737153  0.866963  1.029770
  1060.380005  0.303777  0.609940  0.740176  0.870412  1.035113
  1063.849976  0.305925  0.612509  0.743176  0.873842  1.040364
  1067.329956  0.308455  0.615031  0.746126  0.877221  1.044071
  1070.810059  0.310440  0.617610  0.749115  0.880620  1.046949
  1074.290039  0.311926  0.620252  0.752177  0.884102  1.051345
  1077.760010  0.314832  0.622665  0.755023  0.887382  1.056806
  1081.239990  0.317165  0.625042  0.757802  0.890562  1.060261
  1084.719971  0.318559  0.627372  0.760539  0.893706  1.064689
  1088.199951  0.319994  0.629552  0.763112  0.896671  1.069090
  1091.680054  0.320882  0.631708  0.765629  0.899549  1.072060
  1095.170044  0.322005  0.633831  0.768126  0.902421  1.078274
  1098.650024  0.324630  0.635856  0.770503  0.905150  1.081228
  1102.130005  0.326100  0.637661  0.772657  0.907654  1.081239
  1105.609985  0.326182  0.639361  0.774692  0.910022  1.083973
  1109.099976  0.328795  0.640907  0.776564  0.912220  1.086000
  1112.579956  0.327572  0.642506  0.778436  0.914366  1.088009
  1116.069946  0.329725  0.643982  0.780253  0.916525  1.088791
  1119.550049  0.331631  0.645333  0.781953  0.918574  1.088038
  1123.040039  0.331430  0.646418  0.783435  0.920452  1.090626
  1126.520020  0.330513  0.647241  0.784631  0.922021  1.093792
  1130.010010  0.331605  0.647480  0.785300  0.923121  1.094411
  1133.500000  0.331107  0.647156  0.785456  0.923756  1.094765
  1136.989990  0.328368  0.646240  0.785233  0.924225  1.095064
  1140.469971  0.323795  0.645543  0.785134  0.924725  1.093892
  1143.959961  0.324391  0.645495  0.785481  0.925467  1.096454
  1147.449951  0.325341  0.646107  0.786153  0.926200  1.098302
  1150.939941  0.327239  0.647335  0.787146  0.926956  1.099089
  1154.430054  0.329970  0.648715  0.788019  0.927323  1.099566
  1157.930054  0.330263  0.649503  0.788356  0.927208  1.102211
  1161.420044  0.331024  0.649784  0.788242  0.926699  1.099062
  1164.910034  0.331859  0.649352  0.787613  0.925874  1.097471
  1168.400024  0.330882  0.648936  0.786980  0.925024  1.094501
  1171.900024  0.330687  0.648394  0.786312  0.924230  1.094466
  1175.390015  0.330443  0.647850  0.785631  0.923413  1.094304
  1178.890015  0.328653  0.647298  0.785046  0.922793  1.095548
  1182.380005  0.329825  0.647020  0.784758  0.922497  1.093110
  1185.880005  0.329455  0.647003  0.784830  0.922658  1.092482
  1189.369995  0.330034  0.647450  0.785492  0.923533  1.092143
  1192.869995  0.328205  0.648283  0.786585  0.924887  1.095827
  1196.369995  0.330286  0.649413  0.788107  0.926802  1.097089
  1199.869995  0.330106  0.650675  0.789746  0.928818  1.098673
  1203.369995  0.331632  0.652147  0.791600  0.931054  1.102709
  1206.869995  0.331129  0.653653  0.793428  0.933202  1.106712
  1210.369995  0.334571  0.655382  0.795524  0.935667  1.106692
  1213.869995  0.335440  0.657419  0.797866  0.938312  1.112329
  1217.369995  0.338426  0.659731  0.800474  0.941217  1.115245
  1220.869995  0.340324  0.662075  0.803132  0.944189  1.119588
  1224.369995  0.343764  0.664576  0.805989  0.947402  1.124511
  1227.869995  0.343259  0.666981  0.808744  0.950508  1.130329
  1231.380005  0.347615  0.669425  0.811533  0.953640  1.138063
  1234.880005  0.348845  0.671681  0.814183  0.956686  1.144437
  1238.390015  0.352094  0.673811  0.816625  0.959439  1.149871
  1241.890015  0.351168  0.675692  0.818834  0.961976  1.156375
  1245.400024  0.353538  0.677555  0.821014  0.964472  1.159077
  1248.900024  0.355080  0.679178  0.823013  0.966848  1.163635
  1252.410034  0.353856  0.680868  0.824970  0.969072  1.167907
  1255.920044  0.355418  0.682369  0.826773  0.971176  1.170884
  1259.420044  0.360073  0.683653  0.828357  0.973060  1.172967
  1262.930054  0.359590  0.684914  0.829859  0.974804  1.174845
  1266.439941  0.359619  0.686296  0.831455  0.976613  1.181056
  1269.949951  0.361927  0.687371  0.832862  0.978353  1.184497
  1273.459961  0.363544  0.688697  0.834402  0.980106  1.187662
  1276.969971  0.363261  0.689772  0.835846  0.981919  1.188671
  1280.479980  0.361116  0.691262  0.837535  0.983807  1.191994
  1283.989990  0.364425  0.692426  0.839060  0.985695  1.196819
  1287.510010  0.364283  0.693799  0.840656  0.987513  1.197598
  1291.020020  0.365023  0.694826  0.842034  0.989242  1.200364
  1294.530029  0.367019  0.695904  0.843272  0.990639  1.202588
  1298.050049  0.367453  0.696732  0.844447  0.992162  1.203142
  1301.560059  0.369097  0.697771  0.845590  0.993409  1.201155
  1305.079956  0.369875  0.698485  0.846539  0.994593  1.205259
  1308.589966  0.369607  0.699116  0.847327  0.995538  1.206000
  1312.109985  0.371752  0.699457  0.847873  0.996288  1.212009
  1315.619995  0.369116  0.699559  0.848086  0.996614  1.213670
  1319.140015  0.370618  0.699128  0.847830  0.996532  1.207752
  1322.660034  0.369312  0.698999  0.847590  0.996180  1.206586
  1326.180054  0.368374  0.697968  0.846614  0.995260  1.210596
  1329.699951  0.367160  0.696765  0.845218  0.993671  1.209241
  1333.219971  0.366529  0.694582  0.842909  0.991235  1.204065
  1336.739990  0.362689  0.692117  0.840161  0.988205  1.198606
  1340.260010  0.359459  0.689144  0.836890  0.984636  1.194587
  1343.780029  0.356033  0.685940  0.833244  0.980548  1.188804
  1347.300049  0.354348  0.682048  0.828935  0.975821  1.183808
  1350.819946  0.347936  0.678109  0.824375  0.970640  1.176147
  1354.349976  0.346789  0.674249  0.819959  0.965670  1.172526
  1357.869995  0.345182  0.670790  0.815973  0.961157  1.165207
  1361.390015  0.339319  0.667560  0.812281  0.957002  1.161138
  1364.920044  0.337866  0.664424  0.808860  0.953296  1.154681
  1368.439941  0.332162  0.661310  0.805493  0.949677  1.147411
  1371.969971  0.333233  0.658635  0.802597  0.946559  1.141308
  1375.500000  0.327056  0.656421  0.800282  0.944143  1.136102
  1379.020020  0.329641  0.654633  0.798135  0.941638  1.129523
  1382.550049  0.326924  0.652302  0.795460  0.938618  1.128428
  1386.079956  0.321105  0.649422  0.792511  0.935601  1.121719
  1389.609985  0.319368  0.645790  0.788497  0.931204  1.111000
  1393.140015  0.318558  0.641840  0.783892  0.925943  1.104050
  1396.670044  0.312692  0.636670  0.777965  0.919260  1.097426
  1400.199951  0.310994  0.630903  0.771231  0.911559  1.084924
  1403.729980  0.302700  0.623755  0.763100  0.902444  1.074883
  1407.260010  0.296928  0.615494  0.753683  0.891871  1.058522
  1410.790039  0.289759  0.606227  0.742954  0.879681  1.041353
  1414.319946  0.278778  0.596008  0.731238  0.866467  1.023229
  1417.859985  0.271731  0.585237  0.718721  0.852204  1.011298
  1421.390015  0.265198  0.574368  0.705910  0.837453  0.994035
  1424.920044  0.257526  0.563417  0.693210  0.823002  0.975495
  1428.459961  0.252656  0.553593  0.681589  0.809585  0.959617
  1431.989990  0.245627  0.544366  0.670845  0.797325  0.945671
  1435.530029  0.240589  0.536680  0.661848  0.787016  0.934461
  1439.069946  0.236614  0.530378  0.654409  0.778441  0.923979
  1442.599976  0.228938  0.525237  0.648437  0.771636  0.918293
  1446.140015  0.232315  0.521349  0.643818  0.766288  0.911017
  1449.680054  0.224225  0.518088  0.640086  0.762085  0.909319
  1453.219971  0.226644  0.515719  0.637321  0.758922  0.904193
  1456.760010  0.224357  0.514226  0.635472  0.756717  0.903229
  1460.300049  0.224859  0.512739  0.633912  0.755086  0.901447
  1463.839966  0.224620  0.512066  0.633187  0.754309  0.902614
  1467.380005  0.222112  0.511621  0.632720  0.753819  0.903316
  1470.920044  0.223960  0.511636  0.632844  0.754052  0.907645
  1474.459961  0.224009  0.511554  0.632999  0.754445  0.907072
  1478.010010  0.220373  0.512130  0.633680  0.755230  0.909360
  1481.550049  0.222180  0.512536  0.634358  0.756181  0.906954
  1485.089966  0.220816  0.513147  0.635153  0.757158  0.909417
  1488.640015  0.223095  0.513487  0.635769  0.758051  0.911299
  1492.180054  0.222590  0.514325  0.636790  0.759254  0.913845
  1495.729980  0.224744  0.515073  0.637794  0.760514  0.915732
  1499.270020  0.219614  0.516142  0.639057  0.761972  0.920769
  1502.819946  0.225214  0.517141  0.640393  0.763644  0.921604
  1506.369995  0.222552  0.518054  0.641576  0.765098  0.926855
  1509.910034  0.221919  0.519018  0.642947  0.766875  0.930554
  1513.459961  0.225152  0.520109  0.644269  0.768430  0.931784
  1517.010010  0.224251  0.520741  0.645245  0.769749  0.933752
  1520.560059  0.223203  0.521508  0.646325  0.771143  0.936423
  1524.109985  0.225702  0.521950  0.647000  0.772050  0.936106
  1527.660034  0.225503  0.522324  0.647481  0.772638  0.940048
  1531.209961  0.224214  0.522230  0.647628  0.773026  0.941524
  1534.760010  0.226066  0.522345  0.647767  0.773190  0.941917
  1538.319946  0.225052  0.522067  0.647563  0.773058  0.946335
  1541.869995  0.228903  0.521819  0.647293  0.772766  0.945993
  1545.420044  0.223549  0.521061  0.646536  0.772011  0.945179
  1548.979980  0.225360  0.520376  0.645877  0.771378  0.942932
  1552.530029  0.221925  0.519368  0.644785  0.770202  0.943707
  1556.089966  0.224376  0.518477  0.643871  0.769266  0.940371
  1559.640015  0.218208  0.517327  0.642692  0.768056  0.944170
  1563.199951  0.220746  0.516418  0.641753  0.767088  0.940524
  1566.750000  0.219824  0.515287  0.640613  0.765940  0.942088
  1570.310059  0.219227  0.514331  0.639593  0.764855  0.938002
  1573.869995  0.216386  0.513480  0.638740  0.763999  0.938073
  1577.430054  0.221445  0.512879  0.638154  0.763428  0.935946
  1580.989990  0.216711  0.512075  0.637323  0.762570  0.933475
  1584.550049  0.216943  0.511609  0.636912  0.762216  0.931609
  1588.109985  0.214204  0.511057  0.636427  0.761797  0.935053
  1591.670044  0.212403  0.511009  0.636430  0.761851  0.932770
  1595.229980  0.216087  0.510287  0.635762  0.761237  0.928388
  1598.790039  0.215059  0.510005  0.635556  0.761108  0.928150
  1602.349976  0.213991  0.509623  0.635235  0.760848  0.923015
  1605.920044  0.213351  0.508991  0.634723  0.760455  0.922531
  1609.479980  0.210428  0.508390  0.634127  0.759864  0.922865
  1613.040039  0.214549  0.507365  0.633161  0.758958  0.917745
  1616.609985  0.210326  0.506106  0.631923  0.757741  0.904538
  1620.170044  0.210772  0.504704  0.630581  0.756458  0.895301
  1623.739990  0.209396  0.502396  0.628461  0.754527  0.893131
  1627.310059  0.207595  0.500293  0.626600  0.752907  0.892249
  1630.869995  0.208389  0.498111  0.624694  0.751277  0.887587
  1634.439941  0.203434  0.496434  0.623301  0.750168  0.888047
  1638.010010  0.202036  0.494952  0.622139  0.749327  0.884003
  1641.579956  0.202929  0.494128  0.621509  0.748889  0.887656
  1645.150024  0.201197  0.493656  0.621066  0.748475  0.887670
  1648.709961  0.198089  0.493206  0.620499  0.747792  0.890232
  1652.290039  0.197155  0.492751  0.619864  0.746976  0.886725
  1655.859985  0.198014  0.490684  0.617875  0.745066  0.887285
  1659.430054  0.197467  0.486551  0.614443  0.742335  0.882159
  1663.000000  0.186167  0.480375  0.609597  0.738819  0.878298
  1666.569946  0.183169  0.472905  0.604076  0.735247  0.873779
  1670.140015  0.173841  0.464849  0.598355  0.731862  0.865408
  1673.719971  0.170981  0.457435  0.593043  0.728651  0.860643
  1677.290039  0.167114  0.451834  0.588511  0.725188  0.858488
  1680.869995  0.168665  0.448306  0.585008  0.721710  0.853798
  1684.439941  0.164783  0.446250  0.581933  0.717617  0.848579
  1688.020020  0.166315  0.444642  0.578384  0.712125  0.840766
  1691.589966  0.160121  0.442550  0.573782  0.705014  0.836241
  1695.170044  0.167542  0.441027  0.569436  0.697845  0.823066
  1698.750000  0.169038  0.439780  0.564362  0.688943  0.816598
  1702.329956  0.174154  0.439872  0.560507  0.681142  0.807681
  1705.910034  0.175810  0.438705  0.555662  0.672618  0.789484
  1709.489990  0.180322  0.437159  0.550870  0.664580  0.780156
  1713.069946  0.192529  0.433771  0.544095  0.654419  0.762023
  1716.650024  0.196397  0.430060  0.536806  0.643551  0.751118
  1720.229980  0.192281  0.425375  0.527959  0.630543  0.733039
