ENVI ASCII Plot File [Sun Apr 06 16:58:19 2025]
Column 1: Wavelength
Column 2: Min: ROI #60~~2##255,0,0
Column 3: Mean-StdDev: ROI #60~~21##0,200,0
Column 4: Mean: ROI #60~~0##0,0,0
Column 5: Mean+StdDev: ROI #60~~21##0,200,0
Column 6: Max: ROI #60~~2##255,0,0
   935.609985  0.264909  0.509154  0.594103  0.679053  0.833268
   939.059998  0.270617  0.511904  0.597210  0.682516  0.826637
   942.520020  0.305432  0.531337  0.629142  0.726947  0.879725
   945.979980  0.272574  0.544038  0.652881  0.761724  0.909130
   949.429993  0.283876  0.553609  0.669394  0.785178  0.953422
   952.890015  0.275094  0.560921  0.680240  0.799559  0.957827
   956.349976  0.283273  0.566412  0.687625  0.808838  0.973256
   959.809998  0.278348  0.570403  0.692735  0.815067  0.978006
   963.270020  0.281986  0.573826  0.697030  0.820233  0.985643
   966.729980  0.278976  0.576863  0.700913  0.824964  0.991637
   970.190002  0.282287  0.580120  0.704778  0.829435  0.999217
   973.650024  0.283531  0.582789  0.708048  0.833307  0.999230
   977.109985  0.286013  0.585500  0.711275  0.837050  1.002995
   980.580017  0.285993  0.588310  0.714580  0.840849  1.008102
   984.039978  0.288255  0.591017  0.717815  0.844614  1.012910
   987.510010  0.289334  0.593577  0.720839  0.848102  1.017607
   990.969971  0.292091  0.596280  0.724029  0.851777  1.022433
   994.429993  0.291052  0.599006  0.727264  0.855521  1.023970
   997.900024  0.294166  0.601931  0.730651  0.859370  1.029269
  1001.369995  0.296440  0.604402  0.733633  0.862863  1.033890
  1004.830017  0.297956  0.607082  0.736765  0.866448  1.035699
  1008.299988  0.299369  0.609762  0.739935  0.870108  1.040692
  1011.770020  0.299328  0.612607  0.743267  0.873927  1.041995
  1015.239990  0.299954  0.615290  0.746425  0.877561  1.048587
  1018.710022  0.300479  0.617842  0.749472  0.881102  1.050928
  1022.179993  0.303753  0.620500  0.752638  0.884777  1.056204
  1025.650024  0.305228  0.623201  0.755845  0.888489  1.058336
  1029.119995  0.306686  0.625795  0.758945  0.892096  1.063768
  1032.589966  0.307457  0.628439  0.761991  0.895543  1.070084
  1036.060059  0.309924  0.630844  0.764831  0.898817  1.072472
  1039.530029  0.310638  0.633368  0.767883  0.902398  1.073994
  1043.000000  0.312948  0.635971  0.770936  0.905900  1.078454
  1046.479980  0.312871  0.638514  0.773915  0.909316  1.081577
  1049.949951  0.314985  0.640909  0.776769  0.912629  1.085734
  1053.430054  0.315899  0.643314  0.779606  0.915899  1.089999
  1056.900024  0.317197  0.645733  0.782461  0.919189  1.092891
  1060.380005  0.318931  0.648063  0.785220  0.922376  1.096483
  1063.849976  0.317760  0.650353  0.787952  0.925551  1.098855
  1067.329956  0.319703  0.652616  0.790660  0.928704  1.103189
  1070.810059  0.322779  0.654864  0.793308  0.931753  1.107877
  1074.290039  0.323619  0.657130  0.795991  0.934852  1.112554
  1077.760010  0.323493  0.659246  0.798539  0.937833  1.115817
  1081.239990  0.325175  0.661374  0.801038  0.940702  1.120238
  1084.719971  0.325106  0.663427  0.803455  0.943483  1.122590
  1088.199951  0.326859  0.665299  0.805707  0.946114  1.122632
  1091.680054  0.326589  0.667080  0.807872  0.948663  1.124674
  1095.170044  0.328774  0.668843  0.809990  0.951137  1.126299
  1098.650024  0.330731  0.670565  0.811992  0.953419  1.127054
  1102.130005  0.332282  0.671951  0.813675  0.955399  1.128476
  1105.609985  0.332240  0.673209  0.815204  0.957198  1.130070
  1109.099976  0.332587  0.674362  0.816583  0.958804  1.131940
  1112.579956  0.333095  0.675453  0.817897  0.960342  1.133015
  1116.069946  0.333377  0.676445  0.819108  0.961771  1.131544
  1119.550049  0.333878  0.677437  0.820257  0.963077  1.129359
  1123.040039  0.332874  0.678146  0.821111  0.964077  1.130605
  1126.520020  0.332866  0.678562  0.821574  0.964585  1.131228
  1130.010010  0.332392  0.678429  0.821454  0.964479  1.132832
  1133.500000  0.332929  0.677753  0.820702  0.963651  1.133719
  1136.989990  0.329410  0.676435  0.819465  0.962496  1.132313
  1140.469971  0.327694  0.675378  0.818488  0.961598  1.132943
  1143.959961  0.326738  0.674744  0.818031  0.961318  1.133033
  1147.449951  0.327869  0.674862  0.818234  0.961606  1.130922
  1150.939941  0.327216  0.675618  0.819001  0.962384  1.129604
  1154.430054  0.330306  0.676420  0.819679  0.962939  1.129191
  1157.930054  0.328668  0.676506  0.819686  0.962867  1.128809
  1161.420044  0.329538  0.676251  0.819198  0.962145  1.132759
  1164.910034  0.329459  0.675189  0.818021  0.960853  1.129694
  1168.400024  0.329464  0.674179  0.816812  0.959446  1.128708
  1171.900024  0.330447  0.673133  0.815603  0.958074  1.128502
  1175.390015  0.329840  0.672141  0.814454  0.956767  1.126755
  1178.890015  0.328112  0.671282  0.813464  0.955646  1.123801
  1182.380005  0.326404  0.670596  0.812655  0.954715  1.126341
  1185.880005  0.325418  0.670278  0.812263  0.954247  1.123703
  1189.369995  0.325769  0.670481  0.812575  0.954670  1.125923
  1192.869995  0.325672  0.671103  0.813374  0.955644  1.125030
  1196.369995  0.326459  0.672240  0.814740  0.957239  1.126483
  1199.869995  0.327554  0.673423  0.816217  0.959011  1.130398
  1203.369995  0.327249  0.674728  0.817844  0.960960  1.130539
  1206.869995  0.327922  0.676144  0.819590  0.963036  1.133281
  1210.369995  0.328141  0.677733  0.821540  0.965346  1.135867
  1213.869995  0.330087  0.679653  0.823858  0.968063  1.142242
  1217.369995  0.329662  0.681876  0.826534  0.971191  1.143877
  1220.869995  0.332212  0.684093  0.829243  0.974392  1.149156
  1224.369995  0.333100  0.686459  0.832112  0.977765  1.147581
  1227.869995  0.336438  0.688805  0.834913  0.981020  1.154494
  1231.380005  0.333460  0.691055  0.837646  0.984238  1.152787
  1234.880005  0.335936  0.693102  0.840142  0.987183  1.159747
  1238.390015  0.336644  0.694990  0.842418  0.989846  1.159754
  1241.890015  0.338506  0.696700  0.844490  0.992279  1.163050
  1245.400024  0.338629  0.698216  0.846355  0.994494  1.166218
  1248.900024  0.339993  0.699673  0.848161  0.996649  1.171413
  1252.410034  0.341024  0.701047  0.849817  0.998586  1.169644
  1255.920044  0.341688  0.702246  0.851323  1.000399  1.172844
  1259.420044  0.341156  0.703270  0.852587  1.001905  1.172978
  1262.930054  0.343214  0.704201  0.853814  1.003428  1.176043
  1266.439941  0.343297  0.705344  0.855051  1.004758  1.176960
  1269.949951  0.343519  0.706179  0.856244  1.006308  1.178392
  1273.459961  0.342656  0.707022  0.857298  1.007574  1.181620
  1276.969971  0.342446  0.707948  0.858520  1.009092  1.181391
  1280.479980  0.341606  0.709048  0.859834  1.010620  1.183865
  1283.989990  0.342542  0.709788  0.860894  1.012000  1.185841
  1287.510010  0.342190  0.710884  0.862193  1.013502  1.190374
  1291.020020  0.342984  0.711638  0.863257  1.014877  1.189973
  1294.530029  0.343909  0.712540  0.864226  1.015912  1.190347
  1298.050049  0.342293  0.712996  0.864999  1.017002  1.189841
  1301.560059  0.342745  0.713726  0.865816  1.017905  1.188475
  1305.079956  0.343490  0.714136  0.866420  1.018705  1.191359
  1308.589966  0.344087  0.714451  0.866850  1.019248  1.193944
  1312.109985  0.342799  0.714360  0.866976  1.019591  1.191250
  1315.619995  0.343666  0.714161  0.866730  1.019300  1.194608
  1319.140015  0.339242  0.713443  0.866056  1.018669  1.191170
  1322.660034  0.341178  0.712992  0.865401  1.017809  1.191279
  1326.180054  0.338163  0.711561  0.863974  1.016387  1.190909
  1329.699951  0.341150  0.709957  0.862057  1.014157  1.188861
  1333.219971  0.337708  0.707284  0.859120  1.010957  1.180840
  1336.739990  0.337581  0.704573  0.855945  1.007316  1.182106
  1340.260010  0.332484  0.701342  0.852227  1.003112  1.173076
  1343.780029  0.332674  0.698049  0.848290  0.998531  1.173130
  1347.300049  0.329598  0.694086  0.843763  0.993439  1.164732
  1350.819946  0.328483  0.690107  0.839126  0.988145  1.160386
  1354.349976  0.322881  0.686303  0.834576  0.982850  1.148471
  1357.869995  0.323409  0.682629  0.830281  0.977933  1.147212
  1361.390015  0.321293  0.679191  0.826261  0.973331  1.142679
  1364.920044  0.321609  0.676018  0.822587  0.969156  1.135211
  1368.439941  0.318008  0.672886  0.818991  0.965096  1.131560
  1371.969971  0.316624  0.670147  0.815961  0.961774  1.133593
  1375.500000  0.311572  0.667725  0.813274  0.958822  1.127538
  1379.020020  0.312388  0.665620  0.810626  0.955631  1.121600
  1382.550049  0.311053  0.663129  0.807650  0.952171  1.118256
  1386.079956  0.306252  0.659916  0.804129  0.948342  1.116361
  1389.609985  0.302505  0.656072  0.799752  0.943431  1.110736
  1393.140015  0.303611  0.651913  0.794643  0.937373  1.104929
  1396.670044  0.298876  0.646464  0.788212  0.929959  1.100660
  1400.199951  0.297666  0.640541  0.781137  0.921732  1.087515
  1403.729980  0.293976  0.633490  0.772818  0.912146  1.076223
  1407.260010  0.288887  0.625346  0.763214  0.901083  1.061090
  1410.790039  0.285882  0.616665  0.752926  0.889187  1.055423
  1414.319946  0.277532  0.607015  0.741671  0.876328  1.034528
  1417.859985  0.272602  0.597254  0.730037  0.862820  1.021443
  1421.390015  0.268086  0.587553  0.718432  0.849310  1.008804
  1424.920044  0.263836  0.577893  0.707024  0.836155  0.993639
  1428.459961  0.258860  0.569329  0.696768  0.824207  0.978111
  1431.989990  0.257355  0.561466  0.687350  0.813235  0.971685
  1435.530029  0.254984  0.554814  0.679451  0.804088  0.960115
  1439.069946  0.252802  0.549256  0.672890  0.796523  0.949996
  1442.599976  0.245703  0.544649  0.667546  0.790443  0.945662
  1446.140015  0.247902  0.541039  0.663284  0.785529  0.937522
  1449.680054  0.245113  0.538034  0.659775  0.781516  0.929689
  1453.219971  0.245801  0.535636  0.657011  0.778386  0.928173
  1456.760010  0.241369  0.534108  0.655133  0.776158  0.924290
  1460.300049  0.242557  0.532303  0.653256  0.774209  0.924353
  1463.839966  0.241672  0.531407  0.652239  0.773070  0.922639
  1467.380005  0.241762  0.530603  0.651446  0.772289  0.921451
  1470.920044  0.240587  0.530353  0.651171  0.771988  0.920364
  1474.459961  0.239656  0.529958  0.650954  0.771951  0.919663
  1478.010010  0.240499  0.530281  0.651304  0.772326  0.924235
  1481.550049  0.238593  0.530425  0.651665  0.772905  0.920362
  1485.089966  0.240309  0.530683  0.652057  0.773432  0.919557
  1488.640015  0.238018  0.530762  0.652346  0.773929  0.920160
  1492.180054  0.237785  0.531307  0.653042  0.774777  0.923022
  1495.729980  0.237818  0.531627  0.653658  0.775689  0.921316
  1499.270020  0.240465  0.532401  0.654606  0.776811  0.924469
  1502.819946  0.237493  0.533068  0.655586  0.778104  0.926374
  1506.369995  0.240098  0.533875  0.656625  0.779376  0.931985
  1509.910034  0.236391  0.534696  0.657826  0.780957  0.933483
  1513.459961  0.240200  0.535644  0.659021  0.782399  0.935015
  1517.010010  0.235374  0.536290  0.660084  0.783879  0.934154
  1520.560059  0.240107  0.536999  0.661009  0.785019  0.937345
  1524.109985  0.236538  0.537391  0.661665  0.785940  0.935289
  1527.660034  0.237880  0.537913  0.662294  0.786675  0.940469
  1531.209961  0.234056  0.537803  0.662462  0.787121  0.936737
  1534.760010  0.238367  0.538100  0.662775  0.787450  0.936424
  1538.319946  0.238015  0.537811  0.662621  0.787432  0.933614
  1541.869995  0.238074  0.537583  0.662441  0.787299  0.935745
  1545.420044  0.235989  0.537042  0.661937  0.786831  0.936036
  1548.979980  0.236258  0.536387  0.661289  0.786191  0.936997
  1552.530029  0.232947  0.535625  0.660433  0.785242  0.930404
  1556.089966  0.236475  0.534834  0.659624  0.784414  0.932770
  1559.640015  0.235041  0.533724  0.658487  0.783251  0.931759
  1563.199951  0.232074  0.532869  0.657607  0.782345  0.927859
  1566.750000  0.232681  0.531835  0.656507  0.781179  0.928559
  1570.310059  0.230739  0.530924  0.655561  0.780199  0.927711
  1573.869995  0.228359  0.530087  0.654666  0.779244  0.928910
  1577.430054  0.229082  0.529578  0.654049  0.778519  0.927931
  1580.989990  0.230246  0.528776  0.653250  0.777724  0.927359
  1584.550049  0.228381  0.528224  0.652737  0.777250  0.923609
  1588.109985  0.228574  0.527557  0.652100  0.776644  0.925674
  1591.670044  0.226521  0.527402  0.651948  0.776493  0.921356
  1595.229980  0.230183  0.526593  0.651104  0.775615  0.922458
  1598.790039  0.225524  0.526231  0.650759  0.775287  0.919254
  1602.349976  0.228293  0.525708  0.650168  0.774629  0.920895
  1605.920044  0.222282  0.525020  0.649494  0.773968  0.916398
  1609.479980  0.224919  0.524314  0.648719  0.773124  0.916121
  1613.040039  0.221303  0.523114  0.647488  0.771861  0.916193
  1616.609985  0.225812  0.521776  0.645912  0.770048  0.918304
  1620.170044  0.221495  0.520301  0.644164  0.768027  0.912253
  1623.739990  0.220293  0.517987  0.641639  0.765291  0.910984
  1627.310059  0.218750  0.515788  0.639164  0.762539  0.910716
  1630.869995  0.216323  0.513120  0.636325  0.759530  0.908306
  1634.439941  0.213198  0.511003  0.634091  0.757179  0.907254
  1638.010010  0.212165  0.508949  0.632143  0.755337  0.903780
  1641.579956  0.209442  0.507863  0.630957  0.754051  0.904022
  1645.150024  0.209019  0.506929  0.630023  0.753117  0.901716
  1648.709961  0.210219  0.506286  0.629264  0.752242  0.897546
  1652.290039  0.207562  0.505651  0.628454  0.751258  0.896239
  1655.859985  0.209411  0.503440  0.626075  0.748710  0.896923
  1659.430054  0.207010  0.498958  0.621845  0.744732  0.894594
  1663.000000  0.205664  0.491885  0.615901  0.739917  0.895579
  1666.569946  0.199561  0.482752  0.609219  0.735687  0.885189
  1670.140015  0.193866  0.472511  0.602310  0.732110  0.877358
  1673.719971  0.187937  0.463116  0.596231  0.729347  0.873178
  1677.290039  0.187069  0.456435  0.591556  0.726676  0.868280
  1680.869995  0.183675  0.452713  0.588213  0.723714  0.866414
  1684.439941  0.183972  0.451164  0.585444  0.719725  0.862932
  1688.020020  0.179807  0.450357  0.582379  0.714401  0.855448
  1691.589966  0.184522  0.449448  0.578300  0.707153  0.852641
  1695.170044  0.181379  0.449064  0.574519  0.699974  0.841995
  1698.750000  0.188617  0.449603  0.570798  0.691992  0.835116
  1702.329956  0.184214  0.450844  0.567760  0.684676  0.824789
  1705.910034  0.192095  0.451221  0.564126  0.677030  0.823471
  1709.489990  0.184846  0.449961  0.559890  0.669820  0.820885
  1713.069946  0.197465  0.446973  0.553657  0.660341  0.807266
  1716.650024  0.193938  0.443987  0.547207  0.650427  0.788310
  1720.229980  0.193285  0.439652  0.539276  0.638901  0.781407
