ENVI ASCII Plot File [Sun Apr 06 16:23:50 2025]
Column 1: Wavelength
Column 2: Min: ROI #27~~2##255,0,0
Column 3: Mean-StdDev: ROI #27~~21##0,200,0
Column 4: Mean: ROI #27~~0##0,0,0
Column 5: Mean+StdDev: ROI #27~~21##0,200,0
Column 6: Max: ROI #27~~2##255,0,0
   935.609985  0.239038  0.451093  0.524824  0.598555  0.750945
   939.059998  0.244070  0.453795  0.527748  0.601700  0.753318
   942.520020  0.281488  0.471680  0.557331  0.642982  0.819304
   945.979980  0.274744  0.483948  0.579724  0.675500  0.871699
   949.429993  0.252417  0.492822  0.595247  0.697672  0.895905
   952.890015  0.251199  0.500471  0.606010  0.711549  0.911111
   956.349976  0.251152  0.505927  0.613445  0.720962  0.924219
   959.809998  0.250911  0.510097  0.618680  0.727263  0.931950
   963.270020  0.253073  0.513719  0.623141  0.732563  0.941824
   966.729980  0.255788  0.516998  0.627158  0.737317  0.947506
   970.190002  0.257382  0.520429  0.631188  0.741947  0.954026
   973.650024  0.256221  0.523123  0.634460  0.745797  0.959519
   977.109985  0.262157  0.526076  0.637932  0.749788  0.962276
   980.580017  0.261796  0.529094  0.641461  0.753827  0.970373
   984.039978  0.263136  0.532059  0.644980  0.757902  0.972298
   987.510010  0.263557  0.534895  0.648316  0.761737  0.979485
   990.969971  0.268091  0.537876  0.651772  0.765667  0.984433
   994.429993  0.269450  0.540839  0.655233  0.769627  0.992358
   997.900024  0.271790  0.544036  0.658920  0.773803  0.996256
  1001.369995  0.272355  0.546833  0.662281  0.777728  0.998105
  1004.830017  0.274611  0.549818  0.665709  0.781599  1.002535
  1008.299988  0.278539  0.552755  0.669165  0.785576  1.008976
  1011.770020  0.279449  0.555910  0.672809  0.789708  1.014142
  1015.239990  0.282274  0.558803  0.676210  0.793617  1.017972
  1018.710022  0.283505  0.561649  0.679508  0.797368  1.022982
  1022.179993  0.286319  0.564614  0.682970  0.801325  1.030017
  1025.650024  0.288281  0.567626  0.686484  0.805341  1.035758
  1029.119995  0.289549  0.570523  0.689903  0.809283  1.038908
  1032.589966  0.292217  0.573554  0.693396  0.813238  1.044468
  1036.060059  0.294314  0.576363  0.696660  0.816956  1.048482
  1039.530029  0.296542  0.579123  0.699923  0.820723  1.052317
  1043.000000  0.298341  0.581969  0.703258  0.824548  1.058716
  1046.479980  0.299545  0.584904  0.706648  0.828391  1.063515
  1049.949951  0.301535  0.587661  0.709868  0.832075  1.067964
  1053.430054  0.302910  0.590298  0.712957  0.835615  1.071793
  1056.900024  0.306780  0.593013  0.716150  0.839286  1.074597
  1060.380005  0.309405  0.595714  0.719285  0.842856  1.078866
  1063.849976  0.310646  0.598339  0.722372  0.846405  1.084653
  1067.329956  0.311155  0.600906  0.725390  0.849874  1.089989
  1070.810059  0.313607  0.603456  0.728337  0.853219  1.095107
  1074.290039  0.315064  0.606030  0.731352  0.856673  1.100171
  1077.760010  0.318447  0.608491  0.734248  0.860005  1.103525
  1081.239990  0.322262  0.610946  0.737114  0.863282  1.106801
  1084.719971  0.322211  0.613271  0.739829  0.866386  1.110721
  1088.199951  0.323366  0.615383  0.742343  0.869303  1.115510
  1091.680054  0.325473  0.617403  0.744787  0.872170  1.117908
  1095.170044  0.327332  0.619440  0.747188  0.874937  1.120597
  1098.650024  0.329025  0.621368  0.749427  0.877487  1.125230
  1102.130005  0.330004  0.622983  0.751371  0.879759  1.127448
  1105.609985  0.331186  0.624463  0.753131  0.881800  1.128480
  1109.099976  0.330366  0.625845  0.754748  0.883650  1.130816
  1112.579956  0.332700  0.627151  0.756316  0.885482  1.131380
  1116.069946  0.332839  0.628353  0.757802  0.887251  1.131650
  1119.550049  0.334078  0.629473  0.759135  0.888797  1.130132
  1123.040039  0.333987  0.630286  0.760105  0.889923  1.126585
  1126.520020  0.335030  0.630788  0.760685  0.890583  1.126020
  1130.010010  0.333282  0.630488  0.760435  0.890382  1.125686
  1133.500000  0.330270  0.629605  0.759526  0.889446  1.122732
  1136.989990  0.327938  0.628195  0.758169  0.888144  1.118042
  1140.469971  0.325438  0.627048  0.757133  0.887217  1.113865
  1143.959961  0.324188  0.626445  0.756695  0.886946  1.112348
  1147.449951  0.326552  0.626677  0.757021  0.887365  1.114968
  1150.939941  0.328861  0.627482  0.757808  0.888135  1.118859
  1154.430054  0.329139  0.628252  0.758458  0.888663  1.122193
  1157.930054  0.330994  0.628349  0.758452  0.888556  1.122455
  1161.420044  0.332412  0.627843  0.757751  0.887658  1.121581
  1164.910034  0.329636  0.626660  0.756415  0.886171  1.121033
  1168.400024  0.328788  0.625572  0.755082  0.884593  1.121240
  1171.900024  0.329032  0.624353  0.753718  0.883083  1.120685
  1175.390015  0.329192  0.623236  0.752412  0.881588  1.118784
  1178.890015  0.326463  0.622181  0.751186  0.880192  1.116845
  1182.380005  0.327272  0.621414  0.750276  0.879137  1.116945
  1185.880005  0.325731  0.621038  0.749855  0.878672  1.115938
  1189.369995  0.327204  0.621289  0.750193  0.879097  1.117677
  1192.869995  0.327009  0.622015  0.751136  0.880257  1.117548
  1196.369995  0.327079  0.623237  0.752612  0.881987  1.117388
  1199.869995  0.327661  0.624622  0.754294  0.883966  1.119805
  1203.369995  0.327498  0.626072  0.756078  0.886084  1.123865
  1206.869995  0.329802  0.627545  0.757875  0.888204  1.125498
  1210.369995  0.330585  0.629403  0.760079  0.890754  1.129605
  1213.869995  0.334193  0.631547  0.762627  0.893706  1.133522
  1217.369995  0.335336  0.634144  0.765667  0.897190  1.140080
  1220.869995  0.338598  0.636618  0.768701  0.900783  1.143179
  1224.369995  0.339768  0.639420  0.772015  0.904609  1.148681
  1227.869995  0.342077  0.642106  0.775203  0.908299  1.155921
  1231.380005  0.345313  0.644681  0.778198  0.911715  1.161120
  1234.880005  0.347618  0.647054  0.780979  0.914905  1.165859
  1238.390015  0.347283  0.649266  0.783623  0.917980  1.176696
  1241.890015  0.351220  0.651262  0.786000  0.920738  1.179807
  1245.400024  0.349131  0.653147  0.788199  0.923252  1.185792
  1248.900024  0.352634  0.654795  0.790208  0.925621  1.186836
  1252.410034  0.353373  0.656357  0.792011  0.927665  1.190877
  1255.920044  0.355610  0.657746  0.793752  0.929758  1.192637
  1259.420044  0.354527  0.658945  0.795286  0.931628  1.197888
  1262.930054  0.355220  0.660039  0.796653  0.933268  1.201774
  1266.439941  0.356671  0.661303  0.798082  0.934860  1.209881
  1269.949951  0.360749  0.662370  0.799385  0.936400  1.209741
  1273.459961  0.359189  0.663507  0.800767  0.938027  1.212362
  1276.969971  0.358124  0.664632  0.802187  0.939743  1.213938
  1280.479980  0.358708  0.665815  0.803665  0.941516  1.217048
  1283.989990  0.359171  0.666996  0.805111  0.943227  1.219607
  1287.510010  0.362437  0.668247  0.806593  0.944940  1.222000
  1291.020020  0.363757  0.669222  0.807889  0.946556  1.220820
  1294.530029  0.362329  0.670225  0.809051  0.947877  1.226347
  1298.050049  0.365260  0.670788  0.809931  0.949075  1.225796
  1301.560059  0.364314  0.671628  0.810845  0.950062  1.223335
  1305.079956  0.364015  0.672235  0.811691  0.951148  1.228524
  1308.589966  0.364500  0.672763  0.812299  0.951835  1.228781
  1312.109985  0.360996  0.672633  0.812317  0.952001  1.231449
  1315.619995  0.363438  0.672583  0.812268  0.951954  1.228928
  1319.140015  0.362705  0.671762  0.811490  0.951218  1.228179
  1322.660034  0.362082  0.671144  0.810727  0.950310  1.225001
  1326.180054  0.357790  0.669623  0.809137  0.948650  1.224421
  1329.699951  0.359983  0.667653  0.806882  0.946111  1.221329
  1333.219971  0.355313  0.664708  0.803627  0.942547  1.217987
  1336.739990  0.352100  0.661597  0.800052  0.938506  1.211132
  1340.260010  0.348759  0.657771  0.795739  0.933708  1.211394
  1343.780029  0.347399  0.653749  0.791063  0.928378  1.198154
  1347.300049  0.340925  0.649025  0.785712  0.922398  1.189256
  1350.819946  0.339363  0.644332  0.780306  0.916281  1.183208
  1354.349976  0.334718  0.639884  0.775175  0.910466  1.175966
  1357.869995  0.331946  0.635658  0.770255  0.904852  1.169226
  1361.390015  0.328577  0.631694  0.765650  0.899605  1.163389
  1364.920044  0.324775  0.627880  0.761256  0.894632  1.151762
  1368.439941  0.319392  0.624133  0.757098  0.890063  1.146060
  1371.969971  0.319350  0.620972  0.753543  0.886115  1.138557
  1375.500000  0.314454  0.618216  0.750595  0.882974  1.134165
  1379.020020  0.315871  0.615885  0.747714  0.879543  1.126173
  1382.550049  0.308863  0.613071  0.744458  0.875846  1.121192
  1386.079956  0.308451  0.609595  0.740604  0.871613  1.114457
  1389.609985  0.304363  0.605310  0.735762  0.866215  1.106025
  1393.140015  0.300163  0.600338  0.729736  0.859135  1.094415
  1396.670044  0.292028  0.594010  0.722509  0.851009  1.081111
  1400.199951  0.291846  0.587169  0.714563  0.841958  1.072445
  1403.729980  0.284049  0.578918  0.704991  0.831064  1.059409
  1407.260010  0.274221  0.569685  0.694281  0.818876  1.041997
  1410.790039  0.267393  0.559449  0.682357  0.805265  1.024372
  1414.319946  0.258714  0.548342  0.669566  0.790790  1.003733
  1417.859985  0.253331  0.536946  0.656253  0.775561  0.984763
  1421.390015  0.245437  0.525696  0.643031  0.760366  0.967761
  1424.920044  0.240008  0.514803  0.630221  0.745639  0.949111
  1428.459961  0.229341  0.504916  0.618630  0.732345  0.935964
  1431.989990  0.226800  0.496099  0.608263  0.720427  0.920299
  1435.530029  0.220179  0.488760  0.599610  0.710459  0.909065
  1439.069946  0.217296  0.482440  0.592199  0.701958  0.896719
  1442.599976  0.209139  0.477329  0.586294  0.695260  0.890106
  1446.140015  0.212713  0.473392  0.581627  0.689861  0.882538
  1449.680054  0.206746  0.470199  0.577987  0.685776  0.879754
  1453.219971  0.207212  0.467892  0.575266  0.682639  0.874834
  1456.760010  0.205224  0.466102  0.573212  0.680323  0.874656
  1460.300049  0.206295  0.464374  0.571310  0.678246  0.872023
  1463.839966  0.203213  0.463461  0.570281  0.677101  0.875794
  1467.380005  0.204358  0.462681  0.569459  0.676238  0.871589
  1470.920044  0.201879  0.462559  0.569410  0.676262  0.873124
  1474.459961  0.201161  0.462281  0.569314  0.676347  0.871317
  1478.010010  0.200712  0.462755  0.569946  0.677138  0.873028
  1481.550049  0.201078  0.462965  0.570368  0.677772  0.875307
  1485.089966  0.201083  0.463345  0.570923  0.678501  0.877048
  1488.640015  0.201016  0.463557  0.571285  0.679013  0.879993
  1492.180054  0.201529  0.464136  0.571978  0.679820  0.883874
  1495.729980  0.202440  0.464456  0.572602  0.680748  0.883587
  1499.270020  0.202829  0.465532  0.573883  0.682233  0.889946
  1502.819946  0.203608  0.466335  0.575002  0.683668  0.890654
  1506.369995  0.204730  0.467292  0.576218  0.685144  0.893209
  1509.910034  0.203671  0.468189  0.577431  0.686673  0.895384
  1513.459961  0.204952  0.469135  0.578651  0.688167  0.896346
  1517.010010  0.203666  0.469797  0.579599  0.689402  0.901651
  1520.560059  0.204818  0.470475  0.580544  0.690613  0.903660
  1524.109985  0.201537  0.470945  0.581292  0.691639  0.908057
  1527.660034  0.205184  0.471453  0.581957  0.692461  0.906632
  1531.209961  0.204491  0.471396  0.582097  0.692799  0.912127
  1534.760010  0.205665  0.471656  0.582400  0.693145  0.910193
  1538.319946  0.202660  0.471356  0.582275  0.693194  0.911756
  1541.869995  0.205150  0.471207  0.582154  0.693100  0.912971
  1545.420044  0.203245  0.470509  0.581445  0.692382  0.912953
  1548.979980  0.205117  0.469971  0.580864  0.691758  0.909316
  1552.530029  0.199940  0.469109  0.580001  0.690893  0.907838
  1556.089966  0.203280  0.468263  0.579089  0.689914  0.906765
  1559.640015  0.201741  0.467094  0.577928  0.688762  0.905805
  1563.199951  0.202025  0.466255  0.577031  0.687808  0.904538
  1566.750000  0.198579  0.465204  0.575989  0.686773  0.905419
  1570.310059  0.197571  0.464266  0.574950  0.685633  0.903378
  1573.869995  0.197858  0.463432  0.574173  0.684915  0.901960
  1577.430054  0.197366  0.462981  0.573694  0.684407  0.899062
  1580.989990  0.196891  0.462093  0.572785  0.683477  0.899450
  1584.550049  0.197062  0.461613  0.572298  0.682982  0.897972
  1588.109985  0.196737  0.460900  0.571621  0.682342  0.897505
  1591.670044  0.193854  0.460899  0.571588  0.682277  0.897716
  1595.229980  0.195915  0.460367  0.571157  0.681947  0.894422
  1598.790039  0.194966  0.459936  0.570779  0.681621  0.894193
  1602.349976  0.196516  0.459549  0.570292  0.681034  0.890938
  1605.920044  0.192658  0.458856  0.569653  0.680450  0.888403
  1609.479980  0.194977  0.458168  0.568871  0.679573  0.885505
  1613.040039  0.189897  0.457090  0.567750  0.678411  0.881682
  1616.609985  0.192597  0.455765  0.566292  0.676819  0.870808
  1620.170044  0.189853  0.454149  0.564470  0.674791  0.859914
  1623.739990  0.192038  0.451896  0.561995  0.672094  0.852748
  1627.310059  0.187281  0.449672  0.559571  0.669470  0.847039
  1630.869995  0.187598  0.447072  0.556845  0.666617  0.842557
  1634.439941  0.184404  0.445024  0.554796  0.664569  0.838007
  1638.010010  0.184954  0.443203  0.553029  0.662855  0.833509
  1641.579956  0.181621  0.442391  0.552251  0.662112  0.831790
  1645.150024  0.183487  0.441756  0.551596  0.661435  0.832184
  1648.709961  0.182227  0.441180  0.550949  0.660718  0.829110
  1652.290039  0.177855  0.440428  0.550021  0.659614  0.829492
  1655.859985  0.177619  0.438074  0.547564  0.657054  0.825699
  1659.430054  0.175178  0.433572  0.543142  0.652712  0.814808
  1663.000000  0.172381  0.426713  0.537317  0.647920  0.798405
  1666.569946  0.170713  0.418001  0.530581  0.643160  0.792335
  1670.140015  0.164202  0.408196  0.523634  0.639073  0.787134
  1673.719971  0.157624  0.399645  0.517742  0.635839  0.778801
  1677.290039  0.155259  0.393416  0.513168  0.632920  0.775281
  1680.869995  0.151682  0.389852  0.509827  0.629803  0.771608
  1684.439941  0.153168  0.388115  0.506938  0.625762  0.768922
  1688.020020  0.149587  0.386968  0.503585  0.620202  0.761941
  1691.589966  0.158091  0.385836  0.499628  0.613420  0.752151
  1695.170044  0.158119  0.385371  0.496143  0.606916  0.740205
  1698.750000  0.162602  0.385532  0.492466  0.599400  0.732170
  1702.329956  0.162229  0.386745  0.489707  0.592670  0.729116
  1705.910034  0.172510  0.387164  0.486749  0.586334  0.717395
  1709.489990  0.166358  0.386063  0.482723  0.579383  0.712593
  1713.069946  0.179890  0.383484  0.477295  0.571107  0.702416
  1716.650024  0.161070  0.380558  0.471702  0.562846  0.677974
  1720.229980  0.166463  0.376839  0.464806  0.552773  0.667000
