ENVI ASCII Plot File [Sun Apr 06 17:08:32 2025]
Column 1: Wavelength
Column 2: Min: ROI #73~~2##255,0,0
Column 3: Mean-StdDev: ROI #73~~21##0,200,0
Column 4: Mean: ROI #73~~0##0,0,0
Column 5: Mean+StdDev: ROI #73~~21##0,200,0
Column 6: Max: ROI #73~~2##255,0,0
   935.609985  0.286777  0.491287  0.560754  0.630221  0.798456
   939.059998  0.293747  0.494095  0.563683  0.633271  0.798223
   942.520020  0.270954  0.511363  0.593082  0.674801  0.857422
   945.979980  0.267497  0.522777  0.616256  0.709736  0.901977
   949.429993  0.249345  0.530633  0.631633  0.732633  0.932695
   952.890015  0.259434  0.536948  0.641911  0.746875  0.942436
   956.349976  0.256821  0.542242  0.649202  0.756161  0.960974
   959.809998  0.261526  0.546001  0.654179  0.762357  0.960168
   963.270020  0.264166  0.549612  0.658613  0.767614  0.972592
   966.729980  0.264791  0.552674  0.662513  0.772352  0.974977
   970.190002  0.264097  0.556078  0.666468  0.776859  0.980305
   973.650024  0.264581  0.558866  0.669852  0.780838  0.981256
   977.109985  0.269329  0.561860  0.673398  0.784936  0.992285
   980.580017  0.268705  0.564865  0.676921  0.788977  0.991011
   984.039978  0.269525  0.567727  0.680290  0.792853  1.000144
   987.510010  0.273319  0.570447  0.683466  0.796484  1.002788
   990.969971  0.274231  0.573311  0.686795  0.800279  1.010910
   994.429993  0.276680  0.576262  0.690244  0.804227  1.011400
   997.900024  0.276182  0.579325  0.693788  0.808251  1.015429
  1001.369995  0.279774  0.582049  0.697015  0.811980  1.018958
  1004.830017  0.278733  0.584897  0.700314  0.815731  1.025451
  1008.299988  0.281909  0.587852  0.703739  0.819625  1.029426
  1011.770020  0.281444  0.590919  0.707255  0.823590  1.036239
  1015.239990  0.284652  0.593694  0.710513  0.827332  1.039307
  1018.710022  0.286461  0.596417  0.713695  0.830972  1.044321
  1022.179993  0.287044  0.599354  0.717123  0.834892  1.047768
  1025.650024  0.290645  0.602270  0.720536  0.838803  1.051607
  1029.119995  0.290981  0.605100  0.723802  0.842504  1.058238
  1032.589966  0.293415  0.607909  0.727038  0.846168  1.062388
  1036.060059  0.294669  0.610604  0.730155  0.849706  1.068412
  1039.530029  0.295833  0.613227  0.733290  0.853352  1.070970
  1043.000000  0.297500  0.615992  0.736519  0.857046  1.074467
  1046.479980  0.299113  0.618835  0.739767  0.860699  1.078214
  1049.949951  0.298678  0.621482  0.742811  0.864140  1.082461
  1053.430054  0.300016  0.624033  0.745801  0.867569  1.085907
  1056.900024  0.302183  0.626648  0.748837  0.871026  1.090333
  1060.380005  0.305924  0.629210  0.751823  0.874436  1.094155
  1063.849976  0.307522  0.631757  0.754787  0.877818  1.098243
  1067.329956  0.308036  0.634197  0.757667  0.881138  1.101683
  1070.810059  0.310007  0.636622  0.760503  0.884384  1.105539
  1074.290039  0.311382  0.639193  0.763450  0.887706  1.110611
  1077.760010  0.312579  0.641524  0.766203  0.890882  1.113950
  1081.239990  0.314374  0.643836  0.768908  0.893981  1.117442
  1084.719971  0.315534  0.646152  0.771580  0.897008  1.120259
  1088.199951  0.315383  0.648256  0.774047  0.899838  1.124101
  1091.680054  0.316472  0.650252  0.776443  0.902634  1.127824
  1095.170044  0.317492  0.652249  0.778812  0.905376  1.131377
  1098.650024  0.319185  0.654234  0.781122  0.908009  1.132900
  1102.130005  0.319791  0.655895  0.783123  0.910351  1.133769
  1105.609985  0.319930  0.657447  0.784973  0.912499  1.135587
  1109.099976  0.321127  0.658905  0.786703  0.914501  1.136919
  1112.579956  0.322535  0.660375  0.788450  0.916525  1.138791
  1116.069946  0.321937  0.661752  0.790129  0.918506  1.139762
  1119.550049  0.320360  0.663013  0.791672  0.920330  1.138189
  1123.040039  0.320246  0.664021  0.792980  0.921939  1.134818
  1126.520020  0.320002  0.664752  0.793924  0.923097  1.128221
  1130.010010  0.321920  0.664790  0.794238  0.923686  1.126434
  1133.500000  0.319862  0.664354  0.794034  0.923713  1.128071
  1136.989990  0.319231  0.663286  0.793380  0.923474  1.125425
  1140.469971  0.318260  0.662411  0.792867  0.923323  1.126666
  1143.959961  0.318212  0.662071  0.792836  0.923601  1.127108
  1147.449951  0.317550  0.662548  0.793370  0.924192  1.125818
  1150.939941  0.318926  0.663548  0.794275  0.925001  1.128792
  1154.430054  0.319731  0.664808  0.795187  0.925566  1.128817
  1157.930054  0.319886  0.665340  0.795504  0.925668  1.129713
  1161.420044  0.319410  0.665285  0.795196  0.925108  1.127957
  1164.910034  0.320535  0.664622  0.794362  0.924102  1.129437
  1168.400024  0.323714  0.663859  0.793454  0.923049  1.132246
  1171.900024  0.322680  0.663109  0.792569  0.922029  1.133118
  1175.390015  0.320873  0.662281  0.791645  0.921009  1.132963
  1178.890015  0.320726  0.661580  0.790838  0.920096  1.131483
  1182.380005  0.321360  0.661055  0.790302  0.919549  1.130401
  1185.880005  0.319838  0.660932  0.790203  0.919474  1.127368
  1189.369995  0.320789  0.661223  0.790667  0.920111  1.126583
  1192.869995  0.319826  0.661995  0.791676  0.921357  1.125738
  1196.369995  0.321686  0.663087  0.793074  0.923061  1.127549
  1199.869995  0.322392  0.664320  0.794675  0.925029  1.130060
  1203.369995  0.322359  0.665721  0.796427  0.927132  1.131174
  1206.869995  0.321375  0.667288  0.798323  0.929357  1.131551
  1210.369995  0.323847  0.669042  0.800402  0.931762  1.135323
  1213.869995  0.324686  0.671072  0.802826  0.934580  1.141139
  1217.369995  0.326556  0.673392  0.805525  0.937659  1.145423
  1220.869995  0.324507  0.675794  0.808330  0.940867  1.151649
  1224.369995  0.329068  0.678256  0.811222  0.944189  1.156914
  1227.869995  0.329024  0.680703  0.814054  0.947405  1.163876
  1231.380005  0.329008  0.683102  0.816873  0.950644  1.173738
  1234.880005  0.334257  0.685326  0.819461  0.953596  1.179516
  1238.390015  0.335023  0.687392  0.821954  0.956516  1.185002
  1241.890015  0.335494  0.689193  0.824094  0.958995  1.191993
  1245.400024  0.337988  0.690948  0.826182  0.961415  1.191985
  1248.900024  0.337004  0.692571  0.828137  0.963703  1.196897
  1252.410034  0.339874  0.694139  0.829969  0.965800  1.201480
  1255.920044  0.340036  0.695530  0.831690  0.967849  1.204765
  1259.420044  0.340780  0.696784  0.833217  0.969650  1.207285
  1262.930054  0.342127  0.697894  0.834626  0.971357  1.209375
  1266.439941  0.340900  0.699314  0.836272  0.973230  1.210533
  1269.949951  0.344240  0.700199  0.837480  0.974760  1.216120
  1273.459961  0.344033  0.701499  0.838960  0.976422  1.215972
  1276.969971  0.344468  0.702547  0.840376  0.978204  1.218082
  1280.479980  0.346149  0.703821  0.841960  0.980099  1.220819
  1283.989990  0.345141  0.704885  0.843372  0.981859  1.221966
  1287.510010  0.343221  0.706181  0.844881  0.983581  1.224458
  1291.020020  0.344963  0.707071  0.846125  0.985179  1.226270
  1294.530029  0.346731  0.708138  0.847347  0.986556  1.230852
  1298.050049  0.344892  0.708776  0.848355  0.987934  1.232740
  1301.560059  0.343439  0.709772  0.849470  0.989168  1.230625
  1305.079956  0.346950  0.710302  0.850215  0.990129  1.233791
  1308.589966  0.345652  0.710886  0.850874  0.990863  1.234740
  1312.109985  0.348657  0.711001  0.851238  0.991476  1.235099
  1315.619995  0.344981  0.711195  0.851460  0.991725  1.234676
  1319.140015  0.349083  0.710579  0.851026  0.991473  1.233004
  1322.660034  0.344151  0.710257  0.850562  0.990866  1.235641
  1326.180054  0.345867  0.709143  0.849496  0.989848  1.227751
  1329.699951  0.343439  0.707770  0.847952  0.988134  1.229656
  1333.219971  0.343846  0.705437  0.845473  0.985510  1.224154
  1336.739990  0.342916  0.702918  0.842605  0.982292  1.219461
  1340.260010  0.342259  0.699823  0.839213  0.978602  1.215835
  1343.780029  0.340324  0.696592  0.835507  0.974422  1.209106
  1347.300049  0.335255  0.692850  0.831361  0.969872  1.201809
  1350.819946  0.337683  0.688934  0.826889  0.964844  1.196365
  1354.349976  0.331256  0.685333  0.822687  0.960040  1.189478
  1357.869995  0.331529  0.681921  0.818837  0.955754  1.189497
  1361.390015  0.328764  0.678814  0.815167  0.951519  1.181657
  1364.920044  0.328879  0.675457  0.811536  0.947614  1.175566
  1368.439941  0.326653  0.672263  0.807981  0.943699  1.167112
  1371.969971  0.324556  0.669331  0.804801  0.940270  1.161489
  1375.500000  0.323400  0.667066  0.802363  0.937660  1.155349
  1379.020020  0.319920  0.665047  0.800052  0.935058  1.152438
  1382.550049  0.320479  0.662959  0.797575  0.932192  1.149524
  1386.079956  0.320964  0.659837  0.794245  0.928654  1.143486
  1389.609985  0.318703  0.656069  0.789989  0.923909  1.139155
  1393.140015  0.315941  0.651866  0.785045  0.918225  1.131801
  1396.670044  0.309626  0.646670  0.779058  0.911447  1.128276
  1400.199951  0.311820  0.640766  0.772201  0.903636  1.113858
  1403.729980  0.309347  0.633741  0.764078  0.894415  1.103951
  1407.260010  0.303159  0.625596  0.754692  0.883789  1.090938
  1410.790039  0.299138  0.616450  0.744129  0.871809  1.079150
  1414.319946  0.291360  0.606399  0.732671  0.858943  1.065716
  1417.859985  0.284919  0.596146  0.720629  0.845112  1.046513
  1421.390015  0.279601  0.585672  0.708379  0.831087  1.029115
  1424.920044  0.277078  0.575147  0.696237  0.817326  1.011178
  1428.459961  0.272757  0.565686  0.685158  0.804630  0.998985
  1431.989990  0.266852  0.556857  0.674851  0.792845  0.982011
  1435.530029  0.261051  0.549351  0.666082  0.782813  0.974967
  1439.069946  0.259572  0.543098  0.658778  0.774457  0.961821
  1442.599976  0.257092  0.537937  0.652796  0.767655  0.955627
  1446.140015  0.255129  0.533810  0.648013  0.762217  0.947357
  1449.680054  0.251619  0.530475  0.644140  0.757805  0.944900
  1453.219971  0.253564  0.527782  0.641089  0.754395  0.939318
  1456.760010  0.251873  0.525948  0.638923  0.751898  0.937702
  1460.300049  0.249679  0.524160  0.636990  0.749819  0.932610
  1463.839966  0.251043  0.523276  0.636006  0.748735  0.935600
  1467.380005  0.248438  0.522451  0.635175  0.747899  0.930529
  1470.920044  0.249940  0.522112  0.634905  0.747698  0.933188
  1474.459961  0.250048  0.521761  0.634672  0.747582  0.932399
  1478.010010  0.248940  0.522119  0.635117  0.748115  0.933819
  1481.550049  0.246914  0.522242  0.635435  0.748628  0.933314
  1485.089966  0.247494  0.522586  0.635955  0.749325  0.937563
  1488.640015  0.247350  0.522720  0.636294  0.749868  0.936703
  1492.180054  0.251582  0.523271  0.637040  0.750809  0.937741
  1495.729980  0.250725  0.523627  0.637688  0.751749  0.939699
  1499.270020  0.251568  0.524580  0.638840  0.753099  0.944892
  1502.819946  0.253901  0.525430  0.639956  0.754481  0.945903
  1506.369995  0.252419  0.526260  0.641040  0.755819  0.949436
  1509.910034  0.253119  0.527130  0.642231  0.757332  0.945124
  1513.459961  0.253892  0.528107  0.643513  0.758919  0.952192
  1517.010010  0.254893  0.528733  0.644562  0.760391  0.952413
  1520.560059  0.254253  0.529507  0.645552  0.761597  0.958676
  1524.109985  0.254051  0.529935  0.646280  0.762625  0.955168
  1527.660034  0.253216  0.530329  0.646832  0.763334  0.957215
  1531.209961  0.255435  0.530304  0.646995  0.763686  0.958015
  1534.760010  0.254289  0.530465  0.647218  0.763971  0.958828
  1538.319946  0.253135  0.530155  0.647088  0.764020  0.959863
  1541.869995  0.253884  0.529928  0.646901  0.763874  0.960062
  1545.420044  0.253252  0.529373  0.646330  0.763288  0.959617
  1548.979980  0.251686  0.528690  0.645663  0.762636  0.959148
  1552.530029  0.250945  0.527813  0.644711  0.761609  0.961210
  1556.089966  0.249565  0.526849  0.643768  0.760687  0.961800
  1559.640015  0.253018  0.525765  0.642619  0.759472  0.955297
  1563.199951  0.249124  0.524766  0.641640  0.758514  0.955908
  1566.750000  0.252875  0.523754  0.640546  0.757339  0.953174
  1570.310059  0.248684  0.522760  0.639573  0.756387  0.952866
  1573.869995  0.249988  0.521919  0.638678  0.755437  0.953413
  1577.430054  0.246949  0.521266  0.638002  0.754738  0.952238
  1580.989990  0.250502  0.520460  0.637214  0.753967  0.951562
  1584.550049  0.247606  0.519894  0.636695  0.753496  0.950763
  1588.109985  0.249723  0.519288  0.636161  0.753034  0.947728
  1591.670044  0.248726  0.519181  0.636109  0.753036  0.943484
  1595.229980  0.246023  0.518672  0.635597  0.752521  0.947739
  1598.790039  0.246052  0.518252  0.635315  0.752378  0.944896
  1602.349976  0.246586  0.517779  0.634831  0.751883  0.942589
  1605.920044  0.247249  0.517269  0.634399  0.751529  0.939690
  1609.479980  0.246551  0.516618  0.633710  0.750803  0.940899
  1613.040039  0.244799  0.515556  0.632690  0.749824  0.939869
  1616.609985  0.245476  0.514226  0.631289  0.748351  0.935323
  1620.170044  0.242753  0.512839  0.629889  0.746938  0.934541
  1623.739990  0.240801  0.510562  0.627611  0.744660  0.932167
  1627.310059  0.239298  0.508578  0.625615  0.742652  0.934460
  1630.869995  0.238696  0.506271  0.623418  0.740565  0.928149
  1634.439941  0.236002  0.504595  0.621863  0.739131  0.928001
  1638.010010  0.230800  0.503087  0.620685  0.738283  0.924170
  1641.579956  0.231290  0.502493  0.620231  0.737968  0.928642
  1645.150024  0.229949  0.501925  0.619765  0.737605  0.925292
  1648.709961  0.229476  0.501829  0.619550  0.737271  0.926406
  1652.290039  0.229194  0.501411  0.619092  0.736773  0.927478
  1655.859985  0.229564  0.499430  0.617036  0.734641  0.927464
  1659.430054  0.223400  0.495019  0.613120  0.731222  0.921598
  1663.000000  0.215348  0.488265  0.607743  0.727221  0.918533
  1666.569946  0.203919  0.479647  0.601458  0.723269  0.915385
  1670.140015  0.197155  0.470153  0.594974  0.719795  0.906988
  1673.719971  0.188902  0.461359  0.589002  0.716645  0.896586
  1677.290039  0.185174  0.455107  0.584307  0.713507  0.892536
  1680.869995  0.179592  0.451197  0.580601  0.710005  0.884971
  1684.439941  0.177698  0.449414  0.577505  0.705595  0.883133
  1688.020020  0.174878  0.448065  0.574047  0.700028  0.874347
  1691.589966  0.178265  0.446539  0.569692  0.692845  0.869627
  1695.170044  0.177129  0.445693  0.565582  0.685471  0.860904
  1698.750000  0.188258  0.445420  0.560945  0.676471  0.850282
  1702.329956  0.187452  0.446032  0.557502  0.668972  0.834694
  1705.910034  0.203669  0.446070  0.553332  0.660594  0.828638
  1709.489990  0.201632  0.444377  0.548438  0.652499  0.814852
  1713.069946  0.207116  0.441176  0.541992  0.642807  0.783908
  1716.650024  0.212938  0.438157  0.535246  0.632336  0.789733
  1720.229980  0.208081  0.432446  0.526419  0.620393  0.754644
