ENVI ASCII Plot File [Sun Apr 06 17:10:16 2025]
Column 1: Wavelength
Column 2: Min: ROI #75~~2##255,0,0
Column 3: Mean-StdDev: ROI #75~~21##0,200,0
Column 4: Mean: ROI #75~~0##0,0,0
Column 5: Mean+StdDev: ROI #75~~21##0,200,0
Column 6: Max: ROI #75~~2##255,0,0
   935.609985  0.267732  0.491263  0.558771  0.626278  0.740928
   939.059998  0.261445  0.494085  0.561810  0.629534  0.744122
   942.520020  0.242799  0.510778  0.591593  0.672408  0.780868
   945.979980  0.219295  0.521314  0.614428  0.707543  0.842404
   949.429993  0.214961  0.529182  0.630312  0.731441  0.886306
   952.890015  0.215637  0.535847  0.640743  0.745639  0.923288
   956.349976  0.216226  0.541073  0.648157  0.755241  0.937870
   959.809998  0.223179  0.545029  0.653263  0.761498  0.947308
   963.270020  0.223387  0.548668  0.657766  0.766865  0.958192
   966.729980  0.224154  0.551726  0.661663  0.771600  0.967208
   970.190002  0.223791  0.555062  0.665558  0.776054  0.977220
   973.650024  0.227756  0.557792  0.668933  0.780074  0.975928
   977.109985  0.227524  0.560711  0.672405  0.784099  0.985559
   980.580017  0.231773  0.563808  0.675974  0.788140  0.985062
   984.039978  0.230546  0.566710  0.679363  0.792016  0.994109
   987.510010  0.233740  0.569267  0.682458  0.795650  0.995900
   990.969971  0.234548  0.572236  0.685884  0.799531  1.003548
   994.429993  0.234360  0.575107  0.689262  0.803418  1.007915
   997.900024  0.235526  0.578261  0.692858  0.807455  1.013825
  1001.369995  0.238555  0.580998  0.696074  0.811150  1.016109
  1004.830017  0.240458  0.583858  0.699428  0.814998  1.022476
  1008.299988  0.239748  0.586752  0.702823  0.818894  1.026016
  1011.770020  0.244458  0.589854  0.706339  0.822823  1.029929
  1015.239990  0.242886  0.592623  0.709575  0.826528  1.034894
  1018.710022  0.246186  0.595341  0.712803  0.830265  1.038911
  1022.179993  0.247886  0.598269  0.716229  0.834190  1.043457
  1025.650024  0.250811  0.601230  0.719650  0.838070  1.051137
  1029.119995  0.249836  0.603992  0.722917  0.841841  1.055859
  1032.589966  0.250832  0.606824  0.726179  0.845533  1.058273
  1036.060059  0.254000  0.609487  0.729256  0.849025  1.061682
  1039.530029  0.256596  0.612161  0.732402  0.852644  1.066488
  1043.000000  0.257042  0.614954  0.735669  0.856385  1.072542
  1046.479980  0.259872  0.617765  0.738900  0.860035  1.077680
  1049.949951  0.261271  0.620396  0.741926  0.863455  1.083932
  1053.430054  0.262864  0.622955  0.744944  0.866933  1.087722
  1056.900024  0.263623  0.625550  0.747980  0.870411  1.091104
  1060.380005  0.263662  0.628070  0.750924  0.873778  1.094068
  1063.849976  0.266696  0.630585  0.753865  0.877145  1.098117
  1067.329956  0.268342  0.633038  0.756753  0.880468  1.103545
  1070.810059  0.268363  0.635502  0.759621  0.883739  1.107314
  1074.290039  0.270272  0.638043  0.762559  0.887076  1.111401
  1077.760010  0.270629  0.640379  0.765325  0.890270  1.116263
  1081.239990  0.271766  0.642681  0.768020  0.893359  1.119022
  1084.719971  0.274079  0.644996  0.770698  0.896401  1.121788
  1088.199951  0.273564  0.647092  0.773174  0.899256  1.126266
  1091.680054  0.273465  0.649091  0.775578  0.902065  1.130365
  1095.170044  0.274955  0.651097  0.777971  0.904846  1.133712
  1098.650024  0.274541  0.653031  0.780244  0.907457  1.136485
  1102.130005  0.276397  0.654690  0.782240  0.909790  1.139070
  1105.609985  0.276177  0.656252  0.784102  0.911952  1.139592
  1109.099976  0.274708  0.657709  0.785832  0.913955  1.142498
  1112.579956  0.274842  0.659178  0.787605  0.916032  1.143596
  1116.069946  0.273569  0.660550  0.789315  0.918081  1.142560
  1119.550049  0.272233  0.661830  0.790924  0.920019  1.143620
  1123.040039  0.268801  0.662856  0.792291  0.921725  1.144161
  1126.520020  0.266694  0.663488  0.793285  0.923082  1.140445
  1130.010010  0.262743  0.663579  0.793778  0.923978  1.134004
  1133.500000  0.259824  0.663267  0.793868  0.924470  1.124477
  1136.989990  0.252618  0.662468  0.793630  0.924793  1.122230
  1140.469971  0.247311  0.661847  0.793486  0.925124  1.121674
  1143.959961  0.244564  0.661696  0.793667  0.925639  1.122341
  1147.449951  0.246867  0.662119  0.794130  0.926140  1.123018
  1150.939941  0.251364  0.663051  0.794859  0.926668  1.121546
  1154.430054  0.256857  0.664101  0.795495  0.926890  1.127108
  1157.930054  0.261432  0.664462  0.795487  0.926512  1.134130
  1161.420044  0.263745  0.664370  0.795010  0.925649  1.142440
  1164.910034  0.265769  0.663720  0.794156  0.924592  1.143620
  1168.400024  0.268205  0.663037  0.793265  0.923492  1.147457
  1171.900024  0.267062  0.662257  0.792321  0.922385  1.146067
  1175.390015  0.267399  0.661457  0.791422  0.921387  1.146219
  1178.890015  0.264218  0.660813  0.790710  0.920606  1.141966
  1182.380005  0.264177  0.660364  0.790203  0.920042  1.143238
  1185.880005  0.264909  0.660148  0.790052  0.919957  1.142528
  1189.369995  0.264565  0.660448  0.790530  0.920611  1.141091
  1192.869995  0.262353  0.661141  0.791556  0.921972  1.140187
  1196.369995  0.262897  0.662294  0.793039  0.923784  1.141323
  1199.869995  0.263770  0.663545  0.794673  0.925802  1.141346
  1203.369995  0.259772  0.664940  0.796481  0.928021  1.144064
  1206.869995  0.262557  0.666432  0.798331  0.930231  1.143495
  1210.369995  0.262799  0.668190  0.800432  0.932675  1.148103
  1213.869995  0.265284  0.670220  0.802770  0.935320  1.152501
  1217.369995  0.266869  0.672533  0.805432  0.938330  1.158061
  1220.869995  0.269603  0.674829  0.808091  0.941353  1.164988
  1224.369995  0.268817  0.677275  0.810887  0.944499  1.171708
  1227.869995  0.273488  0.679669  0.813685  0.947700  1.177465
  1231.380005  0.275332  0.682105  0.816449  0.950794  1.182936
  1234.880005  0.278424  0.684305  0.819036  0.953766  1.190603
  1238.390015  0.279410  0.686393  0.821467  0.956541  1.193589
  1241.890015  0.282333  0.688244  0.823685  0.959126  1.198901
  1245.400024  0.279658  0.689960  0.825766  0.961572  1.201582
  1248.900024  0.283112  0.691580  0.827704  0.963828  1.206918
  1252.410034  0.283166  0.693179  0.829603  0.966026  1.205529
  1255.920044  0.284936  0.694641  0.831364  0.968087  1.211883
  1259.420044  0.283931  0.695851  0.832843  0.969835  1.216112
  1262.930054  0.284040  0.697022  0.834313  0.971604  1.216726
  1266.439941  0.285863  0.698283  0.835829  0.973374  1.217488
  1269.949951  0.286473  0.699342  0.837164  0.974985  1.221058
  1273.459961  0.287128  0.700571  0.838598  0.976626  1.223998
  1276.969971  0.287674  0.701623  0.840002  0.978380  1.228786
  1280.479980  0.289634  0.702863  0.841545  0.980226  1.227988
  1283.989990  0.290247  0.703945  0.842989  0.982033  1.230753
  1287.510010  0.288616  0.705199  0.844452  0.983705  1.234660
  1291.020020  0.288087  0.706112  0.845744  0.985376  1.235472
  1294.530029  0.287002  0.707192  0.846973  0.986753  1.234239
  1298.050049  0.287422  0.707962  0.848070  0.988177  1.240765
  1301.560059  0.290862  0.708762  0.849042  0.989322  1.239843
  1305.079956  0.287260  0.709419  0.849885  0.990351  1.238928
  1308.589966  0.288220  0.709993  0.850607  0.991221  1.245993
  1312.109985  0.285712  0.710164  0.850990  0.991816  1.242815
  1315.619995  0.289489  0.710241  0.851178  0.992114  1.245166
  1319.140015  0.285411  0.709683  0.850736  0.991789  1.243913
  1322.660034  0.285815  0.709459  0.850438  0.991418  1.242401
  1326.180054  0.283127  0.708320  0.849288  0.990256  1.241656
  1329.699951  0.287121  0.706931  0.847775  0.988619  1.241304
  1333.219971  0.284138  0.704679  0.845359  0.986039  1.234185
  1336.739990  0.281334  0.702132  0.842488  0.982844  1.233089
  1340.260010  0.279440  0.699036  0.839097  0.979157  1.228354
  1343.780029  0.275638  0.695821  0.835441  0.975062  1.226245
  1347.300049  0.273568  0.691913  0.831077  0.970240  1.214495
  1350.819946  0.272906  0.687998  0.826585  0.965172  1.213592
  1354.349976  0.270914  0.684161  0.822138  0.960116  1.205246
  1357.869995  0.268365  0.680611  0.818070  0.955528  1.199410
  1361.390015  0.268729  0.677362  0.814262  0.951162  1.190732
  1364.920044  0.266502  0.674063  0.810653  0.947244  1.188626
  1368.439941  0.262000  0.670836  0.807165  0.943493  1.181922
  1371.969971  0.258094  0.667990  0.804150  0.940310  1.177933
  1375.500000  0.255842  0.665673  0.801681  0.937689  1.171200
  1379.020020  0.255930  0.663650  0.799312  0.934974  1.165062
  1382.550049  0.253977  0.661312  0.796609  0.931905  1.160508
  1386.079956  0.250654  0.658218  0.793356  0.928493  1.159418
  1389.609985  0.251511  0.654553  0.789249  0.923944  1.155465
  1393.140015  0.246849  0.650384  0.784329  0.918274  1.141954
  1396.670044  0.243799  0.644943  0.778067  0.911190  1.131978
  1400.199951  0.240242  0.639130  0.771236  0.903342  1.124025
  1403.729980  0.241322  0.631996  0.763024  0.894051  1.108703
  1407.260010  0.233853  0.623673  0.753453  0.883233  1.095681
  1410.790039  0.232004  0.614485  0.742814  0.871142  1.083298
  1414.319946  0.227352  0.604388  0.731190  0.857992  1.064404
  1417.859985  0.224387  0.593807  0.718896  0.843984  1.050831
  1421.390015  0.218201  0.583280  0.706537  0.829794  1.036197
  1424.920044  0.214732  0.572735  0.694310  0.815885  1.019481
  1428.459961  0.210365  0.563315  0.683218  0.803122  1.000894
  1431.989990  0.205439  0.554550  0.672996  0.791442  0.988614
  1435.530029  0.201471  0.547169  0.664335  0.781500  0.977428
  1439.069946  0.201192  0.541087  0.657226  0.773365  0.967177
  1442.599976  0.198786  0.536213  0.651508  0.766803  0.961863
  1446.140015  0.197309  0.532333  0.647059  0.761786  0.960107
  1449.680054  0.197170  0.529257  0.643518  0.757779  0.951148
  1453.219971  0.195710  0.526879  0.640743  0.754606  0.951902
  1456.760010  0.194981  0.525371  0.638963  0.752554  0.946824
  1460.300049  0.194037  0.523786  0.637331  0.750876  0.947903
  1463.839966  0.193038  0.523101  0.636554  0.750006  0.944140
  1467.380005  0.194305  0.522553  0.636026  0.749499  0.946033
  1470.920044  0.192986  0.522472  0.636002  0.749532  0.947885
  1474.459961  0.196518  0.522343  0.636079  0.749815  0.950994
  1478.010010  0.193541  0.522738  0.636593  0.750448  0.948134
  1481.550049  0.194800  0.523021  0.637112  0.751203  0.952453
  1485.089966  0.193194  0.523499  0.637766  0.752034  0.952361
  1488.640015  0.193531  0.523708  0.638216  0.752723  0.953039
  1492.180054  0.192413  0.524347  0.639073  0.753799  0.956426
  1495.729980  0.195473  0.524904  0.639893  0.754881  0.959885
  1499.270020  0.194187  0.525890  0.641076  0.756262  0.960630
  1502.819946  0.195920  0.526756  0.642242  0.757728  0.961703
  1506.369995  0.194344  0.527678  0.643440  0.759201  0.964186
  1509.910034  0.196239  0.528601  0.644692  0.760783  0.966357
  1513.459961  0.195439  0.529676  0.646102  0.762528  0.968265
  1517.010010  0.198327  0.530367  0.647148  0.763928  0.969263
  1520.560059  0.197460  0.531150  0.648209  0.765268  0.976575
  1524.109985  0.199861  0.531622  0.648963  0.766304  0.976901
  1527.660034  0.194362  0.532087  0.649622  0.767156  0.982378
  1531.209961  0.198637  0.532103  0.649824  0.767544  0.979958
  1534.760010  0.198289  0.532287  0.650059  0.767831  0.982796
  1538.319946  0.195650  0.531960  0.649919  0.767878  0.982127
  1541.869995  0.195711  0.531757  0.649748  0.767738  0.987165
  1545.420044  0.196108  0.531135  0.649121  0.767108  0.981115
  1548.979980  0.194798  0.530560  0.648539  0.766517  0.983975
  1552.530029  0.193138  0.529608  0.647573  0.765538  0.978643
  1556.089966  0.196196  0.528766  0.646743  0.764719  0.981536
  1559.640015  0.193107  0.527584  0.645560  0.763536  0.977258
  1563.199951  0.193902  0.526800  0.644711  0.762621  0.976828
  1566.750000  0.191233  0.525712  0.643578  0.761443  0.976929
  1570.310059  0.191339  0.524730  0.642610  0.760489  0.979280
  1573.869995  0.189161  0.523927  0.641811  0.759695  0.978465
  1577.430054  0.193170  0.523274  0.641142  0.759011  0.977991
  1580.989990  0.188996  0.522459  0.640328  0.758198  0.976973
  1584.550049  0.191722  0.521939  0.639826  0.757712  0.975242
  1588.109985  0.188487  0.521344  0.639365  0.757385  0.975545
  1591.670044  0.190178  0.521318  0.639354  0.757390  0.974319
  1595.229980  0.187458  0.520632  0.638763  0.756894  0.972959
  1598.790039  0.189317  0.520278  0.638469  0.756659  0.969865
  1602.349976  0.187227  0.519815  0.638076  0.756337  0.968483
  1605.920044  0.186217  0.519271  0.637630  0.755989  0.969814
  1609.479980  0.185819  0.518511  0.636921  0.755331  0.967923
  1613.040039  0.185076  0.517481  0.635852  0.754223  0.960296
  1616.609985  0.183274  0.516209  0.634609  0.753008  0.956641
  1620.170044  0.175981  0.514684  0.633146  0.751607  0.946129
  1623.739990  0.173806  0.512516  0.631144  0.749772  0.939294
  1627.310059  0.166674  0.510630  0.629323  0.748017  0.934668
  1630.869995  0.165200  0.508533  0.627382  0.746232  0.933306
  1634.439941  0.159421  0.507024  0.626058  0.745093  0.935163
  1638.010010  0.157219  0.505706  0.624966  0.744227  0.936325
  1641.579956  0.158155  0.505019  0.624433  0.743847  0.933969
  1645.150024  0.156662  0.504614  0.624123  0.743632  0.934021
  1648.709961  0.157640  0.504139  0.623608  0.743077  0.930805
  1652.290039  0.158310  0.503721  0.623032  0.742342  0.931626
  1655.859985  0.153640  0.501739  0.621100  0.740460  0.926386
  1659.430054  0.146794  0.498292  0.617934  0.737575  0.925976
  1663.000000  0.139724  0.493156  0.613515  0.733873  0.921440
  1666.569946  0.126734  0.487016  0.608431  0.729846  0.916757
  1670.140015  0.120707  0.480570  0.603184  0.725799  0.908526
  1673.719971  0.111183  0.474675  0.598166  0.721657  0.901046
  1677.290039  0.110757  0.470061  0.593949  0.717837  0.891989
  1680.869995  0.108781  0.466705  0.590369  0.714033  0.888573
  1684.439941  0.115122  0.464326  0.587056  0.709786  0.879436
  1688.020020  0.116023  0.461922  0.583097  0.704272  0.875393
  1691.589966  0.120269  0.459078  0.578175  0.697271  0.863535
  1695.170044  0.115830  0.456552  0.573394  0.690235  0.849662
  1698.750000  0.128585  0.454147  0.568096  0.682045  0.840345
  1702.329956  0.137636  0.452459  0.563148  0.673838  0.826874
  1705.910034  0.147581  0.450485  0.557878  0.665271  0.820727
  1709.489990  0.149257  0.448268  0.552544  0.656821  0.799718
  1713.069946  0.145154  0.444275  0.545471  0.646667  0.799385
  1716.650024  0.151754  0.440227  0.538197  0.636168  0.791216
  1720.229980  0.158971  0.434348  0.529008  0.623669  0.767438
