ENVI ASCII Plot File [Sun Apr 06 15:59:54 2025]
Column 1: Wavelength
Column 2: Min: ROI #1~~2##255,0,0
Column 3: Mean-StdDev: ROI #1~~21##0,200,0
Column 4: Mean: ROI #1~~0##0,0,0
Column 5: Mean+StdDev: ROI #1~~21##0,200,0
Column 6: Max: ROI #1~~2##255,0,0
   935.609985  0.150741  0.342473  0.407815  0.473157  0.584683
   939.059998  0.159541  0.344674  0.409705  0.474736  0.583212
   942.520020  0.150227  0.356788  0.429322  0.501856  0.590564
   945.979980  0.145855  0.365308  0.444360  0.523412  0.622008
   949.429993  0.134781  0.371198  0.455674  0.540150  0.652959
   952.890015  0.140581  0.377805  0.464994  0.552182  0.662039
   956.349976  0.134159  0.382743  0.471754  0.560765  0.673958
   959.809998  0.141924  0.387043  0.477082  0.567122  0.681481
   963.270020  0.136499  0.390940  0.481802  0.572665  0.689484
   966.729980  0.139638  0.394528  0.486103  0.577678  0.692866
   970.190002  0.138013  0.398236  0.490589  0.582942  0.706985
   973.650024  0.145963  0.401354  0.494288  0.587222  0.707750
   977.109985  0.143005  0.404652  0.498207  0.591761  0.716914
   980.580017  0.148839  0.408090  0.502265  0.596441  0.720631
   984.039978  0.146957  0.411348  0.506183  0.601018  0.727789
   987.510010  0.149280  0.414462  0.509874  0.605286  0.732933
   990.969971  0.149443  0.417880  0.513868  0.609855  0.738531
   994.429993  0.152029  0.421202  0.517810  0.614418  0.742546
   997.900024  0.154290  0.424763  0.521982  0.619200  0.750643
  1001.369995  0.154354  0.427911  0.525704  0.623497  0.754563
  1004.830017  0.154384  0.431139  0.529552  0.627965  0.760574
  1008.299988  0.157365  0.434506  0.533486  0.632466  0.767028
  1011.770020  0.161050  0.438036  0.537589  0.637142  0.771986
  1015.239990  0.160275  0.441237  0.541396  0.641556  0.777006
  1018.710022  0.163039  0.444449  0.545133  0.645818  0.779896
  1022.179993  0.165452  0.447744  0.549048  0.650353  0.788267
  1025.650024  0.167255  0.451100  0.552972  0.654844  0.791083
  1029.119995  0.168690  0.454289  0.556754  0.659219  0.796717
  1032.589966  0.170342  0.457635  0.560640  0.663646  0.803364
  1036.060059  0.171716  0.460702  0.564265  0.667827  0.809857
  1039.530029  0.172440  0.463812  0.567962  0.672113  0.813598
  1043.000000  0.172317  0.467091  0.571806  0.676521  0.818297
  1046.479980  0.176803  0.470445  0.575652  0.680858  0.823018
  1049.949951  0.177884  0.473520  0.579240  0.684961  0.828388
  1053.430054  0.178565  0.476484  0.582767  0.689051  0.832665
  1056.900024  0.179290  0.479549  0.586370  0.693192  0.837177
  1060.380005  0.181956  0.482579  0.589936  0.697293  0.842626
  1063.849976  0.183478  0.485529  0.593457  0.701385  0.847990
  1067.329956  0.185209  0.488463  0.596926  0.705388  0.852733
  1070.810059  0.185808  0.491458  0.600392  0.709327  0.858638
  1074.290039  0.186388  0.494392  0.603830  0.713269  0.864373
  1077.760010  0.187119  0.497149  0.607135  0.717122  0.868655
  1081.239990  0.189206  0.500078  0.610553  0.721027  0.873051
  1084.719971  0.191484  0.502908  0.613870  0.724832  0.877613
  1088.199951  0.193257  0.505481  0.616909  0.728336  0.880661
  1091.680054  0.194371  0.508023  0.619912  0.731801  0.884340
  1095.170044  0.195652  0.510598  0.622960  0.735321  0.889339
  1098.650024  0.198754  0.513100  0.625921  0.738742  0.891696
  1102.130005  0.197697  0.515343  0.628608  0.741874  0.894893
  1105.609985  0.198276  0.517452  0.631157  0.744862  0.898022
  1109.099976  0.200345  0.519540  0.633618  0.747696  0.900321
  1112.579956  0.201961  0.521567  0.636083  0.750598  0.903729
  1116.069946  0.202732  0.523477  0.638392  0.753306  0.906282
  1119.550049  0.203650  0.525344  0.640647  0.755949  0.904982
  1123.040039  0.205384  0.526941  0.642652  0.758363  0.903409
  1126.520020  0.205858  0.528391  0.644474  0.760556  0.901633
  1130.010010  0.205872  0.529336  0.645759  0.762183  0.902558
  1133.500000  0.205730  0.529756  0.646532  0.763307  0.903097
  1136.989990  0.207412  0.529807  0.647025  0.764244  0.900111
  1140.469971  0.205496  0.530042  0.647682  0.765322  0.899649
  1143.959961  0.208494  0.530507  0.648466  0.766425  0.900000
  1147.449951  0.208299  0.531434  0.649564  0.767695  0.903426
  1150.939941  0.209205  0.532809  0.650990  0.769171  0.907245
  1154.430054  0.207768  0.534241  0.652314  0.770387  0.911025
  1157.930054  0.207510  0.535107  0.653035  0.770963  0.911085
  1161.420044  0.208030  0.535620  0.653386  0.771153  0.912610
  1164.910034  0.209093  0.535545  0.653254  0.770962  0.913264
  1168.400024  0.208592  0.535535  0.653136  0.770738  0.913470
  1171.900024  0.209826  0.535464  0.653035  0.770606  0.915984
  1175.390015  0.207940  0.535436  0.653023  0.770610  0.915960
  1178.890015  0.207673  0.535269  0.652822  0.770374  0.915523
  1182.380005  0.208885  0.535215  0.652762  0.770310  0.915132
  1185.880005  0.209738  0.535271  0.652923  0.770575  0.915633
  1189.369995  0.208965  0.535860  0.653669  0.771478  0.914602
  1192.869995  0.210447  0.536787  0.654921  0.773055  0.914912
  1196.369995  0.212433  0.538152  0.656583  0.775015  0.918100
  1199.869995  0.213361  0.539539  0.658347  0.777154  0.920609
  1203.369995  0.212646  0.541167  0.660359  0.779552  0.922886
  1206.869995  0.213050  0.542872  0.662433  0.781994  0.926236
  1210.369995  0.215489  0.544869  0.664760  0.784652  0.928048
  1213.869995  0.217287  0.547344  0.667670  0.787995  0.931449
  1217.369995  0.218306  0.550405  0.671166  0.791927  0.936449
  1220.869995  0.219346  0.553362  0.674697  0.796032  0.943668
  1224.369995  0.222759  0.556625  0.678464  0.800302  0.951786
  1227.869995  0.221071  0.559831  0.682190  0.804549  0.958329
  1231.380005  0.225684  0.562949  0.685806  0.808663  0.964879
  1234.880005  0.225446  0.565799  0.689085  0.812371  0.973837
  1238.390015  0.229200  0.568406  0.692154  0.815901  0.976103
  1241.890015  0.227862  0.570721  0.694902  0.819083  0.983733
  1245.400024  0.230214  0.572946  0.697483  0.822019  0.988790
  1248.900024  0.231703  0.575064  0.700044  0.825024  0.992420
  1252.410034  0.232561  0.577134  0.702448  0.827762  0.993519
  1255.920044  0.233986  0.579005  0.704629  0.830252  0.999099
  1259.420044  0.237528  0.580707  0.706663  0.832620  1.004321
  1262.930054  0.236158  0.582331  0.708615  0.834899  1.006322
  1266.439941  0.239278  0.584037  0.710591  0.837145  1.010321
  1269.949951  0.237679  0.585432  0.712368  0.839304  1.011932
  1273.459961  0.241434  0.587007  0.714277  0.841547  1.013187
  1276.969971  0.241836  0.588468  0.716051  0.843634  1.021067
  1280.479980  0.240225  0.590178  0.718027  0.845877  1.021340
  1283.989990  0.240500  0.591606  0.719756  0.847905  1.023600
  1287.510010  0.243430  0.593103  0.721572  0.850041  1.028791
  1291.020020  0.245778  0.594463  0.723261  0.852059  1.028427
  1294.530029  0.244939  0.595999  0.724994  0.853989  1.032933
  1298.050049  0.246383  0.596931  0.726277  0.855623  1.034096
  1301.560059  0.245013  0.598193  0.727782  0.857371  1.034447
  1305.079956  0.246381  0.599227  0.729022  0.858818  1.034794
  1308.589966  0.248477  0.600146  0.730176  0.860207  1.039848
  1312.109985  0.248950  0.600720  0.730902  0.861083  1.040503
  1315.619995  0.248633  0.601147  0.731482  0.861817  1.042877
  1319.140015  0.250660  0.601088  0.731570  0.862052  1.041966
  1322.660034  0.249048  0.601117  0.731557  0.861996  1.041265
  1326.180054  0.249091  0.600294  0.730718  0.861143  1.037805
  1329.699951  0.248056  0.599344  0.729636  0.859927  1.039675
  1333.219971  0.248318  0.597410  0.727537  0.857665  1.035040
  1336.739990  0.245058  0.595312  0.725162  0.855012  1.032440
  1340.260010  0.243971  0.592691  0.722245  0.851800  1.027963
  1343.780029  0.240507  0.589754  0.718854  0.847953  1.023649
  1347.300049  0.238635  0.586039  0.714736  0.843433  1.018397
  1350.819946  0.236355  0.582454  0.710582  0.838710  1.014082
  1354.349976  0.235914  0.578835  0.706341  0.833848  1.004764
  1357.869995  0.235200  0.575332  0.702287  0.829242  1.004164
  1361.390015  0.231930  0.571875  0.698380  0.824886  1.000219
  1364.920044  0.229193  0.568780  0.694840  0.820900  0.992373
  1368.439941  0.227200  0.565569  0.691343  0.817118  0.986508
  1371.969971  0.224930  0.563007  0.688529  0.814050  0.981624
  1375.500000  0.224116  0.560582  0.685854  0.811126  0.977283
  1379.020020  0.220658  0.558210  0.683043  0.807875  0.971677
  1382.550049  0.222166  0.555480  0.679920  0.804359  0.966642
  1386.079956  0.217715  0.552208  0.676309  0.800410  0.960201
  1389.609985  0.215163  0.548305  0.671939  0.795573  0.956308
  1393.140015  0.214054  0.543772  0.666668  0.789564  0.946294
  1396.670044  0.207430  0.538289  0.660436  0.782583  0.938247
  1400.199951  0.205026  0.532229  0.653362  0.774494  0.923205
  1403.729980  0.201540  0.524764  0.644670  0.764575  0.914223
  1407.260010  0.198654  0.515935  0.634463  0.752992  0.897565
  1410.790039  0.191424  0.506231  0.623217  0.740202  0.888654
  1414.319946  0.189436  0.496164  0.611532  0.726900  0.875851
  1417.859985  0.178795  0.485259  0.598847  0.712434  0.857871
  1421.390015  0.178943  0.474799  0.586525  0.698251  0.841907
  1424.920044  0.168516  0.464477  0.574488  0.684499  0.828122
  1428.459961  0.167881  0.455428  0.563829  0.672230  0.816905
  1431.989990  0.161881  0.447294  0.554268  0.661242  0.803988
  1435.530029  0.160155  0.440499  0.546263  0.652026  0.797933
  1439.069946  0.157639  0.434839  0.539646  0.644454  0.790094
  1442.599976  0.152511  0.430367  0.534411  0.638455  0.782164
  1446.140015  0.152380  0.427005  0.530445  0.633885  0.780188
  1449.680054  0.151882  0.424343  0.527358  0.630373  0.775056
  1453.219971  0.147749  0.422429  0.525066  0.627703  0.769912
  1456.760010  0.148514  0.421051  0.523512  0.625973  0.767826
  1460.300049  0.148775  0.419691  0.522018  0.624345  0.768052
  1463.839966  0.151075  0.419009  0.521244  0.623479  0.768967
  1467.380005  0.148276  0.418598  0.520785  0.622973  0.766342
  1470.920044  0.149158  0.418596  0.520945  0.623294  0.767826
  1474.459961  0.148153  0.418560  0.520932  0.623303  0.767785
  1478.010010  0.149525  0.419086  0.521651  0.624215  0.769719
  1481.550049  0.149513  0.419448  0.522132  0.624816  0.767287
  1485.089966  0.149534  0.419913  0.522772  0.625632  0.770677
  1488.640015  0.150055  0.420207  0.523191  0.626176  0.769620
  1492.180054  0.149876  0.421032  0.524245  0.627458  0.775274
  1495.729980  0.150919  0.421718  0.525157  0.628596  0.773046
  1499.270020  0.149036  0.422982  0.526670  0.630358  0.777782
  1502.819946  0.150954  0.424049  0.528049  0.632050  0.777100
  1506.369995  0.149286  0.425152  0.529482  0.633813  0.784728
  1509.910034  0.148323  0.426459  0.531050  0.635640  0.783893
  1513.459961  0.148904  0.427629  0.532580  0.637531  0.791548
  1517.010010  0.151074  0.428647  0.533901  0.639155  0.790336
  1520.560059  0.153815  0.429749  0.535305  0.640860  0.793801
  1524.109985  0.152883  0.430546  0.536330  0.642113  0.793562
  1527.660034  0.153501  0.431222  0.537247  0.643271  0.799412
  1531.209961  0.153562  0.431479  0.537737  0.643995  0.797131
  1534.760010  0.150880  0.432034  0.538337  0.644640  0.802718
  1538.319946  0.152351  0.431993  0.538397  0.644801  0.800999
  1541.869995  0.155136  0.432086  0.538544  0.645002  0.801577
  1545.420044  0.151905  0.431683  0.538218  0.644753  0.802926
  1548.979980  0.152962  0.431354  0.537900  0.644447  0.804107
  1552.530029  0.151010  0.430648  0.537168  0.643689  0.804479
  1556.089966  0.151244  0.430070  0.536497  0.642924  0.800074
  1559.640015  0.151106  0.429155  0.535623  0.642091  0.801980
  1563.199951  0.152227  0.428484  0.534907  0.641329  0.799211
  1566.750000  0.150252  0.427591  0.534022  0.640453  0.803160
  1570.310059  0.152142  0.426822  0.533178  0.639534  0.800872
  1573.869995  0.149419  0.426140  0.532562  0.638985  0.805497
  1577.430054  0.151522  0.426003  0.532354  0.638705  0.801685
  1580.989990  0.150657  0.425446  0.531810  0.638174  0.797872
  1584.550049  0.149859  0.425138  0.531552  0.637967  0.799520
  1588.109985  0.148465  0.424599  0.531116  0.637633  0.797792
  1591.670044  0.148687  0.424809  0.531413  0.638017  0.796100
  1595.229980  0.150551  0.424286  0.530938  0.637591  0.798255
  1598.790039  0.146437  0.424192  0.530911  0.637630  0.795682
  1602.349976  0.148253  0.423986  0.530761  0.637535  0.794824
  1605.920044  0.148224  0.423576  0.530467  0.637359  0.795903
  1609.479980  0.148083  0.423182  0.530122  0.637062  0.795422
  1613.040039  0.144848  0.422325  0.529225  0.636126  0.796683
  1616.609985  0.148171  0.421176  0.528013  0.634851  0.792999
  1620.170044  0.146525  0.420027  0.526800  0.633572  0.793510
  1623.739990  0.146122  0.418191  0.524946  0.631702  0.791689
  1627.310059  0.140913  0.416447  0.523263  0.630079  0.789236
  1630.869995  0.143291  0.414594  0.521286  0.627978  0.787600
  1634.439941  0.142325  0.413063  0.519843  0.626622  0.787805
  1638.010010  0.144849  0.411825  0.518693  0.625560  0.784517
  1641.579956  0.142832  0.411252  0.518229  0.625206  0.783810
  1645.150024  0.144063  0.410900  0.517869  0.624838  0.784332
  1648.709961  0.139849  0.410459  0.517455  0.624451  0.782503
  1652.290039  0.143069  0.410010  0.516836  0.623661  0.787645
  1655.859985  0.140630  0.408110  0.514968  0.621825  0.783540
  1659.430054  0.141199  0.404933  0.511767  0.618601  0.784526
  1663.000000  0.138908  0.399941  0.507256  0.614570  0.775465
  1666.569946  0.138031  0.394041  0.502028  0.610015  0.773651
  1670.140015  0.132935  0.387422  0.496498  0.605574  0.767081
  1673.719971  0.131540  0.381571  0.491453  0.601335  0.762471
  1677.290039  0.131103  0.376532  0.486958  0.597385  0.754396
  1680.869995  0.128830  0.372927  0.482988  0.593050  0.747807
  1684.439941  0.125496  0.369807  0.478993  0.588179  0.738807
  1688.020020  0.123793  0.366814  0.474270  0.581726  0.730418
  1691.589966  0.130081  0.363132  0.468630  0.574128  0.717175
  1695.170044  0.124075  0.360111  0.463225  0.566340  0.714327
  1698.750000  0.125506  0.356874  0.457220  0.557566  0.691840
  1702.329956  0.122416  0.355067  0.452478  0.549890  0.688556
  1705.910034  0.126966  0.352481  0.447158  0.541835  0.672341
  1709.489990  0.128091  0.350368  0.442412  0.534457  0.671122
  1713.069946  0.116903  0.345900  0.435608  0.525317  0.654354
  1716.650024  0.115645  0.341793  0.428605  0.515416  0.627670
  1720.229980  0.126473  0.336021  0.420479  0.504938  0.626548
