ENVI ASCII Plot File [Sun Apr 06 16:55:28 2025]
Column 1: Wavelength
Column 2: Min: ROI #59~~2##255,0,0
Column 3: Mean-StdDev: ROI #59~~21##0,200,0
Column 4: Mean: ROI #59~~0##0,0,0
Column 5: Mean+StdDev: ROI #59~~21##0,200,0
Column 6: Max: ROI #59~~2##255,0,0
   935.609985  0.253290  0.510282  0.594429  0.678577  0.837479
   939.059998  0.258803  0.513186  0.597605  0.682025  0.834789
   942.520020  0.293683  0.533144  0.630505  0.727865  0.865305
   945.979980  0.270533  0.546880  0.654936  0.762991  0.902692
   949.429993  0.278180  0.556239  0.671402  0.786566  0.928279
   952.890015  0.268898  0.564120  0.682435  0.800751  0.939545
   956.349976  0.274983  0.569447  0.689749  0.810051  0.957845
   959.809998  0.277451  0.573437  0.694785  0.816133  0.960021
   963.270020  0.278027  0.576881  0.699125  0.821369  0.964958
   966.729980  0.278683  0.580035  0.703057  0.826079  0.969975
   970.190002  0.281748  0.583318  0.706975  0.830632  0.979554
   973.650024  0.282755  0.585955  0.710164  0.834373  0.979915
   977.109985  0.284627  0.588668  0.713428  0.838189  0.984961
   980.580017  0.286581  0.591487  0.716744  0.842001  0.987222
   984.039978  0.289377  0.594312  0.720040  0.845769  0.993297
   987.510010  0.290255  0.596808  0.723033  0.849257  0.995093
   990.969971  0.290349  0.599444  0.726200  0.852957  1.001007
   994.429993  0.292156  0.602131  0.729394  0.856656  1.003422
   997.900024  0.294245  0.605057  0.732761  0.860466  1.008715
  1001.369995  0.296527  0.607560  0.735785  0.864010  1.011620
  1004.830017  0.298560  0.610201  0.738905  0.867609  1.015608
  1008.299988  0.298983  0.612951  0.742131  0.871311  1.019163
  1011.770020  0.300817  0.615783  0.745448  0.875114  1.022286
  1015.239990  0.301908  0.618440  0.748577  0.878714  1.028509
  1018.710022  0.302728  0.621010  0.751604  0.882199  1.031855
  1022.179993  0.305737  0.623659  0.754762  0.885866  1.035955
  1025.650024  0.306559  0.626385  0.757993  0.889600  1.038723
  1029.119995  0.307292  0.628915  0.761033  0.893151  1.044412
  1032.589966  0.307107  0.631569  0.764107  0.896644  1.046490
  1036.060059  0.309609  0.634016  0.767011  0.900007  1.049801
  1039.530029  0.311176  0.636492  0.770004  0.903516  1.053611
  1043.000000  0.313896  0.639076  0.773053  0.907030  1.057932
  1046.479980  0.315444  0.641658  0.776052  0.910446  1.062110
  1049.949951  0.316617  0.644141  0.778970  0.913800  1.064791
  1053.430054  0.316370  0.646526  0.781771  0.917017  1.066629
  1056.900024  0.318140  0.648849  0.784557  0.920265  1.071087
  1060.380005  0.320658  0.651181  0.787326  0.923472  1.073086
  1063.849976  0.321289  0.653506  0.790086  0.926665  1.077168
  1067.329956  0.322011  0.655804  0.792825  0.929847  1.081276
  1070.810059  0.323675  0.658094  0.795506  0.932918  1.086003
  1074.290039  0.325624  0.660383  0.798203  0.936023  1.090346
  1077.760010  0.327798  0.662462  0.800718  0.938973  1.093936
  1081.239990  0.328820  0.664552  0.803207  0.941863  1.096432
  1084.719971  0.328792  0.666623  0.805668  0.944713  1.098563
  1088.199951  0.328775  0.668498  0.807912  0.947326  1.101518
  1091.680054  0.329404  0.670272  0.810042  0.949811  1.103293
  1095.170044  0.329745  0.672015  0.812154  0.952294  1.106410
  1098.650024  0.331742  0.673706  0.814143  0.954580  1.109093
  1102.130005  0.331588  0.675132  0.815855  0.956577  1.112490
  1105.609985  0.333742  0.676382  0.817365  0.958347  1.113768
  1109.099976  0.334955  0.677486  0.818696  0.959905  1.115559
  1112.579956  0.333546  0.678584  0.820022  0.961461  1.119014
  1116.069946  0.333828  0.679589  0.821274  0.962960  1.118468
  1119.550049  0.335335  0.680539  0.822416  0.964293  1.120795
  1123.040039  0.335586  0.681218  0.823245  0.965272  1.122607
  1126.520020  0.335010  0.681574  0.823696  0.965817  1.121671
  1130.010010  0.333817  0.681387  0.823626  0.965865  1.122470
  1133.500000  0.332790  0.680673  0.822973  0.965272  1.124657
  1136.989990  0.329532  0.679417  0.821878  0.964338  1.125524
  1140.469971  0.328506  0.678361  0.820998  0.963634  1.124093
  1143.959961  0.326370  0.677672  0.820521  0.963369  1.122462
  1147.449951  0.327147  0.677817  0.820734  0.963652  1.122940
  1150.939941  0.328428  0.678561  0.821375  0.964190  1.122429
  1154.430054  0.329142  0.679283  0.821875  0.964468  1.123619
  1157.930054  0.330540  0.679456  0.821869  0.964282  1.121209
  1161.420044  0.332015  0.679176  0.821313  0.963449  1.121431
  1164.910034  0.331604  0.678136  0.820071  0.962006  1.119175
  1168.400024  0.331982  0.677093  0.818793  0.960494  1.118418
  1171.900024  0.327929  0.676049  0.817550  0.959051  1.117624
  1175.390015  0.329093  0.675066  0.816416  0.957766  1.115838
  1178.890015  0.330080  0.674244  0.815435  0.956627  1.113372
  1182.380005  0.328921  0.673574  0.814648  0.955723  1.112742
  1185.880005  0.328351  0.673146  0.814187  0.955228  1.111946
  1189.369995  0.328138  0.673336  0.814509  0.955682  1.114269
  1192.869995  0.330068  0.674026  0.815374  0.956723  1.112589
  1196.369995  0.328820  0.675099  0.816713  0.958328  1.114282
  1199.869995  0.328954  0.676276  0.818208  0.960139  1.117094
  1203.369995  0.328978  0.677571  0.819859  0.962146  1.121412
  1206.869995  0.329949  0.678942  0.821570  0.964198  1.121964
  1210.369995  0.329780  0.680574  0.823553  0.966532  1.128123
  1213.869995  0.331666  0.682564  0.825920  0.969276  1.130532
  1217.369995  0.331490  0.684792  0.828561  0.972330  1.134073
  1220.869995  0.334288  0.687020  0.831283  0.975546  1.135315
  1224.369995  0.334073  0.689424  0.834163  0.978902  1.139206
  1227.869995  0.332758  0.691761  0.836926  0.982090  1.143633
  1231.380005  0.334866  0.693990  0.839630  0.985270  1.144920
  1234.880005  0.339125  0.695992  0.842105  0.988217  1.147331
  1238.390015  0.338741  0.697949  0.844395  0.990842  1.148561
  1241.890015  0.340284  0.699674  0.846444  0.993214  1.153231
  1245.400024  0.340418  0.701189  0.848323  0.995457  1.157941
  1248.900024  0.341060  0.702611  0.850077  0.997544  1.160027
  1252.410034  0.342877  0.704013  0.851743  0.999474  1.161952
  1255.920044  0.343439  0.705180  0.853216  1.001251  1.159668
  1259.420044  0.342899  0.706118  0.854409  1.002699  1.162149
  1262.930054  0.342742  0.707132  0.855702  1.004271  1.163042
  1266.439941  0.344862  0.708212  0.856886  1.005561  1.166551
  1269.949951  0.344024  0.709022  0.858024  1.007025  1.167956
  1273.459961  0.343004  0.709965  0.859192  1.008419  1.170121
  1276.969971  0.344639  0.710879  0.860386  1.009892  1.169816
  1280.479980  0.346555  0.712006  0.861742  1.011478  1.170417
  1283.989990  0.343160  0.712750  0.862838  1.012925  1.173536
  1287.510010  0.347097  0.713828  0.864071  1.014314  1.175115
  1291.020020  0.344696  0.714616  0.865182  1.015748  1.179141
  1294.530029  0.347145  0.715408  0.866121  1.016833  1.177401
  1298.050049  0.344081  0.715859  0.866854  1.017848  1.176402
  1301.560059  0.345994  0.716663  0.867727  1.018791  1.179034
  1305.079956  0.346049  0.717044  0.868270  1.019496  1.179294
  1308.589966  0.346658  0.717318  0.868659  1.019999  1.180846
  1312.109985  0.343255  0.717312  0.868811  1.020310  1.182282
  1315.619995  0.345795  0.716996  0.868540  1.020085  1.181502
  1319.140015  0.342684  0.716298  0.867847  1.019397  1.180171
  1322.660034  0.344176  0.715742  0.867087  1.018433  1.183940
  1326.180054  0.342881  0.714417  0.865706  1.016995  1.182529
  1329.699951  0.342556  0.712696  0.863733  1.014769  1.176015
  1333.219971  0.337694  0.710066  0.860826  1.011586  1.175021
  1336.739990  0.339259  0.707321  0.857646  1.007971  1.166096
  1340.260010  0.337402  0.704030  0.853859  1.003687  1.168279
  1343.780029  0.333137  0.700742  0.850015  0.999288  1.162969
  1347.300049  0.331720  0.696855  0.845506  0.994157  1.157421
  1350.819946  0.329909  0.692923  0.840935  0.988948  1.148290
  1354.349976  0.327338  0.689149  0.836443  0.983737  1.144912
  1357.869995  0.324309  0.685540  0.832169  0.978797  1.138725
  1361.390015  0.322325  0.682154  0.828165  0.974177  1.136123
  1364.920044  0.318406  0.678903  0.824447  0.969990  1.128226
  1368.439941  0.317742  0.675586  0.820722  0.965857  1.127270
  1371.969971  0.314041  0.672866  0.817728  0.962591  1.125272
  1375.500000  0.315486  0.670523  0.815102  0.959682  1.120218
  1379.020020  0.309601  0.668437  0.812514  0.956590  1.115171
  1382.550049  0.312776  0.665886  0.809503  0.953121  1.112119
  1386.079956  0.307975  0.662822  0.806161  0.949500  1.107431
  1389.609985  0.307544  0.659036  0.801812  0.944588  1.102931
  1393.140015  0.300994  0.654780  0.796576  0.938371  1.096197
  1396.670044  0.302897  0.649253  0.790134  0.931015  1.088298
  1400.199951  0.297330  0.643321  0.783095  0.922869  1.074220
  1403.729980  0.296045  0.636291  0.774766  0.913241  1.068398
  1407.260010  0.288472  0.628348  0.765319  0.902291  1.057167
  1410.790039  0.283566  0.619629  0.755081  0.890532  1.046569
  1414.319946  0.280653  0.610145  0.743901  0.877656  1.034587
  1417.859985  0.277819  0.600323  0.732305  0.864288  1.016655
  1421.390015  0.272159  0.590691  0.720768  0.850845  1.005804
  1424.920044  0.265265  0.581154  0.709437  0.837720  0.987316
  1428.459961  0.262376  0.572513  0.699078  0.825644  0.975357
  1431.989990  0.258272  0.564584  0.689643  0.814703  0.962424
  1435.530029  0.253597  0.557880  0.681660  0.805439  0.957083
  1439.069946  0.252020  0.552199  0.674955  0.797710  0.943767
  1442.599976  0.247888  0.547510  0.669489  0.791468  0.937547
  1446.140015  0.248399  0.543758  0.665089  0.786421  0.929398
  1449.680054  0.244474  0.540707  0.661488  0.782269  0.924610
  1453.219971  0.244499  0.538230  0.658638  0.779047  0.920146
  1456.760010  0.241610  0.536425  0.656501  0.776576  0.925666
  1460.300049  0.238845  0.534634  0.654576  0.774519  0.917229
  1463.839966  0.239731  0.533582  0.653352  0.773122  0.916020
  1467.380005  0.235536  0.532739  0.652473  0.772206  0.914520
  1470.920044  0.239613  0.532472  0.652177  0.771882  0.913182
  1474.459961  0.238322  0.531904  0.651778  0.771653  0.913991
  1478.010010  0.239188  0.532203  0.652104  0.772004  0.916905
  1481.550049  0.237941  0.532287  0.652403  0.772520  0.912396
  1485.089966  0.240139  0.532613  0.652817  0.773021  0.910889
  1488.640015  0.238050  0.532620  0.653051  0.773483  0.910875
  1492.180054  0.239800  0.533102  0.653637  0.774172  0.915314
  1495.729980  0.235191  0.533355  0.654172  0.774989  0.915355
  1499.270020  0.238631  0.534120  0.655109  0.776098  0.918019
  1502.819946  0.235565  0.534818  0.656080  0.777343  0.923373
  1506.369995  0.238430  0.535508  0.657075  0.778642  0.927550
  1509.910034  0.234555  0.536365  0.658219  0.780072  0.927627
  1513.459961  0.239305  0.537220  0.659369  0.781519  0.927264
  1517.010010  0.238612  0.537856  0.660347  0.782839  0.931574
  1520.560059  0.238461  0.538443  0.661193  0.783943  0.931236
  1524.109985  0.237144  0.538940  0.661921  0.784902  0.931515
  1527.660034  0.236600  0.539353  0.662503  0.785654  0.928583
  1531.209961  0.235760  0.539256  0.662611  0.785966  0.933469
  1534.760010  0.234894  0.539566  0.663020  0.786473  0.933015
  1538.319946  0.235728  0.539260  0.662782  0.786304  0.932533
  1541.869995  0.235667  0.539043  0.662640  0.786236  0.930408
  1545.420044  0.236951  0.538499  0.662088  0.785678  0.934781
  1548.979980  0.234462  0.537913  0.661502  0.785091  0.926012
  1552.530029  0.233608  0.537041  0.660612  0.784183  0.927812
  1556.089966  0.231969  0.536192  0.659748  0.783304  0.927856
  1559.640015  0.230577  0.535117  0.658614  0.782111  0.928375
  1563.199951  0.231382  0.534226  0.657728  0.781230  0.925551
  1566.750000  0.232318  0.533211  0.656600  0.779990  0.925600
  1570.310059  0.229464  0.532282  0.655618  0.778955  0.922280
  1573.869995  0.230027  0.531481  0.654783  0.778085  0.920243
  1577.430054  0.227665  0.530940  0.654145  0.777350  0.921922
  1580.989990  0.230315  0.530102  0.653299  0.776495  0.918823
  1584.550049  0.227507  0.529575  0.652780  0.775986  0.923250
  1588.109985  0.228087  0.528840  0.652201  0.775562  0.921976
  1591.670044  0.224351  0.528783  0.652013  0.775243  0.919039
  1595.229980  0.226302  0.527851  0.651159  0.774467  0.917188
  1598.790039  0.222959  0.527542  0.650851  0.774159  0.916478
  1602.349976  0.221947  0.526979  0.650283  0.773586  0.915862
  1605.920044  0.222067  0.526313  0.649628  0.772943  0.913659
  1609.479980  0.222226  0.525566  0.648813  0.772061  0.913141
  1613.040039  0.221578  0.524507  0.647643  0.770778  0.917578
  1616.609985  0.222317  0.523159  0.646197  0.769236  0.914081
  1620.170044  0.220745  0.521638  0.644467  0.767296  0.914466
  1623.739990  0.218602  0.519444  0.642130  0.764817  0.909240
  1627.310059  0.217647  0.517220  0.639725  0.762230  0.911012
  1630.869995  0.216187  0.514540  0.636993  0.759446  0.904972
  1634.439941  0.214426  0.512579  0.634919  0.757259  0.905180
  1638.010010  0.212617  0.510591  0.633101  0.755611  0.902856
  1641.579956  0.212346  0.509498  0.631895  0.754292  0.902359
  1645.150024  0.209600  0.508584  0.630984  0.753384  0.900665
  1648.709961  0.210207  0.507954  0.630267  0.752579  0.901327
  1652.290039  0.207989  0.507288  0.629407  0.751527  0.892784
  1655.859985  0.209776  0.505196  0.627191  0.749186  0.896603
  1659.430054  0.204217  0.500822  0.623123  0.745424  0.893075
  1663.000000  0.203447  0.494219  0.617585  0.740952  0.890427
  1666.569946  0.195168  0.485676  0.611179  0.736682  0.884561
  1670.140015  0.193610  0.476276  0.604748  0.733221  0.877703
  1673.719971  0.184652  0.467703  0.599021  0.730340  0.874982
  1677.290039  0.184906  0.461473  0.594451  0.727429  0.870182
  1680.869995  0.179117  0.457859  0.591158  0.724456  0.866084
  1684.439941  0.180611  0.456224  0.588339  0.720455  0.858574
  1688.020020  0.180021  0.455255  0.585100  0.714945  0.859458
  1691.589966  0.180558  0.453756  0.580813  0.707870  0.847734
  1695.170044  0.176766  0.453077  0.576884  0.700690  0.843325
  1698.750000  0.186763  0.452970  0.572823  0.692675  0.827769
  1702.329956  0.180757  0.453652  0.569316  0.684980  0.821964
  1705.910034  0.194497  0.453270  0.565405  0.677541  0.818176
  1709.489990  0.192890  0.452258  0.561045  0.669831  0.805426
  1713.069946  0.199714  0.449147  0.554718  0.660289  0.794484
  1716.650024  0.185797  0.446177  0.548607  0.651038  0.785690
  1720.229980  0.191668  0.441220  0.540589  0.639958  0.771287
