ENVI ASCII Plot File [Sun Apr 06 16:07:38 2025]
Column 1: Wavelength
Column 2: Min: ROI #10~~2##255,0,0
Column 3: Mean-StdDev: ROI #10~~21##0,200,0
Column 4: Mean: ROI #10~~0##0,0,0
Column 5: Mean+StdDev: ROI #10~~21##0,200,0
Column 6: Max: ROI #10~~2##255,0,0
   935.609985  0.234643  0.409542  0.472383  0.535225  0.659063
   939.059998  0.249149  0.412126  0.474964  0.537802  0.662519
   942.520020  0.237411  0.427823  0.500598  0.573373  0.704898
   945.979980  0.194832  0.438370  0.520456  0.602541  0.757421
   949.429993  0.188080  0.445251  0.534032  0.622814  0.793794
   952.890015  0.173352  0.452882  0.544829  0.636777  0.800454
   956.349976  0.176059  0.458266  0.552308  0.646350  0.818649
   959.809998  0.172846  0.462746  0.557743  0.652739  0.821677
   963.270020  0.176311  0.466609  0.562481  0.658353  0.830534
   966.729980  0.174896  0.470241  0.566849  0.663457  0.833686
   970.190002  0.177769  0.474059  0.571283  0.668506  0.846653
   973.650024  0.175087  0.477089  0.574878  0.672667  0.847817
   977.109985  0.180247  0.480331  0.578675  0.677020  0.855323
   980.580017  0.181221  0.483688  0.582673  0.681658  0.858012
   984.039978  0.183936  0.487026  0.586511  0.685996  0.866396
   987.510010  0.185557  0.490047  0.590086  0.690125  0.869784
   990.969971  0.188788  0.493395  0.593944  0.694493  0.875101
   994.429993  0.189539  0.496651  0.597728  0.698805  0.879160
   997.900024  0.191020  0.500092  0.601698  0.703304  0.885547
  1001.369995  0.191471  0.503207  0.605347  0.707487  0.892840
  1004.830017  0.195360  0.506418  0.609026  0.711634  0.899282
  1008.299988  0.196391  0.509692  0.612818  0.715944  0.904010
  1011.770020  0.198293  0.513148  0.616768  0.720388  0.909690
  1015.239990  0.198930  0.516319  0.620452  0.724585  0.912281
  1018.710022  0.202064  0.519449  0.624045  0.728640  0.919854
  1022.179993  0.205177  0.522706  0.627820  0.732933  0.924264
  1025.650024  0.207334  0.526014  0.631652  0.737290  0.927637
  1029.119995  0.208238  0.529132  0.635299  0.741465  0.935123
  1032.589966  0.209417  0.532393  0.639044  0.745695  0.939309
  1036.060059  0.211954  0.535409  0.642534  0.749659  0.945378
  1039.530029  0.213836  0.538510  0.646121  0.753732  0.949499
  1043.000000  0.216033  0.541634  0.649721  0.757807  0.955667
  1046.479980  0.216714  0.544847  0.653387  0.761927  0.961883
  1049.949951  0.220578  0.547856  0.656889  0.765921  0.968203
  1053.430054  0.221810  0.550701  0.660209  0.769718  0.972136
  1056.900024  0.224788  0.553673  0.663656  0.773639  0.976823
  1060.380005  0.227301  0.556663  0.667119  0.777575  0.981820
  1063.849976  0.228427  0.559567  0.670491  0.781415  0.987931
  1067.329956  0.230322  0.562412  0.673830  0.785247  0.991753
  1070.810059  0.233106  0.565237  0.677096  0.788956  0.996669
  1074.290039  0.233220  0.568120  0.680463  0.792806  1.002474
  1077.760010  0.234537  0.570870  0.683691  0.796512  1.005515
  1081.239990  0.236506  0.573662  0.686865  0.800067  1.010528
  1084.719971  0.237871  0.576373  0.690007  0.803641  1.014177
  1088.199951  0.238923  0.578801  0.692896  0.806990  1.018973
  1091.680054  0.240726  0.581107  0.695628  0.810148  1.023005
  1095.170044  0.243702  0.583579  0.698494  0.813409  1.025292
  1098.650024  0.244779  0.586079  0.701365  0.816650  1.028332
  1102.130005  0.246562  0.588244  0.703942  0.819640  1.031133
  1105.609985  0.247812  0.590343  0.706384  0.822424  1.035148
  1109.099976  0.249503  0.592311  0.708660  0.825009  1.038747
  1112.579956  0.250969  0.594228  0.710900  0.827572  1.040337
  1116.069946  0.252420  0.596025  0.713012  0.829999  1.040972
  1119.550049  0.252715  0.597749  0.715022  0.832295  1.040902
  1123.040039  0.252605  0.599226  0.716702  0.834177  1.037735
  1126.520020  0.255298  0.600407  0.717998  0.835588  1.031981
  1130.010010  0.255536  0.600912  0.718579  0.836245  1.022029
  1133.500000  0.255750  0.600848  0.718538  0.836228  1.010997
  1136.989990  0.256467  0.600093  0.717901  0.835709  1.012741
  1140.469971  0.258697  0.599437  0.717497  0.835557  1.013504
  1143.959961  0.257730  0.599416  0.717822  0.836229  1.014722
  1147.449951  0.257672  0.600500  0.719165  0.837830  1.017053
  1150.939941  0.258088  0.602424  0.721257  0.840090  1.019440
  1154.430054  0.259204  0.604585  0.723520  0.842455  1.021172
  1157.930054  0.258557  0.605992  0.725111  0.844231  1.023584
  1161.420044  0.259102  0.606821  0.726098  0.845375  1.035930
  1164.910034  0.259233  0.606993  0.726443  0.845893  1.043240
  1168.400024  0.259106  0.607294  0.726760  0.846226  1.046877
  1171.900024  0.258790  0.607428  0.726951  0.846475  1.050661
  1175.390015  0.258263  0.607233  0.726875  0.846518  1.052691
  1178.890015  0.257524  0.607100  0.726784  0.846468  1.051889
  1182.380005  0.259384  0.607131  0.726782  0.846433  1.051440
  1185.880005  0.258545  0.607275  0.726980  0.846685  1.050394
  1189.369995  0.258978  0.607807  0.727666  0.847526  1.051337
  1192.869995  0.258846  0.608709  0.728745  0.848780  1.047053
  1196.369995  0.260216  0.609968  0.730216  0.850464  1.042420
  1199.869995  0.261016  0.611205  0.731742  0.852280  1.045388
  1203.369995  0.260822  0.612514  0.733308  0.854102  1.045757
  1206.869995  0.261746  0.613984  0.735098  0.856213  1.043352
  1210.369995  0.261890  0.615792  0.737237  0.858683  1.049364
  1213.869995  0.262979  0.618060  0.739957  0.861854  1.053245
  1217.369995  0.265408  0.620835  0.743247  0.865659  1.061009
  1220.869995  0.268147  0.623606  0.746626  0.869646  1.075219
  1224.369995  0.267250  0.626729  0.750349  0.873968  1.082721
  1227.869995  0.271426  0.629749  0.753908  0.878067  1.094466
  1231.380005  0.272249  0.632671  0.757388  0.882104  1.102057
  1234.880005  0.274817  0.635243  0.760509  0.885775  1.107068
  1238.390015  0.275308  0.637765  0.763499  0.889233  1.113196
  1241.890015  0.279682  0.640035  0.766170  0.892306  1.118447
  1245.400024  0.278373  0.642140  0.768633  0.895127  1.120829
  1248.900024  0.281645  0.644109  0.770995  0.897881  1.126688
  1252.410034  0.283852  0.646045  0.773302  0.900559  1.128949
  1255.920044  0.286680  0.647810  0.775468  0.903125  1.136128
  1259.420044  0.285577  0.649362  0.777424  0.905485  1.137723
  1262.930054  0.286359  0.650868  0.779221  0.907575  1.142346
  1266.439941  0.286514  0.652626  0.781281  0.909935  1.145848
  1269.949951  0.287158  0.653940  0.782957  0.911973  1.146929
  1273.459961  0.289088  0.655514  0.784782  0.914051  1.148884
  1276.969971  0.292079  0.656824  0.786517  0.916210  1.152868
  1280.479980  0.291408  0.658396  0.788379  0.918362  1.153898
  1283.989990  0.291737  0.659841  0.790170  0.920499  1.159958
  1287.510010  0.293296  0.661329  0.792021  0.922714  1.160777
  1291.020020  0.292300  0.662583  0.793627  0.924670  1.167002
  1294.530029  0.292058  0.663885  0.795143  0.926400  1.164667
  1298.050049  0.292807  0.664855  0.796438  0.928021  1.168249
  1301.560059  0.296600  0.665993  0.797801  0.929609  1.169863
  1305.079956  0.294642  0.666930  0.798960  0.930991  1.173884
  1308.589966  0.296808  0.667755  0.800017  0.932278  1.173780
  1312.109985  0.296894  0.668275  0.800786  0.933297  1.175405
  1315.619995  0.295744  0.668662  0.801331  0.934000  1.176453
  1319.140015  0.294389  0.668572  0.801368  0.934165  1.171943
  1322.660034  0.295952  0.668507  0.801327  0.934147  1.174014
  1326.180054  0.295446  0.667929  0.800840  0.933751  1.170875
  1329.699951  0.295235  0.666904  0.799765  0.932627  1.171978
  1333.219971  0.291238  0.665153  0.797931  0.930710  1.166355
  1336.739990  0.289170  0.663172  0.795748  0.928324  1.169080
  1340.260010  0.283275  0.660492  0.792868  0.925243  1.156707
  1343.780029  0.285564  0.657779  0.789739  0.921699  1.155782
  1347.300049  0.281552  0.654411  0.785999  0.917588  1.149405
  1350.819946  0.278283  0.650718  0.781904  0.913089  1.144084
  1354.349976  0.276619  0.647279  0.777989  0.908700  1.138095
  1357.869995  0.272869  0.644087  0.774371  0.904655  1.134631
  1361.390015  0.269616  0.641027  0.770919  0.900811  1.128716
  1364.920044  0.268101  0.638217  0.767838  0.897459  1.124310
  1368.439941  0.265087  0.635269  0.764619  0.893969  1.114245
  1371.969971  0.261856  0.632630  0.761754  0.890879  1.109577
  1375.500000  0.256984  0.630310  0.759322  0.888333  1.103749
  1379.020020  0.259767  0.628332  0.756900  0.885468  1.097606
  1382.550049  0.256942  0.625912  0.754070  0.882227  1.090906
  1386.079956  0.254408  0.622772  0.750709  0.878645  1.083642
  1389.609985  0.252697  0.619000  0.746545  0.874089  1.074739
  1393.140015  0.246240  0.614949  0.741735  0.868521  1.067840
  1396.670044  0.242655  0.609687  0.735806  0.861925  1.058636
  1400.199951  0.239751  0.603913  0.729059  0.854205  1.049524
  1403.729980  0.232256  0.596514  0.720722  0.844930  1.037124
  1407.260010  0.226226  0.587905  0.710913  0.833922  1.019786
  1410.790039  0.219402  0.578268  0.699928  0.821587  1.004993
  1414.319946  0.212353  0.567655  0.687863  0.808070  0.987267
  1417.859985  0.207145  0.556788  0.675379  0.793971  0.973399
  1421.390015  0.196426  0.545852  0.662729  0.779606  0.954619
  1424.920044  0.191973  0.535131  0.650369  0.765607  0.941702
  1428.459961  0.184213  0.525368  0.639081  0.752794  0.921673
  1431.989990  0.181334  0.516439  0.628716  0.740992  0.911566
  1435.530029  0.172451  0.508956  0.620001  0.731046  0.896033
  1439.069946  0.172113  0.502599  0.612723  0.722848  0.889511
  1442.599976  0.163190  0.497556  0.606949  0.716342  0.878094
  1446.140015  0.163453  0.493607  0.602410  0.711212  0.878156
  1449.680054  0.161054  0.490548  0.598946  0.707345  0.875917
  1453.219971  0.161572  0.488126  0.596194  0.704261  0.872386
  1456.760010  0.157618  0.486452  0.594338  0.702224  0.870536
  1460.300049  0.161034  0.484916  0.592755  0.700595  0.869278
  1463.839966  0.158592  0.484224  0.592000  0.699777  0.867844
  1467.380005  0.159048  0.483650  0.591504  0.699357  0.870042
  1470.920044  0.156602  0.483722  0.591687  0.699651  0.866538
  1474.459961  0.157266  0.483796  0.591993  0.700189  0.870458
  1478.010010  0.157300  0.484385  0.592784  0.701183  0.874020
  1481.550049  0.157426  0.484881  0.593590  0.702299  0.874849
  1485.089966  0.157392  0.485500  0.594505  0.703510  0.877284
  1488.640015  0.157299  0.486207  0.595488  0.704770  0.875646
  1492.180054  0.156977  0.487263  0.596856  0.706449  0.879790
  1495.729980  0.156994  0.488097  0.598070  0.708043  0.880612
  1499.270020  0.158787  0.489584  0.599849  0.710113  0.883690
  1502.819946  0.156862  0.490645  0.601327  0.712009  0.888616
  1506.369995  0.159190  0.491870  0.602939  0.714008  0.891592
  1509.910034  0.156271  0.493060  0.604476  0.715891  0.893377
  1513.459961  0.159686  0.494259  0.605976  0.717693  0.896564
  1517.010010  0.156673  0.495107  0.607193  0.719279  0.897764
  1520.560059  0.157259  0.495946  0.608398  0.720851  0.902367
  1524.109985  0.158160  0.496628  0.609395  0.722163  0.901811
  1527.660034  0.159198  0.497199  0.610178  0.723157  0.906002
  1531.209961  0.156598  0.497129  0.610372  0.723615  0.905235
  1534.760010  0.159798  0.497502  0.610816  0.724130  0.906921
  1538.319946  0.158510  0.497325  0.610826  0.724327  0.909614
  1541.869995  0.157470  0.497286  0.610874  0.724463  0.909609
  1545.420044  0.154722  0.496764  0.610404  0.724044  0.906870
  1548.979980  0.156684  0.496050  0.609717  0.723384  0.908862
  1552.530029  0.155228  0.495279  0.609086  0.722892  0.905766
  1556.089966  0.155432  0.494648  0.608379  0.722109  0.910080
  1559.640015  0.153316  0.493524  0.607277  0.721030  0.905549
  1563.199951  0.153809  0.492711  0.606540  0.720369  0.908979
  1566.750000  0.151547  0.491872  0.605729  0.719586  0.904681
  1570.310059  0.150703  0.491056  0.604924  0.718791  0.904899
  1573.869995  0.149173  0.490391  0.604355  0.718319  0.904262
  1577.430054  0.150820  0.490123  0.604037  0.717950  0.906388
  1580.989990  0.148337  0.489295  0.603340  0.717384  0.904430
  1584.550049  0.149092  0.489056  0.603138  0.717220  0.901978
  1588.109985  0.148057  0.488520  0.602732  0.716945  0.901847
  1591.670044  0.146253  0.488659  0.602949  0.717238  0.898270
  1595.229980  0.148367  0.488122  0.602517  0.716913  0.898319
  1598.790039  0.146812  0.488026  0.602504  0.716981  0.892953
  1602.349976  0.148411  0.487816  0.602305  0.716795  0.896054
  1605.920044  0.146491  0.487398  0.601997  0.716595  0.888553
  1609.479980  0.145877  0.486882  0.601493  0.716105  0.888435
  1613.040039  0.143045  0.486031  0.600541  0.715050  0.881297
  1616.609985  0.147013  0.484918  0.599285  0.713652  0.873057
  1620.170044  0.142508  0.483377  0.597536  0.711695  0.858334
  1623.739990  0.143525  0.481089  0.594973  0.708858  0.859685
  1627.310059  0.140365  0.478763  0.592558  0.706354  0.858019
  1630.869995  0.142616  0.476105  0.589952  0.703799  0.861016
  1634.439941  0.138595  0.473902  0.587893  0.701883  0.858369
  1638.010010  0.140841  0.472091  0.586385  0.700679  0.860279
  1641.579956  0.138860  0.471229  0.585688  0.700147  0.855872
  1645.150024  0.140790  0.470676  0.585181  0.699687  0.854466
  1648.709961  0.136915  0.470829  0.585324  0.699819  0.851702
  1652.290039  0.137769  0.470670  0.585042  0.699415  0.853693
  1655.859985  0.136751  0.468065  0.582473  0.696880  0.855325
  1659.430054  0.138428  0.461992  0.577162  0.692332  0.849378
  1663.000000  0.134981  0.452134  0.569763  0.687393  0.842535
  1666.569946  0.134796  0.439573  0.561442  0.683311  0.838265
  1670.140015  0.132645  0.425428  0.552917  0.680405  0.832159
  1673.719971  0.132332  0.412902  0.545407  0.677913  0.829084
  1677.290039  0.131635  0.404236  0.539721  0.675206  0.825084
  1680.869995  0.129857  0.399708  0.535729  0.671750  0.816500
  1684.439941  0.129921  0.398035  0.532514  0.666994  0.808143
  1688.020020  0.129535  0.398010  0.529285  0.660561  0.805714
  1691.589966  0.133845  0.397611  0.525057  0.652503  0.792990
  1695.170044  0.130828  0.398252  0.521189  0.644125  0.783535
  1698.750000  0.139176  0.400398  0.517454  0.634510  0.781048
  1702.329956  0.130048  0.403236  0.514390  0.625543  0.762592
  1705.910034  0.136649  0.404540  0.510704  0.616869  0.755324
  1709.489990  0.129390  0.403720  0.505761  0.607803  0.741664
  1713.069946  0.155697  0.401049  0.499251  0.597452  0.729442
  1716.650024  0.153165  0.397862  0.492532  0.587202  0.715542
  1720.229980  0.166563  0.392467  0.484165  0.575864  0.709436
