ENVI ASCII Plot File [Sun Apr 06 16:24:37 2025]
Column 1: Wavelength
Column 2: Min: ROI #28~~2##255,0,0
Column 3: Mean-StdDev: ROI #28~~21##0,200,0
Column 4: Mean: ROI #28~~0##0,0,0
Column 5: Mean+StdDev: ROI #28~~21##0,200,0
Column 6: Max: ROI #28~~2##255,0,0
   935.609985  0.227704  0.459112  0.530853  0.602594  0.754299
   939.059998  0.234356  0.461655  0.533619  0.605582  0.753377
   942.520020  0.229503  0.478265  0.561054  0.643843  0.802007
   945.979980  0.258051  0.489413  0.582093  0.674773  0.843722
   949.429993  0.237250  0.497416  0.596901  0.696386  0.872027
   952.890015  0.255508  0.504504  0.607297  0.710090  0.886913
   956.349976  0.255967  0.509758  0.614599  0.719440  0.904648
   959.809998  0.262836  0.513881  0.619740  0.725599  0.905842
   963.270020  0.263492  0.517615  0.624382  0.731150  0.916621
   966.729980  0.267066  0.520935  0.628434  0.735933  0.921955
   970.190002  0.266955  0.524277  0.632551  0.740824  0.928522
   973.650024  0.270698  0.527237  0.636035  0.744833  0.928423
   977.109985  0.271544  0.530205  0.639678  0.749151  0.940702
   980.580017  0.274114  0.533333  0.643310  0.753288  0.943538
   984.039978  0.276257  0.536361  0.646955  0.757549  0.948358
   987.510010  0.277637  0.539269  0.650367  0.761465  0.952667
   990.969971  0.281375  0.542366  0.653972  0.765578  0.957555
   994.429993  0.282960  0.545379  0.657561  0.769743  0.963831
   997.900024  0.283728  0.548633  0.661307  0.773981  0.973378
  1001.369995  0.285207  0.551626  0.664834  0.778042  0.973783
  1004.830017  0.287839  0.554673  0.668411  0.782150  0.979599
  1008.299988  0.288273  0.557706  0.671981  0.786255  0.986852
  1011.770020  0.292706  0.560978  0.675724  0.790470  0.990280
  1015.239990  0.293123  0.563904  0.679177  0.794450  0.996348
  1018.710022  0.294129  0.566800  0.682599  0.798397  1.000499
  1022.179993  0.297206  0.569932  0.686262  0.802592  1.006271
  1025.650024  0.299026  0.573023  0.689879  0.806734  1.012537
  1029.119995  0.300611  0.575928  0.693338  0.810748  1.017081
  1032.589966  0.303059  0.578993  0.696891  0.814790  1.023474
  1036.060059  0.302374  0.581892  0.700262  0.818633  1.027484
  1039.530029  0.305176  0.584761  0.703682  0.822603  1.032738
  1043.000000  0.307282  0.587743  0.707173  0.826603  1.037165
  1046.479980  0.310258  0.590832  0.710703  0.830574  1.041706
  1049.949951  0.312814  0.593624  0.713999  0.834374  1.047471
  1053.430054  0.315659  0.596303  0.717147  0.837992  1.053945
  1056.900024  0.315734  0.599019  0.720377  0.841735  1.058912
  1060.380005  0.318214  0.601771  0.723597  0.845423  1.062580
  1063.849976  0.318977  0.604490  0.726795  0.849100  1.066069
  1067.329956  0.320087  0.607144  0.729930  0.852717  1.070469
  1070.810059  0.320480  0.609772  0.733010  0.856247  1.075987
  1074.290039  0.323341  0.612448  0.736153  0.859857  1.080537
  1077.760010  0.327190  0.614979  0.739136  0.863293  1.084379
  1081.239990  0.326812  0.617452  0.742061  0.866671  1.091568
  1084.719971  0.327560  0.619880  0.744892  0.869904  1.095892
  1088.199951  0.329064  0.622149  0.747550  0.872951  1.097567
  1091.680054  0.331412  0.624328  0.750158  0.875987  1.100979
  1095.170044  0.332089  0.626519  0.752758  0.878996  1.104564
  1098.650024  0.332709  0.628677  0.755293  0.881909  1.108173
  1102.130005  0.333786  0.630542  0.757518  0.884494  1.111109
  1105.609985  0.335162  0.632233  0.759545  0.886856  1.112616
  1109.099976  0.336057  0.633870  0.761471  0.889071  1.113138
  1112.579956  0.337309  0.635466  0.763424  0.891381  1.114933
  1116.069946  0.339161  0.636964  0.765254  0.893544  1.116298
  1119.550049  0.339005  0.638402  0.766986  0.895569  1.115879
  1123.040039  0.339367  0.639520  0.768392  0.897263  1.115694
  1126.520020  0.338476  0.640318  0.769400  0.898483  1.116921
  1130.010010  0.339581  0.640450  0.769763  0.899076  1.118519
  1133.500000  0.339157  0.639915  0.769487  0.899058  1.122851
  1136.989990  0.336091  0.638809  0.768764  0.898719  1.121822
  1140.469971  0.333890  0.637946  0.768313  0.898681  1.122815
  1143.959961  0.334319  0.637612  0.768344  0.899075  1.122697
  1147.449951  0.333314  0.638208  0.769047  0.899886  1.124506
  1150.939941  0.336527  0.639487  0.770158  0.900828  1.125449
  1154.430054  0.337764  0.640920  0.771297  0.901674  1.127571
  1157.930054  0.338420  0.641646  0.771786  0.901926  1.123767
  1161.420044  0.339420  0.641675  0.771551  0.901427  1.120880
  1164.910034  0.339651  0.641047  0.770760  0.900473  1.119752
  1168.400024  0.339317  0.640428  0.769989  0.899549  1.118965
  1171.900024  0.339180  0.639752  0.769177  0.898603  1.116402
  1175.390015  0.338918  0.638992  0.768287  0.897582  1.115944
  1178.890015  0.337454  0.638261  0.767449  0.896637  1.117315
  1182.380005  0.338653  0.637803  0.766890  0.895977  1.114109
  1185.880005  0.338106  0.637613  0.766773  0.895933  1.116649
  1189.369995  0.334889  0.637938  0.767227  0.896516  1.116050
  1192.869995  0.337392  0.638663  0.768213  0.897763  1.117685
  1196.369995  0.338531  0.639822  0.769660  0.899499  1.120869
  1199.869995  0.339397  0.641066  0.771242  0.901417  1.121977
  1203.369995  0.337937  0.642434  0.772962  0.903491  1.125343
  1206.869995  0.339905  0.643997  0.774799  0.905600  1.129594
  1210.369995  0.340032  0.645727  0.776897  0.908067  1.132976
  1213.869995  0.341047  0.647845  0.779427  0.911010  1.138201
  1217.369995  0.345120  0.650393  0.782397  0.914400  1.140319
  1220.869995  0.341657  0.652972  0.785455  0.917937  1.143580
  1224.369995  0.348188  0.655700  0.788641  0.921582  1.144715
  1227.869995  0.347827  0.658356  0.791755  0.925153  1.151615
  1231.380005  0.353312  0.660916  0.794730  0.928543  1.156903
  1234.880005  0.350555  0.663238  0.797514  0.931789  1.163143
  1238.390015  0.353849  0.665558  0.800196  0.934835  1.169104
  1241.890015  0.353145  0.667528  0.802630  0.937733  1.173484
  1245.400024  0.356698  0.669468  0.804935  0.940401  1.179550
  1248.900024  0.357015  0.671202  0.807089  0.942975  1.181087
  1252.410034  0.357931  0.672916  0.809045  0.945173  1.184500
  1255.920044  0.359685  0.674448  0.810908  0.947369  1.187332
  1259.420044  0.361933  0.675746  0.812528  0.949310  1.191306
  1262.930054  0.362051  0.677076  0.814127  0.951179  1.195830
  1266.439941  0.362018  0.678498  0.815781  0.953064  1.199148
  1269.949951  0.362076  0.679641  0.817268  0.954895  1.200863
  1273.459961  0.364003  0.681074  0.818949  0.956824  1.202714
  1276.969971  0.363939  0.682275  0.820526  0.958777  1.206863
  1280.479980  0.363777  0.683660  0.822179  0.960699  1.211563
  1283.989990  0.365572  0.684909  0.823759  0.962609  1.215093
  1287.510010  0.364605  0.686322  0.825489  0.964655  1.214543
  1291.020020  0.367015  0.687425  0.826912  0.966398  1.216979
  1294.530029  0.364669  0.688585  0.828263  0.967941  1.219691
  1298.050049  0.366843  0.689398  0.829413  0.969429  1.217083
  1301.560059  0.367009  0.690344  0.830487  0.970630  1.218994
  1305.079956  0.368915  0.691098  0.831458  0.971818  1.219416
  1308.589966  0.367484  0.691776  0.832301  0.972826  1.228004
  1312.109985  0.370800  0.691901  0.832598  0.973296  1.223699
  1315.619995  0.368878  0.692002  0.832781  0.973560  1.229452
  1319.140015  0.370453  0.691724  0.832573  0.973421  1.227459
  1322.660034  0.366334  0.691308  0.832084  0.972860  1.226209
  1326.180054  0.367725  0.690158  0.830903  0.971648  1.220208
  1329.699951  0.366058  0.688641  0.829197  0.969754  1.219127
  1333.219971  0.362567  0.686314  0.826612  0.966911  1.216713
  1336.739990  0.361148  0.683610  0.823556  0.963502  1.214154
  1340.260010  0.359199  0.680377  0.819927  0.959477  1.203846
  1343.780029  0.357623  0.676870  0.815846  0.954822  1.196827
  1347.300049  0.356947  0.672677  0.811083  0.949489  1.188424
  1350.819946  0.351895  0.668529  0.806347  0.944164  1.182893
  1354.349976  0.349370  0.664505  0.801654  0.938802  1.176401
  1357.869995  0.345467  0.660832  0.797347  0.933861  1.168433
  1361.390015  0.343876  0.657316  0.793274  0.929233  1.161231
  1364.920044  0.339570  0.653948  0.789433  0.924918  1.157021
  1368.439941  0.338902  0.650544  0.785710  0.920877  1.149878
  1371.969971  0.335203  0.647582  0.782409  0.917235  1.144178
  1375.500000  0.332683  0.645111  0.779707  0.914304  1.140846
  1379.020020  0.335468  0.643064  0.777309  0.911554  1.135559
  1382.550049  0.331641  0.640602  0.774403  0.908205  1.129258
  1386.079956  0.330138  0.637241  0.770765  0.904288  1.125905
  1389.609985  0.327536  0.633262  0.766256  0.899250  1.121196
  1393.140015  0.324022  0.628610  0.760762  0.892915  1.113222
  1396.670044  0.318070  0.622767  0.754059  0.885351  1.104065
  1400.199951  0.319835  0.616354  0.746498  0.876642  1.101957
  1403.729980  0.308877  0.608602  0.737376  0.866150  1.077177
  1407.260010  0.307850  0.599589  0.726909  0.854228  1.060552
  1410.790039  0.300810  0.589399  0.715100  0.840801  1.049114
  1414.319946  0.294963  0.578482  0.702382  0.826281  1.027503
  1417.859985  0.282914  0.566918  0.688885  0.810852  1.009933
  1421.390015  0.278981  0.555648  0.675501  0.795354  0.989624
  1424.920044  0.271890  0.544263  0.662215  0.780167  0.969252
  1428.459961  0.267076  0.533982  0.650015  0.766048  0.952358
  1431.989990  0.259650  0.524497  0.638884  0.753270  0.934632
  1435.530029  0.257198  0.516594  0.629504  0.742415  0.921310
  1439.069946  0.251788  0.509812  0.621576  0.733339  0.910629
  1442.599976  0.249947  0.504421  0.615215  0.726010  0.901759
  1446.140015  0.248728  0.500081  0.610131  0.720181  0.895975
  1449.680054  0.246382  0.496662  0.606169  0.715675  0.892766
  1453.219971  0.242979  0.494135  0.603195  0.712256  0.883092
  1456.760010  0.243328  0.492301  0.601123  0.709946  0.882462
  1460.300049  0.239922  0.490453  0.599100  0.707747  0.883625
  1463.839966  0.242203  0.489578  0.598077  0.706575  0.879392
  1467.380005  0.233565  0.488943  0.597436  0.705930  0.877548
  1470.920044  0.240376  0.488770  0.597347  0.705924  0.878413
  1474.459961  0.238795  0.488667  0.597423  0.706179  0.879032
  1478.010010  0.239886  0.489271  0.598137  0.707002  0.880248
  1481.550049  0.240287  0.489650  0.598765  0.707879  0.884192
  1485.089966  0.240511  0.490312  0.599588  0.708864  0.881771
  1488.640015  0.239528  0.490533  0.600077  0.709621  0.886616
  1492.180054  0.240621  0.491351  0.601052  0.710752  0.889541
  1495.729980  0.242610  0.492016  0.602032  0.712048  0.892168
  1499.270020  0.240948  0.493176  0.603457  0.713738  0.893873
  1502.819946  0.240980  0.494270  0.604841  0.715412  0.896289
  1506.369995  0.238833  0.495316  0.606237  0.717158  0.899273
  1509.910034  0.243460  0.496315  0.607570  0.718826  0.905176
  1513.459961  0.240540  0.497325  0.608890  0.720456  0.905968
  1517.010010  0.243742  0.498085  0.609928  0.721772  0.909863
  1520.560059  0.242172  0.498874  0.611024  0.723173  0.911903
  1524.109985  0.245009  0.499543  0.611945  0.724347  0.914101
  1527.660034  0.241439  0.500019  0.612625  0.725231  0.916100
  1531.209961  0.243035  0.500027  0.612846  0.725666  0.916180
  1534.760010  0.241726  0.500394  0.613256  0.726117  0.918369
  1538.319946  0.241936  0.500119  0.613150  0.726181  0.920660
  1541.869995  0.239079  0.499962  0.612986  0.726009  0.923238
  1545.420044  0.241752  0.499302  0.612324  0.725346  0.920612
  1548.979980  0.241437  0.498649  0.611666  0.724684  0.920296
  1552.530029  0.240191  0.497757  0.610735  0.723714  0.920468
  1556.089966  0.238211  0.496883  0.609832  0.722781  0.918989
  1559.640015  0.237916  0.495814  0.608731  0.721648  0.919713
  1563.199951  0.235671  0.494933  0.607832  0.720731  0.918147
  1566.750000  0.236659  0.494019  0.606822  0.719624  0.917397
  1570.310059  0.236461  0.493108  0.605874  0.718640  0.918537
  1573.869995  0.235884  0.492293  0.605041  0.717789  0.914823
  1577.430054  0.236340  0.491895  0.604648  0.717402  0.916196
  1580.989990  0.233262  0.491217  0.603964  0.716711  0.913115
  1584.550049  0.235015  0.490815  0.603593  0.716370  0.912710
  1588.109985  0.231502  0.490189  0.603101  0.716014  0.911948
  1591.670044  0.234310  0.490292  0.603190  0.716088  0.912096
  1595.229980  0.231811  0.489863  0.602896  0.715929  0.906795
  1598.790039  0.233231  0.489649  0.602786  0.715924  0.911584
  1602.349976  0.229349  0.489277  0.602432  0.715588  0.908200
  1605.920044  0.232013  0.488973  0.602147  0.715322  0.909032
  1609.479980  0.230015  0.488392  0.601613  0.714833  0.901803
  1613.040039  0.231521  0.487573  0.600774  0.713975  0.896585
  1616.609985  0.229906  0.486410  0.599624  0.712838  0.888990
  1620.170044  0.228786  0.485045  0.598152  0.711260  0.879739
  1623.739990  0.224557  0.482821  0.595944  0.709067  0.878760
  1627.310059  0.223039  0.480679  0.593870  0.707060  0.878708
  1630.869995  0.220274  0.478228  0.591591  0.704954  0.878849
  1634.439941  0.218303  0.476413  0.590006  0.703599  0.875965
  1638.010010  0.215425  0.474798  0.588567  0.702336  0.874469
  1641.579956  0.213405  0.474148  0.588116  0.702084  0.874522
  1645.150024  0.212042  0.473856  0.587904  0.701951  0.870756
  1648.709961  0.211137  0.473706  0.587655  0.701604  0.871098
  1652.290039  0.212437  0.473333  0.587070  0.700807  0.869610
  1655.859985  0.205394  0.471006  0.584845  0.698685  0.869828
  1659.430054  0.200425  0.466005  0.580584  0.695162  0.865488
  1663.000000  0.194654  0.458399  0.574813  0.691226  0.864413
  1666.569946  0.184489  0.448729  0.568115  0.687501  0.856732
  1670.140015  0.173679  0.437988  0.561190  0.684391  0.854097
  1673.719971  0.168741  0.428420  0.555044  0.681668  0.848686
  1677.290039  0.162015  0.421615  0.550226  0.678837  0.841446
  1680.869995  0.166126  0.417779  0.546707  0.675634  0.832328
  1684.439941  0.163314  0.416189  0.543730  0.671272  0.834113
  1688.020020  0.168293  0.415301  0.540360  0.665418  0.827968
  1691.589966  0.155714  0.413977  0.536110  0.658242  0.821458
  1695.170044  0.170446  0.413653  0.532238  0.650823  0.805539
  1698.750000  0.168110  0.413832  0.528059  0.642285  0.804011
  1702.329956  0.180927  0.415564  0.525007  0.634449  0.793140
  1705.910034  0.178259  0.415568  0.521218  0.626868  0.791801
  1709.489990  0.182286  0.414850  0.516975  0.619099  0.782517
  1713.069946  0.173016  0.412251  0.511108  0.609966  0.770655
  1716.650024  0.186012  0.409090  0.504414  0.599738  0.761199
  1720.229980  0.180478  0.403439  0.496085  0.588731  0.758224
