ENVI ASCII Plot File [Sun Apr 06 16:33:16 2025]
Column 1: Wavelength
Column 2: Min: ROI #38~~2##255,0,0
Column 3: Mean-StdDev: ROI #38~~21##0,200,0
Column 4: Mean: ROI #38~~0##0,0,0
Column 5: Mean+StdDev: ROI #38~~21##0,200,0
Column 6: Max: ROI #38~~2##255,0,0
   935.609985  0.260679  0.468079  0.544560  0.621040  0.754258
   939.059998  0.264130  0.470944  0.547520  0.624096  0.745509
   942.520020  0.214040  0.490493  0.577094  0.663694  0.789503
   945.979980  0.210531  0.505064  0.600576  0.696088  0.841806
   949.429993  0.203858  0.513794  0.615808  0.717823  0.885488
   952.890015  0.204195  0.521589  0.626529  0.731469  0.904399
   956.349976  0.204843  0.526732  0.633607  0.740482  0.923461
   959.809998  0.208700  0.530872  0.638709  0.746546  0.924859
   963.270020  0.207699  0.534513  0.643223  0.751933  0.938659
   966.729980  0.215014  0.537622  0.647001  0.756380  0.944104
   970.190002  0.216286  0.540830  0.650906  0.760983  0.952891
   973.650024  0.216523  0.543578  0.654121  0.764664  0.956998
   977.109985  0.218207  0.546353  0.657518  0.768682  0.965494
   980.580017  0.217564  0.549311  0.660983  0.772655  0.971482
   984.039978  0.217904  0.552121  0.664326  0.776532  0.974100
   987.510010  0.221015  0.554742  0.667490  0.780238  0.978153
   990.969971  0.226070  0.557552  0.670780  0.784009  0.985771
   994.429993  0.225138  0.560323  0.674073  0.787823  0.990231
   997.900024  0.227579  0.563316  0.677564  0.791812  0.993970
  1001.369995  0.228010  0.566035  0.680786  0.795537  1.000195
  1004.830017  0.231083  0.568804  0.684068  0.799332  1.005221
  1008.299988  0.231694  0.571639  0.687421  0.803203  1.008338
  1011.770020  0.234734  0.574659  0.690905  0.807152  1.018485
  1015.239990  0.236563  0.577388  0.694134  0.810881  1.021013
  1018.710022  0.240089  0.580019  0.697236  0.814453  1.022350
  1022.179993  0.241198  0.582837  0.700574  0.818310  1.027901
  1025.650024  0.242876  0.585675  0.703929  0.822182  1.033353
  1029.119995  0.243246  0.588360  0.707129  0.825898  1.038952
  1032.589966  0.244798  0.591164  0.710439  0.829715  1.043250
  1036.060059  0.247926  0.593784  0.713550  0.833316  1.050204
  1039.530029  0.249796  0.596450  0.716695  0.836941  1.054027
  1043.000000  0.250729  0.599153  0.719873  0.840594  1.058119
  1046.479980  0.253172  0.601938  0.723110  0.844282  1.062827
  1049.949951  0.253470  0.604538  0.726175  0.847812  1.067955
  1053.430054  0.253991  0.607074  0.729139  0.851203  1.071435
  1056.900024  0.255852  0.609566  0.732111  0.854656  1.076446
  1060.380005  0.258260  0.612049  0.735061  0.858073  1.080028
  1063.849976  0.260247  0.614556  0.738014  0.861471  1.085489
  1067.329956  0.261311  0.616965  0.740872  0.864779  1.090003
  1070.810059  0.263933  0.619355  0.743678  0.868001  1.093111
  1074.290039  0.265748  0.621802  0.746544  0.871286  1.098378
  1077.760010  0.266839  0.624023  0.749237  0.874450  1.103447
  1081.239990  0.267526  0.626215  0.751845  0.877475  1.107646
  1084.719971  0.269864  0.628396  0.754424  0.880453  1.110740
  1088.199951  0.271763  0.630397  0.756822  0.883246  1.114109
  1091.680054  0.270686  0.632286  0.759090  0.885895  1.117133
  1095.170044  0.271336  0.634106  0.761299  0.888491  1.121748
  1098.650024  0.274541  0.635870  0.763411  0.890952  1.125128
  1102.130005  0.275171  0.637404  0.765243  0.893081  1.127557
  1105.609985  0.276002  0.638733  0.766830  0.894926  1.128900
  1109.099976  0.278278  0.639904  0.768263  0.896622  1.131729
  1112.579956  0.278747  0.641047  0.769660  0.898273  1.134063
  1116.069946  0.279257  0.642132  0.771005  0.899879  1.132173
  1119.550049  0.280165  0.643066  0.772168  0.901270  1.128106
  1123.040039  0.282274  0.643653  0.772967  0.902281  1.125326
  1126.520020  0.282062  0.643841  0.773281  0.902721  1.118555
  1130.010010  0.281853  0.643307  0.772820  0.902333  1.120602
  1133.500000  0.280150  0.642073  0.771673  0.901273  1.119711
  1136.989990  0.280045  0.640150  0.769933  0.899716  1.120025
  1140.469971  0.279459  0.638466  0.768504  0.898542  1.121335
  1143.959961  0.278399  0.637557  0.767822  0.898086  1.119716
  1147.449951  0.278442  0.637824  0.768094  0.898364  1.119911
  1150.939941  0.279159  0.638939  0.769017  0.899095  1.118809
  1154.430054  0.279595  0.640226  0.770004  0.899781  1.116466
  1157.930054  0.279343  0.640611  0.770173  0.899734  1.115758
  1161.420044  0.279998  0.640252  0.769501  0.898749  1.111466
  1164.910034  0.278743  0.639215  0.768256  0.897297  1.110632
  1168.400024  0.278799  0.638221  0.767018  0.895815  1.114104
  1171.900024  0.275127  0.637104  0.765695  0.894287  1.115152
  1175.390015  0.274130  0.635965  0.764315  0.892666  1.113986
  1178.890015  0.274622  0.634888  0.763064  0.891241  1.111094
  1182.380005  0.275532  0.634039  0.762086  0.890134  1.109305
  1185.880005  0.272804  0.633624  0.761622  0.889620  1.106299
  1189.369995  0.276002  0.633727  0.761844  0.889960  1.101852
  1192.869995  0.275540  0.634311  0.762662  0.891013  1.105863
  1196.369995  0.276724  0.635360  0.763975  0.892589  1.109220
  1199.869995  0.276986  0.636485  0.765398  0.894311  1.109324
  1203.369995  0.278237  0.637769  0.767019  0.896269  1.113026
  1206.869995  0.277185  0.639103  0.768727  0.898351  1.113011
  1210.369995  0.280489  0.640799  0.770770  0.900741  1.114574
  1213.869995  0.281474  0.642975  0.773345  0.903714  1.119492
  1217.369995  0.283670  0.645548  0.776422  0.907295  1.122488
  1220.869995  0.284364  0.648202  0.779612  0.911022  1.128607
  1224.369995  0.288080  0.651045  0.782930  0.914816  1.136019
  1227.869995  0.288387  0.653659  0.786115  0.918571  1.145848
  1231.380005  0.288420  0.656299  0.789153  0.922006  1.151781
  1234.880005  0.292049  0.658490  0.791842  0.925193  1.158882
  1238.390015  0.293731  0.660771  0.794447  0.928124  1.163802
  1241.890015  0.294772  0.662641  0.796741  0.930842  1.171059
  1245.400024  0.296254  0.664413  0.798858  0.933303  1.176195
  1248.900024  0.297295  0.666011  0.800813  0.935616  1.181042
  1252.410034  0.297479  0.667371  0.802485  0.937600  1.182801
  1255.920044  0.298950  0.668731  0.804139  0.939546  1.185723
  1259.420044  0.297189  0.669809  0.805542  0.941275  1.188652
  1262.930054  0.297074  0.670854  0.806831  0.942809  1.189854
  1266.439941  0.299508  0.672097  0.808234  0.944372  1.195225
  1269.949951  0.298845  0.672887  0.809380  0.945873  1.196923
  1273.459961  0.302485  0.674021  0.810704  0.947387  1.198702
  1276.969971  0.304487  0.674956  0.811922  0.948888  1.199689
  1280.479980  0.303596  0.676152  0.813345  0.950538  1.203799
  1283.989990  0.304953  0.677133  0.814667  0.952201  1.206896
  1287.510010  0.305266  0.678337  0.816086  0.953835  1.209890
  1291.020020  0.306087  0.679121  0.817210  0.955299  1.211822
  1294.530029  0.306355  0.680147  0.818380  0.956612  1.214909
  1298.050049  0.307067  0.680696  0.819214  0.957732  1.213935
  1301.560059  0.307777  0.681358  0.820002  0.958646  1.216959
  1305.079956  0.307161  0.681906  0.820673  0.959441  1.215464
  1308.589966  0.307732  0.682303  0.821196  0.960089  1.218837
  1312.109985  0.307994  0.682206  0.821243  0.960279  1.220093
  1315.619995  0.306028  0.682053  0.821153  0.960253  1.217488
  1319.140015  0.308051  0.681471  0.820598  0.959725  1.213174
  1322.660034  0.307610  0.680851  0.819799  0.958747  1.212252
  1326.180054  0.305548  0.679322  0.818185  0.957048  1.208768
  1329.699951  0.302854  0.677441  0.816084  0.954727  1.206342
  1333.219971  0.304790  0.674671  0.812949  0.951227  1.202488
  1336.739990  0.298569  0.671583  0.809406  0.947228  1.196481
  1340.260010  0.298230  0.668111  0.805427  0.942744  1.188580
  1343.780029  0.293476  0.664334  0.800998  0.937662  1.177528
  1347.300049  0.290652  0.659867  0.795862  0.931857  1.174054
  1350.819946  0.285210  0.655530  0.790799  0.926068  1.163105
  1354.349976  0.285878  0.651408  0.785946  0.920484  1.159425
  1357.869995  0.279474  0.647522  0.781391  0.915261  1.153674
  1361.390015  0.281289  0.643869  0.777123  0.910378  1.144984
  1364.920044  0.274621  0.640384  0.773101  0.905817  1.136249
  1368.439941  0.274147  0.636868  0.769132  0.901396  1.128534
  1371.969971  0.270433  0.633696  0.765537  0.897377  1.118989
  1375.500000  0.268262  0.631095  0.762601  0.894107  1.114341
  1379.020020  0.266578  0.628875  0.759905  0.890935  1.107256
  1382.550049  0.264994  0.626082  0.756661  0.887241  1.101903
  1386.079956  0.260475  0.622615  0.752844  0.883074  1.097520
  1389.609985  0.258413  0.618408  0.748012  0.877616  1.087756
  1393.140015  0.255806  0.613745  0.742351  0.870956  1.078655
  1396.670044  0.252048  0.608043  0.735721  0.863398  1.070619
  1400.199951  0.247727  0.601848  0.728429  0.855010  1.060915
  1403.729980  0.243325  0.594385  0.719679  0.844973  1.048610
  1407.260010  0.238767  0.585986  0.709797  0.833608  1.032512
  1410.790039  0.233025  0.576509  0.698756  0.821004  1.018464
  1414.319946  0.226687  0.566331  0.686866  0.807402  0.998687
  1417.859985  0.219351  0.555785  0.674413  0.793040  0.979423
  1421.390015  0.213527  0.545392  0.662014  0.778636  0.962795
  1424.920044  0.205197  0.535080  0.649925  0.764771  0.945916
  1428.459961  0.202030  0.525905  0.638938  0.751970  0.931728
  1431.989990  0.194381  0.517413  0.628906  0.740399  0.915431
  1435.530029  0.192525  0.510311  0.620513  0.730716  0.902921
  1439.069946  0.189558  0.504419  0.613446  0.722473  0.890434
  1442.599976  0.186389  0.499430  0.607604  0.715778  0.882258
  1446.140015  0.185304  0.495540  0.602995  0.710450  0.873509
  1449.680054  0.184857  0.492325  0.599248  0.706171  0.868030
  1453.219971  0.180584  0.489829  0.596373  0.702917  0.865529
  1456.760010  0.181179  0.488020  0.594190  0.700361  0.860813
  1460.300049  0.177649  0.486144  0.592100  0.698055  0.862776
  1463.839966  0.177137  0.485149  0.590944  0.696739  0.860716
  1467.380005  0.174887  0.484308  0.590011  0.695714  0.859033
  1470.920044  0.175208  0.483974  0.589693  0.695411  0.858039
  1474.459961  0.174269  0.483610  0.589461  0.695312  0.861944
  1478.010010  0.178356  0.483955  0.589847  0.695740  0.861713
  1481.550049  0.177562  0.483959  0.590024  0.696089  0.861959
  1485.089966  0.178406  0.484258  0.590443  0.696628  0.861654
  1488.640015  0.175849  0.484172  0.590516  0.696861  0.860913
  1492.180054  0.175343  0.484619  0.591128  0.697636  0.866241
  1495.729980  0.176055  0.484938  0.591631  0.698324  0.864570
  1499.270020  0.177031  0.485764  0.592698  0.699633  0.869252
  1502.819946  0.177970  0.486526  0.593667  0.700809  0.872913
  1506.369995  0.174223  0.487365  0.594842  0.702318  0.874329
  1509.910034  0.178341  0.488207  0.595907  0.703607  0.874052
  1513.459961  0.176107  0.488987  0.596966  0.704946  0.875876
  1517.010010  0.176700  0.489572  0.597791  0.706009  0.879143
  1520.560059  0.176314  0.490265  0.598752  0.707240  0.882890
  1524.109985  0.177959  0.490744  0.599491  0.708239  0.883540
  1527.660034  0.173885  0.491201  0.600127  0.709053  0.887381
  1531.209961  0.176733  0.491061  0.600203  0.709345  0.886463
  1534.760010  0.176549  0.491302  0.600513  0.709724  0.886731
  1538.319946  0.176249  0.491068  0.600365  0.709663  0.887782
  1541.869995  0.172741  0.490841  0.600159  0.709478  0.888327
  1545.420044  0.177950  0.490292  0.599587  0.708881  0.885218
  1548.979980  0.174427  0.489674  0.598926  0.708178  0.886031
  1552.530029  0.176194  0.488768  0.598009  0.707249  0.885356
  1556.089966  0.172701  0.487923  0.597137  0.706350  0.885213
  1559.640015  0.173791  0.486891  0.596015  0.705139  0.882631
  1563.199951  0.171234  0.485978  0.595077  0.704176  0.880588
  1566.750000  0.173807  0.484995  0.594007  0.703019  0.878283
  1570.310059  0.170982  0.483934  0.592970  0.702005  0.877177
  1573.869995  0.169537  0.483095  0.592037  0.700979  0.875270
  1577.430054  0.167963  0.482618  0.591511  0.700404  0.874949
  1580.989990  0.169254  0.481701  0.590588  0.699474  0.877900
  1584.550049  0.168180  0.481098  0.589979  0.698860  0.876312
  1588.109985  0.170376  0.480300  0.589240  0.698179  0.871475
  1591.670044  0.165939  0.480309  0.589212  0.698115  0.869724
  1595.229980  0.165642  0.479551  0.588523  0.697495  0.870768
  1598.790039  0.166682  0.479195  0.588128  0.697062  0.867075
  1602.349976  0.166729  0.478540  0.587526  0.696512  0.869717
  1605.920044  0.164776  0.477823  0.586775  0.695728  0.862475
  1609.479980  0.164238  0.477071  0.586019  0.694967  0.861579
  1613.040039  0.165427  0.475886  0.584730  0.693574  0.856967
  1616.609985  0.161132  0.474389  0.583059  0.691728  0.854401
  1620.170044  0.165099  0.472579  0.581050  0.689521  0.851014
  1623.739990  0.159600  0.469917  0.578231  0.686545  0.850573
  1627.310059  0.160147  0.467361  0.575595  0.683830  0.844144
  1630.869995  0.157220  0.464443  0.572716  0.680990  0.840386
  1634.439941  0.159183  0.462071  0.570457  0.678843  0.842047
  1638.010010  0.155219  0.459915  0.568452  0.676989  0.842273
  1641.579956  0.157735  0.458928  0.567459  0.675990  0.837896
  1645.150024  0.154140  0.458164  0.566713  0.675262  0.835616
  1648.709961  0.153764  0.457735  0.566157  0.674579  0.834907
  1652.290039  0.149908  0.457076  0.565218  0.673361  0.832217
  1655.859985  0.152046  0.454252  0.562430  0.670607  0.828855
  1659.430054  0.150920  0.448589  0.557471  0.666354  0.825200
  1663.000000  0.147222  0.439940  0.550830  0.661720  0.820338
  1666.569946  0.146061  0.429023  0.543382  0.657740  0.813580
  1670.140015  0.141949  0.416952  0.535666  0.654381  0.807256
  1673.719971  0.140509  0.406334  0.529028  0.651722  0.805004
  1677.290039  0.141394  0.398983  0.524068  0.649153  0.797296
  1680.869995  0.137589  0.395201  0.520615  0.646028  0.801355
  1684.439941  0.134505  0.393623  0.517789  0.641954  0.794368
  1688.020020  0.134382  0.393114  0.514796  0.636479  0.788639
  1691.589966  0.133511  0.392676  0.511121  0.629566  0.777557
  1695.170044  0.133507  0.393161  0.507817  0.622473  0.772307
  1698.750000  0.126312  0.394832  0.504829  0.614825  0.762769
  1702.329956  0.137616  0.397223  0.502458  0.607693  0.747783
  1705.910034  0.145625  0.398671  0.499724  0.600777  0.734607
  1709.489990  0.150351  0.398301  0.496117  0.593933  0.726484
  1713.069946  0.131874  0.395861  0.490958  0.586055  0.717988
  1716.650024  0.157929  0.392472  0.484551  0.576631  0.718029
  1720.229980  0.152960  0.387776  0.477414  0.567052  0.696927
