ENVI ASCII Plot File [Sun Apr 06 16:27:58 2025]
Column 1: Wavelength
Column 2: Min: ROI #32~~2##255,0,0
Column 3: Mean-StdDev: ROI #32~~21##0,200,0
Column 4: Mean: ROI #32~~0##0,0,0
Column 5: Mean+StdDev: ROI #32~~21##0,200,0
Column 6: Max: ROI #32~~2##255,0,0
   935.609985  0.234631  0.489079  0.560974  0.632869  0.800516
   939.059998  0.229229  0.492074  0.563901  0.635729  0.796157
   942.520020  0.219479  0.511818  0.593892  0.675967  0.858098
   945.979980  0.189604  0.525683  0.617615  0.709546  0.893641
   949.429993  0.171601  0.535627  0.633946  0.732264  0.941480
   952.890015  0.172990  0.543688  0.644988  0.746289  0.958978
   956.349976  0.166609  0.549119  0.652433  0.755747  0.982371
   959.809998  0.168100  0.553405  0.657696  0.761988  0.982627
   963.270020  0.165407  0.556984  0.662116  0.767247  0.992021
   966.729980  0.171253  0.560259  0.666114  0.771969  0.997467
   970.190002  0.170419  0.563655  0.670147  0.776640  1.003381
   973.650024  0.172425  0.566445  0.673379  0.780313  1.010019
   977.109985  0.173524  0.569330  0.676806  0.784281  1.013891
   980.580017  0.178306  0.572261  0.680206  0.788151  1.018327
   984.039978  0.175587  0.575203  0.683619  0.792035  1.021147
   987.510010  0.178705  0.577970  0.686810  0.795650  1.027499
   990.969971  0.180679  0.580858  0.690109  0.799359  1.031382
   994.429993  0.185366  0.583766  0.693480  0.803194  1.037361
   997.900024  0.184562  0.586782  0.696948  0.807114  1.040837
  1001.369995  0.186692  0.589585  0.700206  0.810827  1.048808
  1004.830017  0.188671  0.592530  0.703555  0.814580  1.050955
  1008.299988  0.191429  0.595445  0.706932  0.818419  1.056854
  1011.770020  0.193174  0.598550  0.710469  0.822388  1.061293
  1015.239990  0.194758  0.601420  0.713786  0.826151  1.068052
  1018.710022  0.197126  0.604262  0.717027  0.829793  1.069699
  1022.179993  0.199060  0.607203  0.720406  0.833608  1.077187
  1025.650024  0.199941  0.610126  0.723760  0.837394  1.080121
  1029.119995  0.200119  0.612931  0.727072  0.841214  1.084981
  1032.589966  0.203794  0.615922  0.730442  0.844962  1.089312
  1036.060059  0.205791  0.618614  0.733575  0.848535  1.095902
  1039.530029  0.207910  0.621358  0.736787  0.852216  1.100442
  1043.000000  0.210057  0.624168  0.740037  0.855907  1.104829
  1046.479980  0.211991  0.627039  0.743260  0.859480  1.109109
  1049.949951  0.212951  0.629680  0.746318  0.862957  1.112514
  1053.430054  0.215977  0.632259  0.749302  0.866345  1.116424
  1056.900024  0.216940  0.634867  0.752319  0.869772  1.120454
  1060.380005  0.219492  0.637431  0.755287  0.873142  1.125021
  1063.849976  0.220342  0.639992  0.758261  0.876531  1.129780
  1067.329956  0.221800  0.642523  0.761176  0.879830  1.135312
  1070.810059  0.222404  0.645030  0.764041  0.883052  1.140065
  1074.290039  0.223913  0.647470  0.766904  0.886338  1.143813
  1077.760010  0.228102  0.649784  0.769603  0.889422  1.148631
  1081.239990  0.229550  0.652112  0.772272  0.892433  1.153324
  1084.719971  0.230288  0.654374  0.774915  0.895456  1.156396
  1088.199951  0.233006  0.656468  0.777344  0.898220  1.159367
  1091.680054  0.234656  0.658424  0.779623  0.900821  1.161519
  1095.170044  0.234772  0.660424  0.781929  0.903434  1.163877
  1098.650024  0.236251  0.662361  0.784111  0.905860  1.167990
  1102.130005  0.238279  0.663994  0.786008  0.908022  1.171366
  1105.609985  0.240315  0.665468  0.787695  0.909923  1.174203
  1109.099976  0.240995  0.666830  0.789222  0.911614  1.174755
  1112.579956  0.242818  0.668138  0.790713  0.913287  1.175345
  1116.069946  0.243285  0.669360  0.792076  0.914793  1.173576
  1119.550049  0.244343  0.670490  0.793295  0.916100  1.171489
  1123.040039  0.245345  0.671471  0.794250  0.917030  1.163634
  1126.520020  0.247322  0.672234  0.794767  0.917301  1.153582
  1130.010010  0.245870  0.672357  0.794559  0.916761  1.138793
  1133.500000  0.244517  0.672008  0.793710  0.915412  1.114060
  1136.989990  0.246316  0.671199  0.792372  0.913546  1.102291
  1140.469971  0.246321  0.670375  0.791242  0.912109  1.102041
  1143.959961  0.245667  0.669873  0.790750  0.911627  1.102919
  1147.449951  0.244393  0.669989  0.791081  0.912173  1.102965
  1150.939941  0.245168  0.670568  0.791981  0.913394  1.102907
  1154.430054  0.245476  0.671037  0.792853  0.914668  1.101544
  1157.930054  0.243565  0.670788  0.793080  0.915373  1.126549
  1161.420044  0.242572  0.670056  0.792542  0.915027  1.140957
  1164.910034  0.240811  0.668789  0.791391  0.913992  1.149177
  1168.400024  0.241129  0.667686  0.790242  0.912798  1.154578
  1171.900024  0.240884  0.666521  0.788995  0.911469  1.154630
  1175.390015  0.237252  0.665307  0.787683  0.910059  1.155621
  1178.890015  0.238386  0.664222  0.786470  0.908718  1.153904
  1182.380005  0.237019  0.663494  0.785591  0.907688  1.149562
  1185.880005  0.236428  0.663049  0.785093  0.907136  1.146505
  1189.369995  0.235768  0.663288  0.785302  0.907316  1.142965
  1192.869995  0.237641  0.664001  0.786052  0.908102  1.138436
  1196.369995  0.238363  0.665175  0.787296  0.909418  1.137568
  1199.869995  0.240207  0.666350  0.788670  0.910991  1.136440
  1203.369995  0.241728  0.667692  0.790217  0.912742  1.130801
  1206.869995  0.241907  0.669130  0.791903  0.914676  1.137486
  1210.369995  0.241926  0.670836  0.793901  0.916966  1.139461
  1213.869995  0.245424  0.672748  0.796252  0.919757  1.148191
  1217.369995  0.245869  0.675033  0.799033  0.923034  1.157355
  1220.869995  0.245756  0.677140  0.801775  0.926410  1.166115
  1224.369995  0.250468  0.679520  0.804683  0.929846  1.175081
  1227.869995  0.249652  0.681928  0.807604  0.933279  1.184366
  1231.380005  0.252204  0.684213  0.810364  0.936516  1.191141
  1234.880005  0.252006  0.686198  0.812847  0.939496  1.198741
  1238.390015  0.257437  0.688340  0.815400  0.942459  1.205975
  1241.890015  0.258951  0.690189  0.817636  0.945082  1.211572
  1245.400024  0.258938  0.691895  0.819680  0.947464  1.216635
  1248.900024  0.259570  0.693430  0.821641  0.949852  1.220966
  1252.410034  0.265077  0.694920  0.823351  0.951782  1.224377
  1255.920044  0.263108  0.696277  0.825061  0.953845  1.227729
  1259.420044  0.266654  0.697539  0.826575  0.955610  1.232441
  1262.930054  0.264310  0.698551  0.827858  0.957164  1.233835
  1266.439941  0.268457  0.699786  0.829272  0.958758  1.237776
  1269.949951  0.268416  0.700790  0.830565  0.960339  1.240851
  1273.459961  0.269153  0.701931  0.831918  0.961905  1.242034
  1276.969971  0.269656  0.702947  0.833212  0.963477  1.242450
  1280.479980  0.270224  0.704183  0.834719  0.965254  1.245556
  1283.989990  0.271342  0.705222  0.836092  0.966961  1.251165
  1287.510010  0.274261  0.706486  0.837567  0.968649  1.251477
  1291.020020  0.271404  0.707448  0.838841  0.970233  1.250715
  1294.530029  0.272516  0.708469  0.840036  0.971603  1.252308
  1298.050049  0.274453  0.709132  0.840886  0.972640  1.255698
  1301.560059  0.274020  0.709868  0.841716  0.973564  1.255973
  1305.079956  0.275896  0.710354  0.842404  0.974454  1.257524
  1308.589966  0.274995  0.710756  0.842964  0.975172  1.257202
  1312.109985  0.273943  0.710816  0.843125  0.975434  1.256281
  1315.619995  0.273795  0.710703  0.843069  0.975434  1.258000
  1319.140015  0.273701  0.710060  0.842426  0.974793  1.253728
  1322.660034  0.271245  0.709384  0.841606  0.973828  1.254154
  1326.180054  0.271917  0.707748  0.839907  0.972066  1.248919
  1329.699951  0.267732  0.705809  0.837769  0.969729  1.243880
  1333.219971  0.266378  0.703008  0.834718  0.966428  1.244315
  1336.739990  0.263440  0.699887  0.831146  0.962406  1.242690
  1340.260010  0.259964  0.696342  0.827171  0.957999  1.230736
  1343.780029  0.254887  0.692358  0.822542  0.952727  1.224774
  1347.300049  0.255001  0.687787  0.817462  0.947137  1.215204
  1350.819946  0.249546  0.683238  0.812329  0.941419  1.208646
  1354.349976  0.245345  0.679000  0.807527  0.936054  1.201532
  1357.869995  0.243863  0.675020  0.802954  0.930887  1.194895
  1361.390015  0.238673  0.671214  0.798563  0.925912  1.184347
  1364.920044  0.233670  0.667684  0.794534  0.921384  1.177947
  1368.439941  0.234307  0.664181  0.790675  0.917169  1.170684
  1371.969971  0.230188  0.661140  0.787228  0.913315  1.164174
  1375.500000  0.230446  0.658743  0.784505  0.910267  1.154738
  1379.020020  0.227400  0.656544  0.781830  0.907116  1.144218
  1382.550049  0.226714  0.653956  0.778802  0.903648  1.143539
  1386.079956  0.223140  0.650634  0.775084  0.899534  1.131217
  1389.609985  0.220518  0.646452  0.770342  0.894232  1.122601
  1393.140015  0.217355  0.641488  0.764487  0.887485  1.108222
  1396.670044  0.212160  0.635278  0.757427  0.879576  1.101838
  1400.199951  0.206370  0.628411  0.749455  0.870499  1.088033
  1403.729980  0.199884  0.620181  0.739995  0.859809  1.077483
  1407.260010  0.194881  0.610876  0.729217  0.847558  1.054808
  1410.790039  0.184951  0.600423  0.717226  0.834029  1.035631
  1414.319946  0.182057  0.589108  0.704250  0.819392  1.018841
  1417.859985  0.172725  0.577228  0.690656  0.804084  1.004177
  1421.390015  0.167240  0.565641  0.677146  0.788650  0.981862
  1424.920044  0.158613  0.554129  0.663873  0.773618  0.964113
  1428.459961  0.156552  0.543733  0.651727  0.759721  0.946848
  1431.989990  0.147190  0.534161  0.640652  0.747143  0.933609
  1435.530029  0.144360  0.526386  0.631561  0.736735  0.920163
  1439.069946  0.137785  0.519575  0.623842  0.728110  0.911101
  1442.599976  0.139984  0.514099  0.617541  0.720983  0.902685
  1446.140015  0.135813  0.509892  0.612748  0.715604  0.895174
  1449.680054  0.136360  0.506572  0.608996  0.711419  0.896294
  1453.219971  0.133942  0.504055  0.606143  0.708231  0.889838
  1456.760010  0.133655  0.502095  0.603974  0.705853  0.892048
  1460.300049  0.130946  0.500422  0.602174  0.703926  0.892914
  1463.839966  0.133061  0.499561  0.601292  0.703024  0.892247
  1467.380005  0.129265  0.498808  0.600611  0.702414  0.892038
  1470.920044  0.130993  0.498846  0.600726  0.702607  0.894212
  1474.459961  0.129383  0.498769  0.600847  0.702925  0.891528
  1478.010010  0.132771  0.499408  0.601700  0.703991  0.898821
  1481.550049  0.130514  0.499914  0.602412  0.704910  0.898039
  1485.089966  0.129553  0.500538  0.603297  0.706056  0.901564
  1488.640015  0.131691  0.500876  0.603860  0.706843  0.900630
  1492.180054  0.132681  0.501730  0.604929  0.708127  0.907802
  1495.729980  0.131451  0.502415  0.605970  0.709526  0.904703
  1499.270020  0.131711  0.503553  0.607402  0.711252  0.909153
  1502.819946  0.131344  0.504520  0.608702  0.712885  0.913872
  1506.369995  0.131907  0.505560  0.610106  0.714652  0.919591
  1509.910034  0.134281  0.506602  0.611414  0.716227  0.918453
  1513.459961  0.131657  0.507557  0.612674  0.717791  0.920578
  1517.010010  0.135077  0.508260  0.613699  0.719138  0.925375
  1520.560059  0.133313  0.508935  0.614708  0.720481  0.926365
  1524.109985  0.134866  0.509545  0.615512  0.721478  0.928861
  1527.660034  0.131981  0.510039  0.616238  0.722437  0.931101
  1531.209961  0.133337  0.509947  0.616364  0.722781  0.932620
  1534.760010  0.132013  0.510186  0.616708  0.723230  0.939627
  1538.319946  0.135025  0.509916  0.616541  0.723167  0.934934
  1541.869995  0.133574  0.509645  0.616350  0.723055  0.936225
  1545.420044  0.133662  0.509004  0.615748  0.722492  0.935116
  1548.979980  0.129101  0.508197  0.614986  0.721776  0.930441
  1552.530029  0.131430  0.507381  0.614176  0.720971  0.933278
  1556.089966  0.131075  0.506499  0.613233  0.719968  0.931901
  1559.640015  0.129954  0.505374  0.612081  0.718787  0.932389
  1563.199951  0.129842  0.504510  0.611185  0.717859  0.927106
  1566.750000  0.127046  0.503624  0.610300  0.716975  0.930524
  1570.310059  0.128556  0.502714  0.609344  0.715975  0.926310
  1573.869995  0.128099  0.501884  0.608480  0.715076  0.924519
  1577.430054  0.127336  0.501577  0.608088  0.714600  0.922903
  1580.989990  0.128364  0.500834  0.607379  0.713923  0.925058
  1584.550049  0.126852  0.500460  0.607036  0.713611  0.920436
  1588.109985  0.127935  0.499795  0.606414  0.713034  0.924304
  1591.670044  0.128109  0.499932  0.606542  0.713152  0.919937
  1595.229980  0.126924  0.499349  0.606038  0.712727  0.917464
  1598.790039  0.128183  0.499231  0.605910  0.712588  0.915773
  1602.349976  0.124052  0.498943  0.605618  0.712294  0.914124
  1605.920044  0.127926  0.498541  0.605220  0.711898  0.909831
  1609.479980  0.125673  0.498135  0.604747  0.711359  0.905178
  1613.040039  0.125614  0.497350  0.603724  0.710098  0.897786
  1616.609985  0.123278  0.496162  0.602281  0.708399  0.887535
  1620.170044  0.124911  0.495021  0.600671  0.706322  0.872562
  1623.739990  0.121751  0.493005  0.598138  0.703272  0.858095
  1627.310059  0.123929  0.491165  0.595755  0.700346  0.858327
  1630.869995  0.118464  0.488769  0.593044  0.697318  0.857231
  1634.439941  0.121808  0.486895  0.590943  0.694991  0.855021
  1638.010010  0.119409  0.485096  0.589145  0.693193  0.848754
  1641.579956  0.120916  0.484164  0.588151  0.692138  0.850821
  1645.150024  0.118301  0.483409  0.587435  0.691461  0.850449
  1648.709961  0.119072  0.483018  0.587051  0.691085  0.852097
  1652.290039  0.119960  0.482335  0.586243  0.690151  0.853375
  1655.859985  0.119220  0.480184  0.583852  0.687519  0.850788
  1659.430054  0.116569  0.475631  0.579422  0.683214  0.843542
  1663.000000  0.117279  0.468155  0.573341  0.678528  0.839045
  1666.569946  0.114639  0.458163  0.566561  0.674960  0.838313
  1670.140015  0.115852  0.446556  0.559671  0.672786  0.833600
  1673.719971  0.115135  0.436097  0.553711  0.671325  0.827146
  1677.290039  0.113929  0.428694  0.549150  0.669606  0.822006
  1680.869995  0.113002  0.424823  0.545974  0.667125  0.818419
  1684.439941  0.113932  0.423475  0.543337  0.663198  0.811855
  1688.020020  0.118493  0.423196  0.540318  0.657441  0.803567
  1691.589966  0.110402  0.422998  0.536781  0.650564  0.795993
  1695.170044  0.119687  0.423615  0.533500  0.643385  0.788724
  1698.750000  0.121488  0.425174  0.530279  0.635384  0.778602
  1702.329956  0.128207  0.427600  0.527773  0.627945  0.773508
  1705.910034  0.114733  0.428614  0.524809  0.621005  0.758103
  1709.489990  0.127026  0.427971  0.520953  0.613935  0.753533
  1713.069946  0.123404  0.424828  0.515072  0.605316  0.735027
  1716.650024  0.147613  0.422830  0.509542  0.596254  0.727303
  1720.229980  0.132609  0.418558  0.502504  0.586450  0.716670
