ENVI ASCII Plot File [Sun Apr 06 17:01:53 2025]
Column 1: Wavelength
Column 2: Min: ROI #65~~2##255,0,0
Column 3: Mean-StdDev: ROI #65~~21##0,200,0
Column 4: Mean: ROI #65~~0##0,0,0
Column 5: Mean+StdDev: ROI #65~~21##0,200,0
Column 6: Max: ROI #65~~2##255,0,0
   935.609985  0.210878  0.421794  0.503361  0.584927  0.733080
   939.059998  0.210292  0.424069  0.505927  0.587785  0.720814
   942.520020  0.212358  0.438017  0.531508  0.624999  0.788389
   945.979980  0.188337  0.443727  0.550626  0.657526  0.817073
   949.429993  0.183309  0.450370  0.564848  0.679325  0.865038
   952.890015  0.178746  0.456098  0.574778  0.693458  0.880623
   956.349976  0.180874  0.461196  0.582160  0.703125  0.900466
   959.809998  0.179825  0.464732  0.587175  0.709618  0.905380
   963.270020  0.179425  0.468428  0.591892  0.715355  0.913883
   966.729980  0.182088  0.471478  0.595971  0.720464  0.916159
   970.190002  0.182334  0.474916  0.600205  0.725494  0.923194
   973.650024  0.182893  0.477662  0.603693  0.729725  0.926203
   977.109985  0.185482  0.480698  0.607368  0.734039  0.933764
   980.580017  0.187589  0.483655  0.611061  0.738466  0.941385
   984.039978  0.187436  0.486689  0.614767  0.742844  0.944915
   987.510010  0.190428  0.489320  0.618059  0.746798  0.949070
   990.969971  0.189480  0.492316  0.621704  0.751092  0.954450
   994.429993  0.193663  0.495251  0.625283  0.755315  0.959148
   997.900024  0.193299  0.498385  0.629068  0.759750  0.965047
  1001.369995  0.194492  0.501104  0.632434  0.763765  0.966861
  1004.830017  0.192573  0.503998  0.635965  0.767931  0.971888
  1008.299988  0.197379  0.506984  0.639602  0.772220  0.979839
  1011.770020  0.199853  0.510207  0.643413  0.776619  0.981080
  1015.239990  0.199759  0.513021  0.646871  0.780720  0.986101
  1018.710022  0.200898  0.515834  0.650321  0.784809  0.991123
  1022.179993  0.203232  0.518792  0.653908  0.789025  0.995291
  1025.650024  0.204299  0.521686  0.657466  0.793246  1.000533
  1029.119995  0.207013  0.524579  0.660991  0.797403  1.007666
  1032.589966  0.206957  0.527512  0.664472  0.801432  1.011833
  1036.060059  0.210921  0.530169  0.667702  0.805235  1.017150
  1039.530029  0.210990  0.532825  0.671043  0.809260  1.021003
  1043.000000  0.211660  0.535697  0.674491  0.813285  1.025606
  1046.479980  0.213289  0.538580  0.677953  0.817326  1.030213
  1049.949951  0.213045  0.541302  0.681258  0.821214  1.034839
  1053.430054  0.214982  0.543877  0.684418  0.824958  1.037580
  1056.900024  0.216443  0.546551  0.687681  0.828811  1.043553
  1060.380005  0.219197  0.549196  0.690905  0.832614  1.050840
  1063.849976  0.219401  0.551791  0.694076  0.836361  1.054246
  1067.329956  0.220109  0.554314  0.697161  0.840007  1.056768
  1070.810059  0.223231  0.556863  0.700242  0.843621  1.061222
  1074.290039  0.223856  0.559475  0.703423  0.847372  1.065731
  1077.760010  0.223196  0.561889  0.706426  0.850962  1.070150
  1081.239990  0.225082  0.564334  0.709398  0.854463  1.075058
  1084.719971  0.226504  0.566738  0.712305  0.857872  1.077223
  1088.199951  0.228534  0.568912  0.714988  0.861064  1.080230
  1091.680054  0.230869  0.571005  0.717611  0.864218  1.084844
  1095.170044  0.231397  0.573203  0.720310  0.867417  1.089227
  1098.650024  0.232814  0.575374  0.722934  0.870493  1.092889
  1102.130005  0.235525  0.577253  0.725281  0.873309  1.094530
  1105.609985  0.235358  0.579035  0.727471  0.875907  1.098499
  1109.099976  0.236389  0.580719  0.729515  0.878311  1.100733
  1112.579956  0.235728  0.582347  0.731539  0.880731  1.099925
  1116.069946  0.234491  0.583896  0.733481  0.883066  1.099942
  1119.550049  0.237191  0.585387  0.735295  0.885203  1.098688
  1123.040039  0.237725  0.586670  0.736859  0.887048  1.093376
  1126.520020  0.238718  0.587771  0.738139  0.888506  1.095297
  1130.010010  0.240577  0.588215  0.738724  0.889233  1.096055
  1133.500000  0.240254  0.588233  0.738752  0.889270  1.098664
  1136.989990  0.239600  0.587572  0.738207  0.888842  1.100853
  1140.469971  0.241018  0.587170  0.737917  0.888664  1.103252
  1143.959961  0.240485  0.587200  0.738220  0.889241  1.103158
  1147.449951  0.242133  0.588066  0.739299  0.890533  1.105173
  1150.939941  0.241554  0.589503  0.740948  0.892393  1.104671
  1154.430054  0.241522  0.591111  0.742659  0.894207  1.105552
  1157.930054  0.242103  0.591924  0.743690  0.895456  1.109185
  1161.420044  0.242701  0.592442  0.744246  0.896051  1.105451
  1164.910034  0.242389  0.592230  0.744084  0.895938  1.104738
  1168.400024  0.240049  0.591960  0.743822  0.895683  1.104471
  1171.900024  0.242566  0.591628  0.743433  0.895239  1.104671
  1175.390015  0.240989  0.591295  0.743055  0.894814  1.103418
  1178.890015  0.241760  0.590963  0.742680  0.894398  1.101307
  1182.380005  0.238565  0.590808  0.742517  0.894225  1.098968
  1185.880005  0.241990  0.590820  0.742558  0.894295  1.099948
  1189.369995  0.241515  0.591232  0.743120  0.895007  1.101263
  1192.869995  0.242531  0.592021  0.744151  0.896281  1.106880
  1196.369995  0.240169  0.593252  0.745652  0.898052  1.111011
  1199.869995  0.242130  0.594541  0.747298  0.900056  1.111195
  1203.369995  0.242742  0.595963  0.749099  0.902234  1.113653
  1206.869995  0.243897  0.597450  0.750985  0.904519  1.117773
  1210.369995  0.245296  0.599257  0.753219  0.907181  1.120939
  1213.869995  0.248020  0.601314  0.755799  0.910284  1.129106
  1217.369995  0.246752  0.603578  0.758631  0.913684  1.130892
  1220.869995  0.250098  0.605927  0.761626  0.917324  1.135411
  1224.369995  0.248135  0.608352  0.764682  0.921013  1.142932
  1227.869995  0.253791  0.610835  0.767745  0.924655  1.146291
  1231.380005  0.255393  0.613243  0.770731  0.928220  1.147671
  1234.880005  0.253969  0.615578  0.773594  0.931610  1.157391
  1238.390015  0.256871  0.617710  0.776225  0.934741  1.162685
  1241.890015  0.255720  0.619667  0.778671  0.937675  1.171299
  1245.400024  0.258179  0.621472  0.780947  0.940422  1.174904
  1248.900024  0.258916  0.623140  0.783121  0.943102  1.178706
  1252.410034  0.259095  0.624772  0.785167  0.945562  1.184050
  1255.920044  0.260310  0.626352  0.787141  0.947929  1.183152
  1259.420044  0.261934  0.627634  0.788828  0.950022  1.189346
  1262.930054  0.261860  0.628982  0.790537  0.952093  1.191339
  1266.439941  0.263859  0.630384  0.792233  0.954083  1.194074
  1269.949951  0.261674  0.631469  0.793784  0.956099  1.200628
  1273.459961  0.265789  0.632744  0.795362  0.957981  1.201924
  1276.969971  0.265131  0.633985  0.797003  0.960020  1.202062
  1280.479980  0.267193  0.635474  0.798840  0.962206  1.205353
  1283.989990  0.264770  0.636545  0.800310  0.964074  1.208589
  1287.510010  0.265973  0.638030  0.802091  0.966152  1.216035
  1291.020020  0.268933  0.639062  0.803556  0.968051  1.215244
  1294.530029  0.269710  0.640245  0.804989  0.969734  1.218229
  1298.050049  0.267593  0.641023  0.806178  0.971333  1.217858
  1301.560059  0.271334  0.642176  0.807474  0.972772  1.220084
  1305.079956  0.269905  0.642871  0.808487  0.974102  1.220826
  1308.589966  0.271393  0.643664  0.809423  0.975183  1.226129
  1312.109985  0.267810  0.643926  0.809969  0.976012  1.229713
  1315.619995  0.270697  0.644235  0.810376  0.976517  1.225606
  1319.140015  0.269298  0.643922  0.810201  0.976481  1.227453
  1322.660034  0.269445  0.643936  0.810152  0.976369  1.230955
  1326.180054  0.266411  0.643102  0.809285  0.975468  1.228075
  1329.699951  0.269098  0.642096  0.808089  0.974082  1.223127
  1333.219971  0.269128  0.640051  0.805860  0.971669  1.221981
  1336.739990  0.265386  0.637991  0.803423  0.968855  1.220230
  1340.260010  0.267998  0.635259  0.800283  0.965307  1.216474
  1343.780029  0.263248  0.632553  0.796919  0.961285  1.206966
  1347.300049  0.264453  0.629029  0.792817  0.956604  1.200869
  1350.819946  0.260114  0.625530  0.788579  0.951628  1.193540
  1354.349976  0.259934  0.622050  0.784408  0.946765  1.186350
  1357.869995  0.257384  0.618980  0.780660  0.942341  1.178413
  1361.390015  0.258568  0.615948  0.777063  0.938177  1.174366
  1364.920044  0.255397  0.613117  0.773707  0.934298  1.164241
  1368.439941  0.253229  0.610154  0.770295  0.930436  1.158660
  1371.969971  0.252054  0.607610  0.767389  0.927167  1.154333
  1375.500000  0.253925  0.605585  0.765099  0.924614  1.149585
  1379.020020  0.250972  0.603796  0.762812  0.921828  1.146739
  1382.550049  0.249974  0.601632  0.760141  0.918650  1.142863
  1386.079956  0.247886  0.598683  0.756852  0.915021  1.138897
  1389.609985  0.246023  0.595376  0.752962  0.910548  1.129547
  1393.140015  0.245174  0.591656  0.748288  0.904920  1.126350
  1396.670044  0.241801  0.586683  0.742324  0.897965  1.115172
  1400.199951  0.239278  0.581081  0.735543  0.890005  1.108915
  1403.729980  0.237681  0.574386  0.727406  0.880427  1.092057
  1407.260010  0.233657  0.566354  0.717723  0.869092  1.078173
  1410.790039  0.227285  0.557560  0.707080  0.856599  1.062732
  1414.319946  0.220145  0.547615  0.695273  0.842931  1.044827
  1417.859985  0.215794  0.537608  0.683086  0.828563  1.026308
  1421.390015  0.208788  0.527454  0.670664  0.813875  1.007196
  1424.920044  0.201404  0.517317  0.658316  0.799314  0.987040
  1428.459961  0.198108  0.507977  0.646904  0.785830  0.971278
  1431.989990  0.190856  0.499531  0.636579  0.773628  0.956888
  1435.530029  0.188277  0.492247  0.627712  0.763177  0.943187
  1439.069946  0.183709  0.486247  0.620419  0.754591  0.934399
  1442.599976  0.180764  0.481453  0.614635  0.747817  0.928862
  1446.140015  0.179226  0.477735  0.610066  0.742397  0.922637
  1449.680054  0.175368  0.474709  0.606413  0.738117  0.917668
  1453.219971  0.176772  0.472390  0.603696  0.735002  0.914849
  1456.760010  0.173408  0.470791  0.601746  0.732700  0.915238
  1460.300049  0.174003  0.469299  0.600092  0.730885  0.914984
  1463.839966  0.171821  0.468508  0.599218  0.729927  0.919880
  1467.380005  0.175593  0.467856  0.598584  0.729312  0.916211
  1470.920044  0.169925  0.467900  0.598653  0.729405  0.920999
  1474.459961  0.172999  0.467653  0.598621  0.729589  0.916386
  1478.010010  0.170429  0.468163  0.599234  0.730304  0.921294
  1481.550049  0.171983  0.468482  0.599856  0.731229  0.922531
  1485.089966  0.169794  0.469084  0.600691  0.732298  0.927068
  1488.640015  0.170878  0.469334  0.601189  0.733045  0.925645
  1492.180054  0.169323  0.470155  0.602221  0.734287  0.930117
  1495.729980  0.170453  0.470672  0.603141  0.735609  0.929200
  1499.270020  0.167851  0.471781  0.604481  0.737181  0.935144
  1502.819946  0.172537  0.472532  0.605657  0.738783  0.934404
  1506.369995  0.170147  0.473552  0.606964  0.740376  0.936375
  1509.910034  0.170898  0.474544  0.608322  0.742100  0.937887
  1513.459961  0.170917  0.475687  0.609793  0.743899  0.941148
  1517.010010  0.170811  0.476301  0.610801  0.745301  0.946077
  1520.560059  0.170641  0.477105  0.611949  0.746793  0.948754
  1524.109985  0.171908  0.477646  0.612774  0.747902  0.946969
  1527.660034  0.170876  0.478105  0.613441  0.748777  0.954038
  1531.209961  0.167770  0.477987  0.613595  0.749203  0.954593
  1534.760010  0.170014  0.478353  0.614049  0.749746  0.954870
  1538.319946  0.170773  0.478171  0.613906  0.749642  0.957613
  1541.869995  0.168973  0.477947  0.613787  0.749626  0.953494
  1545.420044  0.167049  0.477382  0.613215  0.749047  0.957640
  1548.979980  0.170160  0.476834  0.612658  0.748481  0.955567
  1552.530029  0.167218  0.475969  0.611764  0.747559  0.951994
  1556.089966  0.166749  0.475269  0.610912  0.746555  0.954139
  1559.640015  0.164939  0.474158  0.609773  0.745388  0.952954
  1563.199951  0.164975  0.473259  0.608887  0.744515  0.951861
  1566.750000  0.163559  0.472412  0.607889  0.743366  0.954953
  1570.310059  0.162505  0.471513  0.606965  0.742417  0.948750
  1573.869995  0.161913  0.470920  0.606288  0.741657  0.951073
  1577.430054  0.161796  0.470428  0.605803  0.741178  0.947346
  1580.989990  0.159792  0.469789  0.605126  0.740463  0.945289
  1584.550049  0.159242  0.469419  0.604758  0.740096  0.942243
  1588.109985  0.160247  0.468964  0.604354  0.739745  0.943638
  1591.670044  0.162193  0.469050  0.604466  0.739881  0.937673
  1595.229980  0.160756  0.468594  0.603978  0.739361  0.939238
  1598.790039  0.161116  0.468255  0.603813  0.739372  0.934529
  1602.349976  0.159917  0.468065  0.603648  0.739231  0.936059
  1605.920044  0.163994  0.467626  0.603173  0.738720  0.928612
  1609.479980  0.158109  0.467281  0.602749  0.738218  0.924693
  1613.040039  0.159704  0.466335  0.601756  0.737176  0.917776
  1616.609985  0.158365  0.465367  0.600584  0.735802  0.915230
  1620.170044  0.158192  0.464120  0.599128  0.734135  0.912920
  1623.739990  0.155806  0.462187  0.596941  0.731695  0.913472
  1627.310059  0.155716  0.460338  0.594823  0.729308  0.912607
  1630.869995  0.155681  0.458147  0.592496  0.726844  0.914160
  1634.439941  0.154390  0.456392  0.590701  0.725010  0.908173
  1638.010010  0.155271  0.454844  0.589295  0.723745  0.909603
  1641.579956  0.151997  0.454158  0.588571  0.722984  0.908811
  1645.150024  0.154458  0.453530  0.587959  0.722388  0.911916
  1648.709961  0.150700  0.453373  0.587788  0.722204  0.909867
  1652.290039  0.152504  0.453188  0.587471  0.721754  0.905342
  1655.859985  0.146507  0.451137  0.585376  0.719614  0.908027
  1659.430054  0.150177  0.446538  0.581029  0.715519  0.905131
  1663.000000  0.146422  0.439318  0.574970  0.710622  0.899541
  1666.569946  0.147573  0.429778  0.567880  0.705982  0.895765
  1670.140015  0.143596  0.419101  0.560617  0.702133  0.885937
  1673.719971  0.142430  0.409329  0.554197  0.699065  0.881487
  1677.290039  0.139834  0.402497  0.549196  0.695894  0.872176
  1680.869995  0.139667  0.398520  0.545442  0.692363  0.875372
  1684.439941  0.137243  0.397160  0.542552  0.687943  0.867863
  1688.020020  0.140033  0.396337  0.539203  0.682069  0.859419
  1691.589966  0.135174  0.395538  0.534996  0.674454  0.849687
  1695.170044  0.144174  0.395352  0.531117  0.666881  0.844810
  1698.750000  0.137340  0.396354  0.527331  0.658308  0.837178
  1702.329956  0.144803  0.398087  0.524386  0.650684  0.820987
  1705.910034  0.145464  0.399167  0.520956  0.642745  0.807380
  1709.489990  0.146936  0.398033  0.516423  0.634814  0.793437
  1713.069946  0.144258  0.395816  0.510384  0.624952  0.793862
  1716.650024  0.158374  0.392519  0.503054  0.613589  0.765490
  1720.229980  0.155315  0.387982  0.495000  0.602018  0.761610
