ENVI ASCII Plot File [Sun Apr 06 16:29:47 2025]
Column 1: Wavelength
Column 2: Min: ROI #34~~2##255,0,0
Column 3: Mean-StdDev: ROI #34~~21##0,200,0
Column 4: Mean: ROI #34~~0##0,0,0
Column 5: Mean+StdDev: ROI #34~~21##0,200,0
Column 6: Max: ROI #34~~2##255,0,0
   935.609985  0.244888  0.482720  0.544659  0.606598  0.701663
   939.059998  0.252972  0.486185  0.547888  0.609591  0.704329
   942.520020  0.328486  0.509084  0.579076  0.649068  0.849133
   945.979980  0.313407  0.525820  0.603322  0.680824  0.877756
   949.429993  0.325395  0.536455  0.619633  0.702811  0.925701
   952.890015  0.320473  0.545293  0.631111  0.716929  0.937213
   956.349976  0.325029  0.551337  0.638795  0.726254  0.951325
   959.809998  0.328116  0.555734  0.643953  0.732171  0.955571
   963.270020  0.333151  0.559594  0.648543  0.737491  0.959833
   966.729980  0.334593  0.562860  0.652427  0.741994  0.959888
   970.190002  0.339978  0.566403  0.656503  0.746602  0.966692
   973.650024  0.340072  0.569127  0.659693  0.750260  0.969923
   977.109985  0.342596  0.572104  0.663103  0.754101  0.976206
   980.580017  0.345585  0.575141  0.666508  0.757875  0.979756
   984.039978  0.346849  0.578120  0.669852  0.761585  0.983933
   987.510010  0.346952  0.580930  0.673083  0.765235  0.987702
   990.969971  0.352722  0.583886  0.676394  0.768903  0.993525
   994.429993  0.354199  0.586833  0.679751  0.772669  0.998553
   997.900024  0.354358  0.589988  0.683244  0.776499  1.003129
  1001.369995  0.356838  0.592833  0.686490  0.780146  1.008397
  1004.830017  0.358361  0.595818  0.689822  0.783825  1.012207
  1008.299988  0.363016  0.598783  0.693201  0.787618  1.018034
  1011.770020  0.364286  0.601976  0.696743  0.791509  1.021270
  1015.239990  0.368136  0.604876  0.700063  0.795250  1.023341
  1018.710022  0.369069  0.607781  0.703296  0.798812  1.028927
  1022.179993  0.372331  0.610821  0.706736  0.802650  1.034020
  1025.650024  0.375209  0.613847  0.710132  0.806417  1.041379
  1029.119995  0.377642  0.616702  0.713412  0.810122  1.046245
  1032.589966  0.379535  0.619744  0.716819  0.813894  1.047951
  1036.060059  0.382893  0.622520  0.719980  0.817440  1.053538
  1039.530029  0.385515  0.625359  0.723181  0.821002  1.056745
  1043.000000  0.387981  0.628283  0.726469  0.824656  1.062834
  1046.479980  0.388952  0.631250  0.729779  0.828308  1.068464
  1049.949951  0.391603  0.634005  0.732903  0.831801  1.073292
  1053.430054  0.391959  0.636628  0.735874  0.835120  1.077528
  1056.900024  0.393500  0.639339  0.738934  0.838528  1.081354
  1060.380005  0.398218  0.642011  0.741954  0.841897  1.084727
  1063.849976  0.398648  0.644602  0.744924  0.845245  1.088746
  1067.329956  0.400120  0.647219  0.747897  0.848576  1.092514
  1070.810059  0.402363  0.649757  0.750727  0.851698  1.097065
  1074.290039  0.404501  0.652270  0.753584  0.854898  1.101012
  1077.760010  0.406397  0.654649  0.756307  0.857965  1.104112
  1081.239990  0.407949  0.656991  0.758959  0.860927  1.109575
  1084.719971  0.409842  0.659336  0.761588  0.863840  1.115100
  1088.199951  0.412557  0.661409  0.763948  0.866486  1.118825
  1091.680054  0.413234  0.663302  0.766127  0.868953  1.121492
  1095.170044  0.413509  0.665238  0.768317  0.871397  1.122028
  1098.650024  0.416082  0.667051  0.770355  0.873660  1.124067
  1102.130005  0.416674  0.668518  0.772026  0.875533  1.126899
  1105.609985  0.417216  0.669745  0.773434  0.877122  1.129724
  1109.099976  0.417861  0.670872  0.774718  0.878563  1.128635
  1112.579956  0.418649  0.671973  0.775967  0.879960  1.129660
  1116.069946  0.420419  0.672936  0.777081  0.881226  1.129117
  1119.550049  0.420904  0.673716  0.777961  0.882206  1.127789
  1123.040039  0.419694  0.674242  0.778534  0.882827  1.122165
  1126.520020  0.420066  0.674327  0.778603  0.882880  1.115215
  1130.010010  0.419243  0.673600  0.777810  0.882020  1.102665
  1133.500000  0.415699  0.672064  0.776189  0.880314  1.086843
  1136.989990  0.411571  0.669894  0.774079  0.878264  1.081822
  1140.469971  0.409772  0.667970  0.772310  0.876650  1.081854
  1143.959961  0.405812  0.666640  0.771177  0.875713  1.080379
  1147.449951  0.405180  0.666491  0.771008  0.875526  1.080885
  1150.939941  0.406137  0.667050  0.771413  0.875777  1.082142
  1154.430054  0.407570  0.667525  0.771645  0.875765  1.081974
  1157.930054  0.408317  0.667081  0.771010  0.874939  1.092113
  1161.420044  0.410939  0.665872  0.769554  0.873236  1.101192
  1164.910034  0.408783  0.664010  0.767507  0.871005  1.104345
  1168.400024  0.408311  0.662242  0.765478  0.868714  1.105175
  1171.900024  0.406971  0.660512  0.763534  0.866557  1.104867
  1175.390015  0.404742  0.658714  0.761525  0.864336  1.101729
  1178.890015  0.405884  0.657073  0.759689  0.862305  1.099580
  1182.380005  0.404981  0.655819  0.758293  0.860767  1.094504
  1185.880005  0.404029  0.655091  0.757473  0.859855  1.093421
  1189.369995  0.403006  0.655134  0.757542  0.859950  1.094027
  1192.869995  0.402906  0.655716  0.758285  0.860853  1.091196
  1196.369995  0.404560  0.656865  0.759558  0.862250  1.089479
  1199.869995  0.405719  0.658103  0.761044  0.863986  1.087647
  1203.369995  0.404387  0.659495  0.762673  0.865851  1.088035
  1206.869995  0.405393  0.660986  0.764422  0.867859  1.087545
  1210.369995  0.405959  0.662862  0.766560  0.870258  1.093387
  1213.869995  0.406353  0.665087  0.769133  0.873179  1.097579
  1217.369995  0.409640  0.667761  0.772194  0.876626  1.105952
  1220.869995  0.412646  0.670445  0.775313  0.880181  1.116250
  1224.369995  0.413500  0.673257  0.778572  0.883887  1.121614
  1227.869995  0.417442  0.676083  0.781801  0.887520  1.131133
  1231.380005  0.416604  0.678747  0.784831  0.890915  1.138956
  1234.880005  0.419534  0.681068  0.787518  0.893967  1.146596
  1238.390015  0.421435  0.683346  0.790135  0.896923  1.152066
  1241.890015  0.424731  0.685353  0.792461  0.899570  1.155824
  1245.400024  0.425630  0.687041  0.794433  0.901825  1.162694
  1248.900024  0.426997  0.688671  0.796372  0.904072  1.164479
  1252.410034  0.425979  0.690069  0.797960  0.905851  1.166680
  1255.920044  0.427849  0.691334  0.799516  0.907699  1.171918
  1259.420044  0.426097  0.692475  0.800856  0.909237  1.173997
  1262.930054  0.428837  0.693450  0.802001  0.910553  1.174843
  1266.439941  0.430239  0.694517  0.803242  0.911966  1.176439
  1269.949951  0.428337  0.695364  0.804316  0.913267  1.179960
  1273.459961  0.428714  0.696415  0.805549  0.914682  1.182187
  1276.969971  0.429729  0.697391  0.806747  0.916102  1.185552
  1280.479980  0.430949  0.698623  0.808150  0.917677  1.188482
  1283.989990  0.431539  0.699608  0.809380  0.919152  1.188189
  1287.510010  0.431511  0.700802  0.810836  0.920870  1.191891
  1291.020020  0.433583  0.701745  0.811976  0.922206  1.194246
  1294.530029  0.433989  0.702705  0.813041  0.923378  1.196582
  1298.050049  0.432294  0.703240  0.813794  0.924348  1.197892
  1301.560059  0.432530  0.703877  0.814519  0.925161  1.198266
  1305.079956  0.434140  0.704250  0.815005  0.925759  1.198130
  1308.589966  0.433632  0.704504  0.815312  0.926119  1.201388
  1312.109985  0.429676  0.704196  0.815151  0.926107  1.200384
  1315.619995  0.433387  0.703852  0.814812  0.925771  1.197863
  1319.140015  0.428492  0.702896  0.813845  0.924795  1.196177
  1322.660034  0.430165  0.701872  0.812677  0.923483  1.196559
  1326.180054  0.427369  0.699877  0.810497  0.921117  1.191836
  1329.699951  0.427417  0.697415  0.807823  0.918231  1.189405
  1333.219971  0.425061  0.693957  0.804030  0.914103  1.181442
  1336.739990  0.420196  0.690147  0.799767  0.909388  1.176354
  1340.260010  0.414957  0.685809  0.795036  0.904264  1.166832
  1343.780029  0.412237  0.681139  0.789755  0.898371  1.159438
  1347.300049  0.406522  0.675988  0.784044  0.892100  1.151684
  1350.819946  0.404621  0.670832  0.778264  0.885697  1.143605
  1354.349976  0.398844  0.665981  0.772864  0.879747  1.136895
  1357.869995  0.394061  0.661472  0.767758  0.874045  1.128925
  1361.390015  0.390894  0.657129  0.762878  0.868627  1.121346
  1364.920044  0.387249  0.652902  0.758185  0.863469  1.113970
  1368.439941  0.382317  0.648803  0.753715  0.858628  1.107581
  1371.969971  0.380893  0.645226  0.749731  0.854237  1.097354
  1375.500000  0.376474  0.642160  0.746450  0.850739  1.090314
  1379.020020  0.373745  0.639741  0.743593  0.847445  1.084653
  1382.550049  0.373201  0.636652  0.740125  0.843597  1.078354
  1386.079956  0.365763  0.632815  0.735958  0.839102  1.070678
  1389.609985  0.366357  0.627939  0.730593  0.833247  1.065255
  1393.140015  0.359673  0.622478  0.724265  0.826053  1.052116
  1396.670044  0.355717  0.615527  0.716536  0.817544  1.040239
  1400.199951  0.347856  0.608009  0.707984  0.807960  1.025442
  1403.729980  0.342695  0.599004  0.697903  0.796802  1.014502
  1407.260010  0.332282  0.588946  0.686563  0.784179  0.994434
  1410.790039  0.324919  0.577857  0.674107  0.770357  0.979874
  1414.319946  0.312755  0.565968  0.660725  0.755482  0.961601
  1417.859985  0.307153  0.553746  0.646874  0.740002  0.947804
  1421.390015  0.298339  0.541733  0.633187  0.724641  0.925681
  1424.920044  0.287821  0.529982  0.619911  0.709841  0.909870
  1428.459961  0.280880  0.519381  0.607825  0.696270  0.892863
  1431.989990  0.275961  0.509714  0.596829  0.683943  0.875957
  1435.530029  0.267064  0.501664  0.587701  0.673739  0.863472
  1439.069946  0.262851  0.494812  0.579881  0.664951  0.855922
  1442.599976  0.258669  0.488963  0.573365  0.657767  0.848449
  1446.140015  0.255492  0.484448  0.568196  0.651944  0.841884
  1449.680054  0.251274  0.480655  0.563966  0.647277  0.837389
  1453.219971  0.249155  0.477719  0.560604  0.643489  0.832409
  1456.760010  0.247965  0.475405  0.558063  0.640722  0.830179
  1460.300049  0.248664  0.473188  0.555609  0.638030  0.825073
  1463.839966  0.246699  0.471862  0.554169  0.636477  0.824353
  1467.380005  0.244543  0.470692  0.552948  0.635204  0.822401
  1470.920044  0.245727  0.470250  0.552524  0.634799  0.823473
  1474.459961  0.241436  0.469771  0.552102  0.634433  0.825039
  1478.010010  0.242711  0.470017  0.552494  0.634970  0.824651
  1481.550049  0.241470  0.470141  0.552750  0.635358  0.824041
  1485.089966  0.245120  0.470471  0.553240  0.636009  0.826564
  1488.640015  0.239140  0.470549  0.553399  0.636249  0.827278
  1492.180054  0.242948  0.471116  0.554131  0.637145  0.832604
  1495.729980  0.240909  0.471561  0.554787  0.638014  0.830972
  1499.270020  0.245970  0.472576  0.555978  0.639381  0.832236
  1502.819946  0.241158  0.473303  0.556915  0.640527  0.832737
  1506.369995  0.245192  0.474285  0.558152  0.642019  0.835971
  1509.910034  0.240938  0.475147  0.559271  0.643395  0.836147
  1513.459961  0.243139  0.476054  0.560356  0.644659  0.839511
  1517.010010  0.244236  0.476648  0.561209  0.645771  0.841159
  1520.560059  0.243428  0.477275  0.562086  0.646897  0.844051
  1524.109985  0.242067  0.477874  0.562871  0.647867  0.844465
  1527.660034  0.243419  0.478294  0.563388  0.648482  0.845027
  1531.209961  0.240527  0.478109  0.563392  0.648674  0.845774
  1534.760010  0.244656  0.478286  0.563668  0.649051  0.845885
  1538.319946  0.242291  0.478063  0.563520  0.648976  0.848075
  1541.869995  0.239460  0.477800  0.563270  0.648740  0.848685
  1545.420044  0.237859  0.477121  0.562636  0.648151  0.848684
  1548.979980  0.239442  0.476445  0.561916  0.647387  0.844481
  1552.530029  0.238289  0.475501  0.561013  0.646526  0.846423
  1556.089966  0.235210  0.474657  0.560106  0.645556  0.842852
  1559.640015  0.236982  0.473359  0.558871  0.644383  0.845497
  1563.199951  0.235724  0.472556  0.557934  0.643313  0.844689
  1566.750000  0.236240  0.471558  0.556951  0.642345  0.844693
  1570.310059  0.232044  0.470595  0.555924  0.641253  0.842001
  1573.869995  0.235353  0.469648  0.555031  0.640415  0.842965
  1577.430054  0.232265  0.469225  0.554556  0.639887  0.839285
  1580.989990  0.234085  0.468321  0.553685  0.639050  0.837925
  1584.550049  0.230281  0.467953  0.553258  0.638564  0.834666
  1588.109985  0.231287  0.467159  0.552543  0.637926  0.834779
  1591.670044  0.231107  0.467141  0.552558  0.637976  0.832497
  1595.229980  0.230189  0.466479  0.551934  0.637389  0.835535
  1598.790039  0.228597  0.466296  0.551736  0.637176  0.836170
  1602.349976  0.226738  0.465801  0.551218  0.636634  0.837285
  1605.920044  0.224486  0.465143  0.550602  0.636061  0.831069
  1609.479980  0.226325  0.464527  0.549996  0.635464  0.834079
  1613.040039  0.225891  0.463517  0.548915  0.634313  0.830654
  1616.609985  0.223212  0.462156  0.547420  0.632684  0.829645
  1620.170044  0.221635  0.460607  0.545711  0.630815  0.827767
  1623.739990  0.220544  0.458044  0.543078  0.628112  0.822606
  1627.310059  0.214821  0.455610  0.540561  0.625511  0.817309
  1630.869995  0.215552  0.452791  0.537781  0.622771  0.814518
  1634.439941  0.213225  0.450541  0.535765  0.620990  0.812347
  1638.010010  0.210365  0.448515  0.533877  0.619238  0.812288
  1641.579956  0.210610  0.447518  0.533011  0.618504  0.815232
  1645.150024  0.208605  0.446846  0.532306  0.617766  0.811309
  1648.709961  0.208480  0.446288  0.531687  0.617086  0.811077
  1652.290039  0.208821  0.445474  0.530638  0.615802  0.807678
  1655.859985  0.207449  0.442672  0.527910  0.613148  0.807505
  1659.430054  0.202882  0.437246  0.523235  0.609224  0.802762
  1663.000000  0.201066  0.428621  0.516897  0.605173  0.800717
  1666.569946  0.191596  0.417905  0.509867  0.601829  0.792886
  1670.140015  0.185251  0.405775  0.502648  0.599521  0.790463
  1673.719971  0.175062  0.395228  0.496392  0.597556  0.782407
  1677.290039  0.169222  0.387938  0.491868  0.595799  0.779696
  1680.869995  0.165160  0.384310  0.488785  0.593260  0.767753
  1684.439941  0.165555  0.382870  0.486171  0.589472  0.767099
  1688.020020  0.161654  0.382507  0.483257  0.584006  0.757960
  1691.589966  0.167427  0.382166  0.479702  0.577239  0.749076
  1695.170044  0.161705  0.382585  0.476524  0.570463  0.735696
  1698.750000  0.169411  0.384167  0.473657  0.563148  0.741179
  1702.329956  0.174471  0.387388  0.472023  0.556657  0.727531
  1705.910034  0.183701  0.388779  0.469397  0.550016  0.724542
  1709.489990  0.175635  0.388665  0.466205  0.543745  0.705292
  1713.069946  0.189552  0.386904  0.462119  0.537334  0.681231
  1716.650024  0.174302  0.384443  0.457416  0.530389  0.654596
  1720.229980  0.175518  0.380069  0.450918  0.521768  0.651930
