ENVI ASCII Plot File [Sun Apr 06 16:49:21 2025]
Column 1: Wavelength
Column 2: Min: ROI #53~~2##255,0,0
Column 3: Mean-StdDev: ROI #53~~21##0,200,0
Column 4: Mean: ROI #53~~0##0,0,0
Column 5: Mean+StdDev: ROI #53~~21##0,200,0
Column 6: Max: ROI #53~~2##255,0,0
   935.609985  0.246729  0.447745  0.513564  0.579383  0.677562
   939.059998  0.249160  0.450115  0.516077  0.582039  0.677331
   942.520020  0.246894  0.462434  0.540288  0.618142  0.721482
   945.979980  0.239628  0.471172  0.560076  0.648980  0.761456
   949.429993  0.240647  0.476869  0.573345  0.669820  0.822997
   952.890015  0.239440  0.483145  0.583164  0.683183  0.829104
   956.349976  0.236080  0.487815  0.589988  0.692161  0.837504
   959.809998  0.233620  0.491690  0.594985  0.698281  0.848279
   963.270020  0.235936  0.495210  0.599340  0.703470  0.855322
   966.729980  0.230894  0.498422  0.603277  0.708131  0.859939
   970.190002  0.238116  0.501593  0.607122  0.712651  0.865212
   973.650024  0.236902  0.504467  0.610547  0.716627  0.868545
   977.109985  0.243024  0.507386  0.614032  0.720679  0.875351
   980.580017  0.243050  0.510604  0.617708  0.724812  0.879711
   984.039978  0.243288  0.513510  0.621198  0.728887  0.887628
   987.510010  0.246568  0.516394  0.624492  0.732589  0.892712
   990.969971  0.247790  0.519405  0.628019  0.736634  0.898650
   994.429993  0.249701  0.522498  0.631611  0.740725  0.903254
   997.900024  0.252545  0.525725  0.635278  0.744830  0.910101
  1001.369995  0.254929  0.528574  0.638570  0.748566  0.915136
  1004.830017  0.255956  0.531560  0.642012  0.752464  0.921436
  1008.299988  0.260041  0.534724  0.645629  0.756534  0.926209
  1011.770020  0.260342  0.538011  0.649390  0.760769  0.930822
  1015.239990  0.263035  0.540889  0.652737  0.764586  0.934399
  1018.710022  0.263674  0.543793  0.656066  0.768339  0.939910
  1022.179993  0.267614  0.546804  0.659549  0.772295  0.945316
  1025.650024  0.269761  0.549893  0.663087  0.776282  0.951464
  1029.119995  0.273365  0.552800  0.666452  0.780105  0.956157
  1032.589966  0.275149  0.555776  0.669848  0.783920  0.961079
  1036.060059  0.276763  0.558573  0.673059  0.787545  0.966746
  1039.530029  0.277846  0.561446  0.676381  0.791316  0.972079
  1043.000000  0.280675  0.564368  0.679757  0.795147  0.976391
  1046.479980  0.281631  0.567365  0.683159  0.798952  0.981507
  1049.949951  0.283338  0.570157  0.686351  0.802544  0.986609
  1053.430054  0.285936  0.572846  0.689445  0.806044  0.991178
  1056.900024  0.289041  0.575547  0.692574  0.809600  0.996534
  1060.380005  0.290708  0.578259  0.695676  0.813093  0.999628
  1063.849976  0.292637  0.580934  0.698791  0.816647  1.006053
  1067.329956  0.293884  0.583573  0.701854  0.820136  1.011320
  1070.810059  0.295698  0.586196  0.704871  0.823545  1.015631
  1074.290039  0.296994  0.588772  0.707844  0.826916  1.020030
  1077.760010  0.297320  0.591248  0.710717  0.830186  1.024608
  1081.239990  0.300164  0.593773  0.713606  0.833438  1.028393
  1084.719971  0.302933  0.596203  0.716403  0.836603  1.032248
  1088.199951  0.304665  0.598470  0.719038  0.839607  1.037475
  1091.680054  0.304859  0.600747  0.721689  0.842630  1.040878
  1095.170044  0.305394  0.602907  0.724212  0.845518  1.044325
  1098.650024  0.307060  0.604976  0.726580  0.848184  1.048318
  1102.130005  0.309602  0.606844  0.728740  0.850637  1.052557
  1105.609985  0.311107  0.608547  0.730716  0.852886  1.053608
  1109.099976  0.309553  0.610155  0.732628  0.855102  1.054151
  1112.579956  0.312409  0.611797  0.734534  0.857271  1.057205
  1116.069946  0.312816  0.613251  0.736269  0.859286  1.062334
  1119.550049  0.313226  0.614654  0.737967  0.861279  1.065897
  1123.040039  0.313093  0.615927  0.739539  0.863151  1.068287
  1126.520020  0.315177  0.616871  0.740756  0.864641  1.067821
  1130.010010  0.314321  0.617376  0.741571  0.865766  1.068445
  1133.500000  0.314448  0.617583  0.742130  0.866678  1.070272
  1136.989990  0.312974  0.617328  0.742291  0.867255  1.070913
  1140.469971  0.312796  0.617220  0.742530  0.867841  1.068174
  1143.959961  0.313095  0.617409  0.742961  0.868513  1.071227
  1147.449951  0.313760  0.617878  0.743529  0.869181  1.073149
  1150.939941  0.314389  0.618414  0.743990  0.869565  1.074816
  1154.430054  0.317371  0.618969  0.744275  0.869581  1.075882
  1157.930054  0.316600  0.618854  0.743873  0.868892  1.076803
  1161.420044  0.315792  0.618478  0.743234  0.867989  1.077183
  1164.910034  0.315694  0.617711  0.742322  0.866932  1.075051
  1168.400024  0.315395  0.617037  0.741507  0.865977  1.073542
  1171.900024  0.315112  0.616460  0.740814  0.865168  1.073610
  1175.390015  0.315914  0.615921  0.740202  0.864483  1.073670
  1178.890015  0.314864  0.615296  0.739536  0.863775  1.071984
  1182.380005  0.313510  0.614923  0.739148  0.863374  1.070457
  1185.880005  0.314614  0.614866  0.739118  0.863370  1.068866
  1189.369995  0.312849  0.615308  0.739733  0.864159  1.071669
  1192.869995  0.316385  0.616250  0.740942  0.865634  1.073036
  1196.369995  0.316180  0.617569  0.742563  0.867557  1.080669
  1199.869995  0.316500  0.618883  0.744199  0.869515  1.081095
  1203.369995  0.316248  0.620279  0.745918  0.871558  1.082719
  1206.869995  0.317504  0.621753  0.747689  0.873624  1.086151
  1210.369995  0.318420  0.623453  0.749697  0.875942  1.088573
  1213.869995  0.320157  0.625608  0.752175  0.878741  1.093694
  1217.369995  0.321207  0.628123  0.755045  0.881967  1.097272
  1220.869995  0.323871  0.630802  0.758145  0.885488  1.104958
  1224.369995  0.324292  0.633690  0.761440  0.889190  1.110493
  1227.869995  0.327312  0.636424  0.764592  0.892761  1.115916
  1231.380005  0.327652  0.639186  0.767716  0.896247  1.118698
  1234.880005  0.332366  0.641550  0.770463  0.899376  1.123630
  1238.390015  0.330514  0.643803  0.773103  0.902402  1.128911
  1241.890015  0.335657  0.645826  0.775435  0.905045  1.130380
  1245.400024  0.336241  0.647746  0.777704  0.907661  1.130513
  1248.900024  0.335579  0.649405  0.779744  0.910083  1.137852
  1252.410034  0.336654  0.651213  0.781796  0.912379  1.144202
  1255.920044  0.339531  0.652789  0.783630  0.914471  1.148611
  1259.420044  0.340659  0.654124  0.785261  0.916399  1.148265
  1262.930054  0.340031  0.655336  0.786731  0.918126  1.151590
  1266.439941  0.342024  0.656836  0.788433  0.920031  1.156706
  1269.949951  0.342945  0.657865  0.789789  0.921713  1.162007
  1273.459961  0.342862  0.659067  0.791200  0.923332  1.161746
  1276.969971  0.344168  0.660207  0.792660  0.925113  1.164776
  1280.479980  0.345576  0.661596  0.794295  0.926994  1.169117
  1283.989990  0.344054  0.662747  0.795742  0.928738  1.170519
  1287.510010  0.347032  0.664046  0.797218  0.930391  1.173328
  1291.020020  0.348776  0.665142  0.798631  0.932120  1.178004
  1294.530029  0.348000  0.666318  0.800026  0.933733  1.179861
  1298.050049  0.348973  0.667213  0.801183  0.935153  1.182710
  1301.560059  0.350950  0.668186  0.802329  0.936472  1.180430
  1305.079956  0.348794  0.668785  0.803152  0.937519  1.186985
  1308.589966  0.351687  0.669337  0.803800  0.938263  1.185720
  1312.109985  0.350554  0.669676  0.804333  0.938990  1.185166
  1315.619995  0.352334  0.669914  0.804675  0.939436  1.183836
  1319.140015  0.348356  0.669539  0.804428  0.939317  1.188721
  1322.660034  0.350935  0.669138  0.803966  0.938794  1.190555
  1326.180054  0.349758  0.667992  0.802817  0.937641  1.189543
  1329.699951  0.349110  0.666497  0.801242  0.935987  1.185860
  1333.219971  0.345860  0.664248  0.798828  0.933408  1.178716
  1336.739990  0.345381  0.661515  0.795853  0.930191  1.177844
  1340.260010  0.342317  0.658513  0.792598  0.926682  1.168531
  1343.780029  0.338547  0.655120  0.788830  0.922539  1.165064
  1347.300049  0.338246  0.651033  0.784280  0.917526  1.158198
  1350.819946  0.333510  0.646908  0.779690  0.912473  1.150032
  1354.349976  0.331408  0.643033  0.775247  0.907462  1.142396
  1357.869995  0.329339  0.639424  0.771138  0.902853  1.135774
  1361.390015  0.327060  0.636037  0.767332  0.898627  1.131814
  1364.920044  0.322879  0.632691  0.763675  0.894659  1.124105
  1368.439941  0.323001  0.629550  0.760330  0.891111  1.119148
  1371.969971  0.317700  0.626782  0.757405  0.888028  1.114429
  1375.500000  0.318754  0.624313  0.754799  0.885286  1.112045
  1379.020020  0.316915  0.622141  0.752269  0.882396  1.108360
  1382.550049  0.315865  0.619635  0.749397  0.879158  1.101028
  1386.079956  0.310362  0.616492  0.746118  0.875743  1.098478
  1389.609985  0.308438  0.612531  0.741822  0.871114  1.089651
  1393.140015  0.305326  0.608173  0.736865  0.865556  1.083546
  1396.670044  0.303791  0.602851  0.730845  0.858840  1.072336
  1400.199951  0.296396  0.597140  0.724304  0.851467  1.062740
  1403.729980  0.289835  0.589797  0.716025  0.842253  1.044601
  1407.260010  0.281383  0.581334  0.706464  0.831594  1.033629
  1410.790039  0.279080  0.571919  0.695744  0.819569  1.016958
  1414.319946  0.268411  0.561584  0.683997  0.806410  0.997943
  1417.859985  0.259507  0.550846  0.671662  0.792478  0.978634
  1421.390015  0.250993  0.540158  0.659256  0.778355  0.959526
  1424.920044  0.245757  0.529404  0.646992  0.764581  0.940052
  1428.459961  0.235580  0.519972  0.635984  0.751997  0.924230
  1431.989990  0.231569  0.511168  0.625891  0.740614  0.909025
  1435.530029  0.224910  0.503947  0.617490  0.731033  0.897019
  1439.069946  0.219229  0.497777  0.610376  0.722975  0.884452
  1442.599976  0.216210  0.492833  0.604650  0.716467  0.876655
  1446.140015  0.211083  0.489013  0.600261  0.711510  0.869426
  1449.680054  0.207436  0.485966  0.596847  0.707728  0.864047
  1453.219971  0.210201  0.483506  0.594086  0.704666  0.864014
  1456.760010  0.208504  0.481956  0.592254  0.702552  0.860214
  1460.300049  0.205332  0.480264  0.590507  0.700751  0.861882
  1463.839966  0.205131  0.479459  0.589616  0.699774  0.857961
  1467.380005  0.204824  0.478937  0.589160  0.699384  0.857466
  1470.920044  0.206151  0.478719  0.589024  0.699328  0.853862
  1474.459961  0.202701  0.478489  0.588955  0.699421  0.860096
  1478.010010  0.204731  0.478967  0.589613  0.700258  0.857864
  1481.550049  0.206159  0.479248  0.590074  0.700900  0.858062
  1485.089966  0.204706  0.479668  0.590661  0.701654  0.862211
  1488.640015  0.203798  0.479914  0.591068  0.702222  0.864365
  1492.180054  0.206087  0.480505  0.591871  0.703237  0.864894
  1495.729980  0.203925  0.481144  0.592799  0.704454  0.865944
  1499.270020  0.205333  0.482217  0.594067  0.705917  0.867505
  1502.819946  0.204990  0.483065  0.595224  0.707383  0.872835
  1506.369995  0.206653  0.484066  0.596552  0.709037  0.871859
  1509.910034  0.205550  0.484943  0.597744  0.710545  0.873112
  1513.459961  0.206102  0.485953  0.599073  0.712192  0.879203
  1517.010010  0.203743  0.486704  0.600152  0.713600  0.882266
  1520.560059  0.203492  0.487528  0.601270  0.715012  0.884907
  1524.109985  0.203704  0.487926  0.601921  0.715916  0.887471
  1527.660034  0.206651  0.488272  0.602475  0.716677  0.885936
  1531.209961  0.203533  0.488260  0.602625  0.716991  0.884803
  1534.760010  0.207896  0.488351  0.602846  0.717342  0.889671
  1538.319946  0.204950  0.488168  0.602725  0.717281  0.889592
  1541.869995  0.206833  0.487826  0.602451  0.717075  0.890361
  1545.420044  0.203988  0.487232  0.601872  0.716511  0.885564
  1548.979980  0.203403  0.486580  0.601250  0.715920  0.888002
  1552.530029  0.203688  0.485735  0.600496  0.715256  0.884280
  1556.089966  0.200237  0.484890  0.599659  0.714427  0.883909
  1559.640015  0.201636  0.483824  0.598506  0.713187  0.884246
  1563.199951  0.197539  0.482770  0.597426  0.712083  0.884900
  1566.750000  0.200207  0.481785  0.596390  0.710995  0.881957
  1570.310059  0.196580  0.480833  0.595440  0.710047  0.878838
  1573.869995  0.199227  0.480046  0.594691  0.709336  0.879048
  1577.430054  0.194724  0.479640  0.594277  0.708914  0.879761
  1580.989990  0.195790  0.478923  0.593607  0.708292  0.876067
  1584.550049  0.194010  0.478384  0.593153  0.707923  0.875532
  1588.109985  0.194477  0.477590  0.592404  0.707218  0.875778
  1591.670044  0.193473  0.477476  0.592308  0.707139  0.878165
  1595.229980  0.193739  0.476889  0.591767  0.706646  0.876609
  1598.790039  0.192515  0.476595  0.591579  0.706562  0.873432
  1602.349976  0.192269  0.476075  0.591109  0.706143  0.874864
  1605.920044  0.191393  0.475577  0.590666  0.705754  0.876164
  1609.479980  0.191791  0.474896  0.590023  0.705150  0.875341
  1613.040039  0.188387  0.474018  0.589173  0.704327  0.870203
  1616.609985  0.189642  0.472643  0.587819  0.702994  0.873331
  1620.170044  0.188317  0.471298  0.586439  0.701579  0.869615
  1623.739990  0.187694  0.469421  0.584631  0.699842  0.867278
  1627.310059  0.188094  0.467692  0.582844  0.697996  0.862432
  1630.869995  0.184724  0.465551  0.580826  0.696102  0.860673
  1634.439941  0.183942  0.464172  0.579431  0.694691  0.852116
  1638.010010  0.182892  0.462674  0.578024  0.693374  0.856820
  1641.579956  0.183739  0.461942  0.577332  0.692722  0.853040
  1645.150024  0.181738  0.461142  0.576585  0.692029  0.855512
  1648.709961  0.181934  0.460281  0.575655  0.691029  0.854271
  1652.290039  0.181442  0.459387  0.574595  0.689804  0.852719
  1655.859985  0.182206  0.457417  0.572585  0.687753  0.847094
  1659.430054  0.177035  0.454282  0.569505  0.684727  0.845745
  1663.000000  0.178342  0.450196  0.565665  0.681135  0.834671
  1666.569946  0.175860  0.445364  0.561126  0.676888  0.827217
  1670.140015  0.174514  0.440516  0.556530  0.672543  0.817062
  1673.719971  0.170965  0.435866  0.552014  0.668161  0.811771
  1677.290039  0.165249  0.432051  0.548207  0.664363  0.800916
  1680.869995  0.165305  0.429194  0.544978  0.660762  0.796569
  1684.439941  0.165832  0.426769  0.541795  0.656822  0.788419
  1688.020020  0.166010  0.424044  0.537636  0.651227  0.785929
  1691.589966  0.158696  0.420363  0.532326  0.644289  0.775743
  1695.170044  0.168903  0.417353  0.527199  0.637044  0.767767
  1698.750000  0.165026  0.413705  0.521231  0.628757  0.756700
  1702.329956  0.169453  0.411206  0.516148  0.621090  0.748827
  1705.910034  0.169798  0.408483  0.510721  0.612959  0.741671
  1709.489990  0.176635  0.405806  0.505171  0.604536  0.731841
  1713.069946  0.163732  0.401568  0.498404  0.595240  0.720687
  1716.650024  0.169540  0.398358  0.491809  0.585259  0.701515
  1720.229980  0.157703  0.393909  0.483862  0.573815  0.694984
