ENVI ASCII Plot File [Sun Apr 06 17:01:06 2025]
Column 1: Wavelength
Column 2: Min: ROI #64~~2##255,0,0
Column 3: Mean-StdDev: ROI #64~~21##0,200,0
Column 4: Mean: ROI #64~~0##0,0,0
Column 5: Mean+StdDev: ROI #64~~21##0,200,0
Column 6: Max: ROI #64~~2##255,0,0
   935.609985  0.221426  0.424192  0.502668  0.581145  0.739785
   939.059998  0.231028  0.426551  0.505267  0.583983  0.733562
   942.520020  0.217809  0.438797  0.530259  0.621721  0.762464
   945.979980  0.208007  0.446595  0.549793  0.652991  0.812540
   949.429993  0.187109  0.452066  0.563631  0.675195  0.831352
   952.890015  0.178554  0.458330  0.573827  0.689323  0.861747
   956.349976  0.177148  0.463091  0.580980  0.698869  0.867221
   959.809998  0.174953  0.466802  0.586036  0.705269  0.878960
   963.270020  0.177877  0.470276  0.590606  0.710936  0.883788
   966.729980  0.173689  0.473396  0.594687  0.715979  0.892484
   970.190002  0.178545  0.476716  0.598812  0.720908  0.895299
   973.650024  0.181698  0.479445  0.602326  0.725207  0.902019
   977.109985  0.181334  0.482335  0.605933  0.729531  0.908972
   980.580017  0.182675  0.485336  0.609619  0.733902  0.914618
   984.039978  0.183554  0.488324  0.613203  0.738082  0.919526
   987.510010  0.184879  0.490951  0.616526  0.742100  0.923480
   990.969971  0.186507  0.493906  0.620094  0.746282  0.927946
   994.429993  0.190382  0.496793  0.623691  0.750588  0.935298
   997.900024  0.190990  0.499910  0.627425  0.754939  0.938541
  1001.369995  0.192573  0.502594  0.630753  0.758912  0.946689
  1004.830017  0.192330  0.505449  0.634259  0.763068  0.950452
  1008.299988  0.195767  0.508338  0.637827  0.767315  0.956496
  1011.770020  0.197190  0.511446  0.641505  0.771564  0.962037
  1015.239990  0.198434  0.514258  0.644986  0.775715  0.967715
  1018.710022  0.200320  0.517008  0.648354  0.779700  0.973120
  1022.179993  0.202602  0.519847  0.651862  0.783876  0.977319
  1025.650024  0.204233  0.522791  0.655423  0.788055  0.983072
  1029.119995  0.207005  0.525563  0.658828  0.792094  0.988291
  1032.589966  0.207225  0.528448  0.662271  0.796093  0.993854
  1036.060059  0.209623  0.531034  0.665481  0.799927  0.999820
  1039.530029  0.210125  0.533716  0.668853  0.803991  1.004968
  1043.000000  0.211833  0.536539  0.672297  0.808055  1.009443
  1046.479980  0.213073  0.539397  0.675704  0.812012  1.014790
  1049.949951  0.213896  0.542067  0.678908  0.815750  1.020301
  1053.430054  0.214798  0.544580  0.682039  0.819498  1.025201
  1056.900024  0.216210  0.547189  0.685251  0.823314  1.030054
  1060.380005  0.219100  0.549790  0.688414  0.827037  1.035144
  1063.849976  0.219273  0.552340  0.691534  0.830729  1.040721
  1067.329956  0.219540  0.554877  0.694605  0.834333  1.045353
  1070.810059  0.223165  0.557419  0.697679  0.837939  1.050396
  1074.290039  0.223764  0.559953  0.700801  0.841648  1.055276
  1077.760010  0.223078  0.562302  0.703726  0.845150  1.059347
  1081.239990  0.225458  0.564663  0.706605  0.848547  1.063252
  1084.719971  0.226403  0.567002  0.709466  0.851930  1.068226
  1088.199951  0.228877  0.569156  0.712156  0.855156  1.071940
  1091.680054  0.231612  0.571224  0.714785  0.858345  1.076360
  1095.170044  0.232108  0.573336  0.717442  0.861548  1.082420
  1098.650024  0.232545  0.575425  0.719990  0.864554  1.085632
  1102.130005  0.234755  0.577208  0.722226  0.867243  1.089983
  1105.609985  0.236016  0.578906  0.724411  0.869915  1.094936
  1109.099976  0.234856  0.580521  0.726474  0.872426  1.097146
  1112.579956  0.235420  0.582031  0.728443  0.874854  1.099248
  1116.069946  0.235602  0.583517  0.730399  0.877281  1.102971
  1119.550049  0.237143  0.584875  0.732265  0.879655  1.106311
  1123.040039  0.237650  0.585955  0.733861  0.881767  1.110024
  1126.520020  0.239804  0.586796  0.735190  0.883584  1.112140
  1130.010010  0.240663  0.587103  0.736089  0.885074  1.114990
  1133.500000  0.241351  0.586874  0.736512  0.886150  1.117057
  1136.989990  0.240208  0.586119  0.736548  0.886976  1.118371
  1140.469971  0.239645  0.585819  0.736874  0.887930  1.118278
  1143.959961  0.242034  0.585988  0.737460  0.888931  1.122665
  1147.449951  0.242045  0.586864  0.738418  0.889972  1.121386
  1150.939941  0.242015  0.588277  0.739635  0.890992  1.122351
  1154.430054  0.242022  0.589864  0.740776  0.891688  1.124464
  1157.930054  0.242405  0.590783  0.741331  0.891878  1.125578
  1161.420044  0.242480  0.591329  0.741513  0.891696  1.121694
  1164.910034  0.244144  0.591135  0.741125  0.891114  1.120670
  1168.400024  0.240701  0.590903  0.740706  0.890509  1.120040
  1171.900024  0.242590  0.590537  0.740187  0.889836  1.119630
  1175.390015  0.241330  0.590243  0.739803  0.889363  1.118169
  1178.890015  0.241710  0.589940  0.739485  0.889029  1.118798
  1182.380005  0.238786  0.589735  0.739281  0.888826  1.117808
  1185.880005  0.243569  0.589655  0.739329  0.889004  1.116954
  1189.369995  0.242798  0.590034  0.739961  0.889888  1.121091
  1192.869995  0.241696  0.590747  0.741074  0.891402  1.122447
  1196.369995  0.242140  0.591934  0.742660  0.893387  1.124795
  1199.869995  0.244399  0.593106  0.744359  0.895611  1.130248
  1203.369995  0.245658  0.594456  0.746188  0.897921  1.133526
  1206.869995  0.246630  0.595855  0.748053  0.900251  1.132725
  1210.369995  0.246027  0.597646  0.750244  0.902842  1.136442
  1213.869995  0.247574  0.599725  0.752738  0.905750  1.144148
  1217.369995  0.248246  0.602105  0.755529  0.908953  1.149638
  1220.869995  0.250880  0.604338  0.758318  0.912297  1.151972
  1224.369995  0.250072  0.606834  0.761265  0.915697  1.158432
  1227.869995  0.253636  0.609267  0.764169  0.919072  1.159078
  1231.380005  0.254909  0.611762  0.767105  0.922449  1.166873
  1234.880005  0.255216  0.614008  0.769867  0.925727  1.171337
  1238.390015  0.258839  0.616214  0.772452  0.928690  1.176098
  1241.890015  0.258128  0.618117  0.774803  0.931489  1.178640
  1245.400024  0.258624  0.619826  0.776909  0.933991  1.179468
  1248.900024  0.258056  0.621525  0.779061  0.936597  1.183988
  1252.410034  0.260616  0.623074  0.781033  0.938992  1.190907
  1255.920044  0.260841  0.624632  0.782931  0.941230  1.190663
  1259.420044  0.263806  0.625851  0.784531  0.943211  1.193429
  1262.930054  0.263925  0.627169  0.786247  0.945326  1.200893
  1266.439941  0.263973  0.628567  0.787928  0.947288  1.201644
  1269.949951  0.261900  0.629709  0.789486  0.949263  1.207192
  1273.459961  0.266739  0.630952  0.791061  0.951169  1.206588
  1276.969971  0.266672  0.632228  0.792721  0.953214  1.208385
  1280.479980  0.267805  0.633612  0.794469  0.955327  1.215471
  1283.989990  0.268002  0.634684  0.795957  0.957230  1.216856
  1287.510010  0.268445  0.636019  0.797608  0.959197  1.221835
  1291.020020  0.268858  0.637097  0.799092  0.961086  1.225244
  1294.530029  0.270783  0.638160  0.800439  0.962719  1.224597
  1298.050049  0.267879  0.638942  0.801636  0.964329  1.231444
  1301.560059  0.270950  0.639915  0.802912  0.965909  1.228080
  1305.079956  0.270536  0.640702  0.803918  0.967134  1.232616
  1308.589966  0.272572  0.641417  0.804812  0.968207  1.235739
  1312.109985  0.269069  0.641694  0.805369  0.969045  1.234010
  1315.619995  0.271046  0.641952  0.805749  0.969545  1.234672
  1319.140015  0.272795  0.641645  0.805546  0.969447  1.236098
  1322.660034  0.267949  0.641452  0.805391  0.969330  1.235765
  1326.180054  0.270883  0.640628  0.804600  0.968573  1.234647
  1329.699951  0.269978  0.639628  0.803411  0.967193  1.235215
  1333.219971  0.270549  0.637691  0.801286  0.964880  1.233019
  1336.739990  0.266286  0.635640  0.798867  0.962094  1.227338
  1340.260010  0.268099  0.632912  0.795826  0.958740  1.221815
  1343.780029  0.264783  0.630230  0.792595  0.954960  1.216472
  1347.300049  0.266301  0.626875  0.788633  0.950390  1.209127
  1350.819946  0.260788  0.623455  0.784501  0.945548  1.202417
  1354.349976  0.261020  0.620175  0.780476  0.940777  1.200960
  1357.869995  0.257769  0.617130  0.776709  0.936287  1.190697
  1361.390015  0.255235  0.614129  0.773094  0.932059  1.186055
  1364.920044  0.253251  0.611207  0.769777  0.928347  1.180138
  1368.439941  0.249765  0.608300  0.766514  0.924729  1.177896
  1371.969971  0.247856  0.605813  0.763806  0.921798  1.171945
  1375.500000  0.247426  0.603770  0.761563  0.919356  1.167755
  1379.020020  0.245368  0.602045  0.759430  0.916814  1.164792
  1382.550049  0.244392  0.599857  0.756881  0.913904  1.161160
  1386.079956  0.240820  0.597154  0.753878  0.910603  1.157785
  1389.609985  0.238814  0.593789  0.750063  0.906337  1.151265
  1393.140015  0.235509  0.590318  0.745649  0.900980  1.141522
  1396.670044  0.233562  0.585398  0.739842  0.894286  1.135661
  1400.199951  0.227112  0.580118  0.733317  0.886517  1.124977
  1403.729980  0.226143  0.573639  0.725434  0.877228  1.108230
  1407.260010  0.219439  0.565889  0.716132  0.866375  1.096307
  1410.790039  0.215428  0.557458  0.705952  0.854446  1.077215
  1414.319946  0.206631  0.548056  0.694628  0.841200  1.062015
  1417.859985  0.200132  0.538159  0.682566  0.826973  1.040726
  1421.390015  0.192994  0.528379  0.670425  0.812471  1.023960
  1424.920044  0.187866  0.518444  0.658304  0.798164  1.004581
  1428.459961  0.181957  0.509254  0.646979  0.784704  0.986302
  1431.989990  0.174994  0.500725  0.636569  0.772414  0.968484
  1435.530029  0.171668  0.493576  0.627802  0.762027  0.956970
  1439.069946  0.169809  0.487521  0.620370  0.753218  0.946051
  1442.599976  0.167237  0.482564  0.614378  0.746192  0.941186
  1446.140015  0.162808  0.478751  0.609658  0.740565  0.930728
  1449.680054  0.162763  0.475541  0.605724  0.735907  0.927322
  1453.219971  0.160692  0.473074  0.602762  0.732451  0.919879
  1456.760010  0.160294  0.471361  0.600634  0.729907  0.915375
  1460.300049  0.157155  0.469766  0.598803  0.727839  0.913223
  1463.839966  0.158671  0.468804  0.597706  0.726608  0.914978
  1467.380005  0.155965  0.468045  0.596919  0.725794  0.912662
  1470.920044  0.155895  0.467885  0.596780  0.725675  0.912755
  1474.459961  0.154806  0.467613  0.596577  0.725541  0.914133
  1478.010010  0.156528  0.467950  0.597051  0.726151  0.915581
  1481.550049  0.152641  0.468192  0.597508  0.726825  0.913542
  1485.089966  0.154482  0.468501  0.598051  0.727601  0.918586
  1488.640015  0.153372  0.468853  0.598637  0.728420  0.918578
  1492.180054  0.156344  0.469532  0.599518  0.729504  0.918289
  1495.729980  0.153673  0.470066  0.600296  0.730527  0.920633
  1499.270020  0.155697  0.470936  0.601474  0.732012  0.918697
  1502.819946  0.152745  0.471691  0.602577  0.733463  0.922265
  1506.369995  0.157244  0.472649  0.603811  0.734973  0.927591
  1509.910034  0.154673  0.473524  0.605023  0.736522  0.928304
  1513.459961  0.154792  0.474521  0.606366  0.738212  0.930477
  1517.010010  0.154326  0.475232  0.607442  0.739653  0.935118
  1520.560059  0.154513  0.475910  0.608445  0.740980  0.934488
  1524.109985  0.154733  0.476365  0.609149  0.741933  0.941894
  1527.660034  0.152369  0.476815  0.609809  0.742803  0.939158
  1531.209961  0.154543  0.476659  0.609909  0.743159  0.939812
  1534.760010  0.152008  0.477091  0.610360  0.743628  0.937033
  1538.319946  0.152664  0.476801  0.610172  0.743543  0.943004
  1541.869995  0.150196  0.476677  0.610043  0.743409  0.939222
  1545.420044  0.151764  0.476082  0.609413  0.742745  0.938772
  1548.979980  0.150288  0.475564  0.608912  0.742259  0.936899
  1552.530029  0.153986  0.474608  0.607899  0.741191  0.937790
  1556.089966  0.147562  0.473958  0.607117  0.740277  0.934687
  1559.640015  0.149312  0.472773  0.605877  0.738981  0.934600
  1563.199951  0.147175  0.471914  0.604970  0.738027  0.933347
  1566.750000  0.149035  0.470942  0.603950  0.736958  0.931869
  1570.310059  0.145926  0.470091  0.603079  0.736068  0.929284
  1573.869995  0.146377  0.469322  0.602287  0.735251  0.932072
  1577.430054  0.144359  0.468918  0.601807  0.734696  0.929003
  1580.989990  0.143992  0.468150  0.601182  0.734214  0.929827
  1584.550049  0.141121  0.467860  0.600891  0.733923  0.928382
  1588.109985  0.143767  0.467306  0.600463  0.733619  0.929321
  1591.670044  0.143705  0.467439  0.600565  0.733692  0.933815
  1595.229980  0.142086  0.466763  0.599971  0.733178  0.931901
  1598.790039  0.142814  0.466542  0.599894  0.733247  0.932201
  1602.349976  0.140849  0.466270  0.599737  0.733204  0.927659
  1605.920044  0.143096  0.465874  0.599417  0.732959  0.930833
  1609.479980  0.140805  0.465417  0.599007  0.732597  0.927204
  1613.040039  0.140517  0.464504  0.598179  0.731853  0.931384
  1616.609985  0.140760  0.463497  0.597222  0.730947  0.926748
  1620.170044  0.139143  0.462133  0.596025  0.729916  0.925940
  1623.739990  0.136971  0.460204  0.594323  0.728442  0.922006
  1627.310059  0.137268  0.458433  0.592757  0.727081  0.925032
  1630.869995  0.136368  0.456436  0.591018  0.725600  0.921726
  1634.439941  0.136432  0.454972  0.589792  0.724613  0.922046
  1638.010010  0.133207  0.453703  0.588769  0.723834  0.920353
  1641.579956  0.135771  0.453034  0.588194  0.723354  0.920428
  1645.150024  0.133516  0.452718  0.587895  0.723071  0.916835
  1648.709961  0.136432  0.452423  0.587550  0.722677  0.916208
  1652.290039  0.132639  0.452123  0.587056  0.721990  0.914069
  1655.859985  0.134881  0.450330  0.585382  0.720433  0.911251
  1659.430054  0.131622  0.446943  0.582430  0.717916  0.910424
  1663.000000  0.132373  0.441755  0.578129  0.714502  0.904914
  1666.569946  0.128024  0.436112  0.573358  0.710603  0.898319
  1670.140015  0.130996  0.430210  0.568566  0.706921  0.893182
  1673.719971  0.126422  0.424957  0.564026  0.703095  0.891876
  1677.290039  0.127623  0.420805  0.560100  0.699394  0.882525
  1680.869995  0.125956  0.417892  0.556756  0.695620  0.884494
  1684.439941  0.122235  0.415729  0.553532  0.691336  0.872202
  1688.020020  0.128048  0.413451  0.549447  0.685444  0.867458
  1691.589966  0.130023  0.410680  0.544600  0.678519  0.854677
  1695.170044  0.128512  0.408377  0.539885  0.671393  0.845825
  1698.750000  0.131542  0.406211  0.534681  0.663151  0.827581
  1702.329956  0.130029  0.404879  0.530043  0.655207  0.826607
  1705.910034  0.139238  0.403227  0.525088  0.646949  0.822164
  1709.489990  0.146393  0.401693  0.520470  0.639248  0.824079
  1713.069946  0.138362  0.398445  0.513751  0.629056  0.784675
  1716.650024  0.144950  0.394984  0.506524  0.618064  0.773994
  1720.229980  0.150075  0.390599  0.498598  0.606596  0.770375
