ENVI ASCII Plot File [Sun Apr 06 16:26:18 2025]
Column 1: Wavelength
Column 2: Min: ROI #30~~2##255,0,0
Column 3: Mean-StdDev: ROI #30~~21##0,200,0
Column 4: Mean: ROI #30~~0##0,0,0
Column 5: Mean+StdDev: ROI #30~~21##0,200,0
Column 6: Max: ROI #30~~2##255,0,0
   935.609985  0.228843  0.459058  0.531486  0.603914  0.760797
   939.059998  0.235681  0.461908  0.534291  0.606674  0.762960
   942.520020  0.265624  0.478515  0.561071  0.643627  0.805043
   945.979980  0.251539  0.489775  0.581973  0.674172  0.829532
   949.429993  0.263223  0.497924  0.596549  0.695174  0.871623
   952.890015  0.257894  0.505123  0.606901  0.708680  0.873506
   956.349976  0.261948  0.510494  0.614158  0.717822  0.891751
   959.809998  0.261301  0.514594  0.619320  0.724047  0.895732
   963.270020  0.267910  0.518420  0.623993  0.729566  0.906386
   966.729980  0.261893  0.521683  0.627974  0.734265  0.907010
   970.190002  0.269480  0.525248  0.632203  0.739158  0.915798
   973.650024  0.268526  0.528033  0.635614  0.743195  0.920161
   977.109985  0.275340  0.531237  0.639327  0.747418  0.928823
   980.580017  0.273764  0.534255  0.642984  0.751712  0.927853
   984.039978  0.274803  0.537411  0.646612  0.755814  0.934726
   987.510010  0.277606  0.540263  0.649999  0.759736  0.943026
   990.969971  0.282427  0.543355  0.653610  0.763865  0.947693
   994.429993  0.282724  0.546414  0.657217  0.768021  0.950787
   997.900024  0.284638  0.549686  0.661002  0.772317  0.955894
  1001.369995  0.282727  0.552577  0.664425  0.776274  0.961160
  1004.830017  0.288144  0.555605  0.668000  0.780396  0.968865
  1008.299988  0.289206  0.558756  0.671650  0.784544  0.971595
  1011.770020  0.291622  0.562077  0.675442  0.788807  0.977013
  1015.239990  0.294582  0.565055  0.678935  0.792815  0.982742
  1018.710022  0.296910  0.567968  0.682373  0.796777  0.985869
  1022.179993  0.296416  0.571097  0.686034  0.800971  0.989818
  1025.650024  0.297144  0.574264  0.689671  0.805078  0.994515
  1029.119995  0.301419  0.577184  0.693136  0.809087  1.002575
  1032.589966  0.302763  0.580307  0.696721  0.813135  1.007416
  1036.060059  0.303965  0.583187  0.700123  0.817058  1.012776
  1039.530029  0.305173  0.586044  0.703522  0.821000  1.015410
  1043.000000  0.309145  0.589004  0.706976  0.824948  1.022923
  1046.479980  0.308724  0.592018  0.710455  0.828893  1.028018
  1049.949951  0.313209  0.594862  0.713794  0.832727  1.032909
  1053.430054  0.315302  0.597564  0.717003  0.836442  1.036695
  1056.900024  0.316184  0.600388  0.720247  0.840106  1.042394
  1060.380005  0.316363  0.603143  0.723455  0.843767  1.045089
  1063.849976  0.318014  0.605856  0.726668  0.847481  1.048473
  1067.329956  0.320702  0.608519  0.729811  0.851102  1.054143
  1070.810059  0.323558  0.611165  0.732886  0.854607  1.059151
  1074.290039  0.325000  0.613832  0.735999  0.858166  1.061841
  1077.760010  0.326890  0.616340  0.738965  0.861589  1.066226
  1081.239990  0.328613  0.618878  0.741916  0.864954  1.071584
  1084.719971  0.331063  0.621333  0.744799  0.868264  1.075827
  1088.199951  0.331131  0.623595  0.747472  0.871349  1.078045
  1091.680054  0.329832  0.625747  0.750066  0.874384  1.082730
  1095.170044  0.333194  0.627964  0.752691  0.877418  1.086664
  1098.650024  0.334406  0.630137  0.755216  0.880295  1.089598
  1102.130005  0.334475  0.631987  0.757449  0.882911  1.094139
  1105.609985  0.335809  0.633747  0.759529  0.885311  1.097919
  1109.099976  0.336242  0.635374  0.761458  0.887543  1.100119
  1112.579956  0.336340  0.636943  0.763370  0.889796  1.104614
  1116.069946  0.337138  0.638469  0.765264  0.892059  1.106563
  1119.550049  0.338045  0.639848  0.766957  0.894066  1.109914
  1123.040039  0.335705  0.640931  0.768381  0.895831  1.111125
  1126.520020  0.334122  0.641655  0.769442  0.897229  1.113734
  1130.010010  0.333654  0.641754  0.769858  0.897962  1.116143
  1133.500000  0.331982  0.641255  0.769741  0.898227  1.116659
  1136.989990  0.330220  0.640201  0.769224  0.898248  1.116363
  1140.469971  0.331757  0.639377  0.768900  0.898424  1.115316
  1143.959961  0.330771  0.639058  0.768967  0.898877  1.118760
  1147.449951  0.332291  0.639666  0.769622  0.899578  1.119943
  1150.939941  0.333107  0.640910  0.770665  0.900419  1.117846
  1154.430054  0.335856  0.642321  0.771673  0.901025  1.118813
  1157.930054  0.333171  0.643049  0.772065  0.901081  1.119252
  1161.420044  0.336649  0.643171  0.771816  0.900460  1.118721
  1164.910034  0.336034  0.642645  0.771105  0.899566  1.117689
  1168.400024  0.337248  0.642127  0.770377  0.898626  1.116713
  1171.900024  0.335762  0.641487  0.769619  0.897751  1.116101
  1175.390015  0.337844  0.640733  0.768711  0.896689  1.113854
  1178.890015  0.336370  0.640003  0.767897  0.895791  1.111318
  1182.380005  0.334362  0.639519  0.767329  0.895139  1.111766
  1185.880005  0.332417  0.639353  0.767216  0.895079  1.111112
  1189.369995  0.332710  0.639668  0.767724  0.895780  1.111953
  1192.869995  0.335309  0.640418  0.768729  0.897041  1.115367
  1196.369995  0.335483  0.641530  0.770170  0.898810  1.117801
  1199.869995  0.333080  0.642748  0.771741  0.900733  1.120672
  1203.369995  0.333527  0.644061  0.773441  0.902821  1.123256
  1206.869995  0.336406  0.645625  0.775290  0.904955  1.126399
  1210.369995  0.336487  0.647360  0.777369  0.907378  1.128967
  1213.869995  0.337689  0.649424  0.779825  0.910227  1.132840
  1217.369995  0.338052  0.651978  0.782744  0.913511  1.137447
  1220.869995  0.341417  0.654480  0.785734  0.916988  1.140540
  1224.369995  0.339129  0.657197  0.788838  0.920480  1.143939
  1227.869995  0.341471  0.659872  0.791969  0.924066  1.150744
  1231.380005  0.342623  0.662505  0.794981  0.927458  1.153184
  1234.880005  0.347219  0.664848  0.797728  0.930607  1.158441
  1238.390015  0.346471  0.667230  0.800475  0.933721  1.159001
  1241.890015  0.348298  0.669322  0.802946  0.936569  1.163561
  1245.400024  0.345663  0.671272  0.805311  0.939350  1.167352
  1248.900024  0.350075  0.673069  0.807449  0.941829  1.172616
  1252.410034  0.347238  0.674696  0.809386  0.944075  1.172255
  1255.920044  0.350003  0.676276  0.811262  0.946249  1.176319
  1259.420044  0.345456  0.677654  0.812996  0.948338  1.180007
  1262.930054  0.349036  0.678982  0.814571  0.950160  1.183542
  1266.439941  0.350800  0.680454  0.816276  0.952098  1.184525
  1269.949951  0.351108  0.681593  0.817758  0.953923  1.189337
  1273.459961  0.350366  0.682961  0.819369  0.955777  1.190562
  1276.969971  0.351074  0.684184  0.820927  0.957670  1.192805
  1280.479980  0.348627  0.685617  0.822635  0.959652  1.192435
  1283.989990  0.352524  0.686790  0.824197  0.961604  1.200927
  1287.510010  0.352233  0.688254  0.825905  0.963556  1.203653
  1291.020020  0.352839  0.689334  0.827351  0.965367  1.201316
  1294.530029  0.354677  0.690567  0.828752  0.966937  1.205153
  1298.050049  0.352119  0.691326  0.829846  0.968365  1.207937
  1301.560059  0.354365  0.692342  0.831017  0.969693  1.208833
  1305.079956  0.354434  0.693101  0.831987  0.970872  1.210204
  1308.589966  0.354874  0.693692  0.832755  0.971819  1.210059
  1312.109985  0.352224  0.693933  0.833150  0.972367  1.211771
  1315.619995  0.355227  0.694097  0.833437  0.972778  1.214972
  1319.140015  0.349085  0.693768  0.833177  0.972587  1.214062
  1322.660034  0.355428  0.693370  0.832737  0.972104  1.215292
  1326.180054  0.348543  0.692203  0.831558  0.970913  1.209901
  1329.699951  0.350160  0.690702  0.829840  0.968978  1.210944
  1333.219971  0.350472  0.688368  0.827309  0.966250  1.204048
  1336.739990  0.349522  0.685645  0.824193  0.962740  1.203076
  1340.260010  0.347609  0.682406  0.820640  0.958875  1.197861
  1343.780029  0.348043  0.678804  0.816446  0.954088  1.192175
  1347.300049  0.342491  0.674495  0.811611  0.948727  1.182669
  1350.819946  0.341287  0.670210  0.806675  0.943140  1.177894
  1354.349976  0.339648  0.666082  0.801906  0.937729  1.173360
  1357.869995  0.338412  0.662292  0.797412  0.932532  1.162908
  1361.390015  0.334853  0.658575  0.793202  0.927830  1.158142
  1364.920044  0.336883  0.655268  0.789427  0.923586  1.153555
  1368.439941  0.331340  0.651907  0.785767  0.919627  1.150844
  1371.969971  0.331221  0.648852  0.782445  0.916038  1.147269
  1375.500000  0.328780  0.646428  0.779797  0.913165  1.143570
  1379.020020  0.330665  0.644205  0.777166  0.910127  1.135781
  1382.550049  0.329019  0.641586  0.774143  0.906700  1.132777
  1386.079956  0.327928  0.638200  0.770517  0.902835  1.127038
  1389.609985  0.327479  0.634145  0.765922  0.897699  1.119904
  1393.140015  0.324356  0.629430  0.760325  0.891220  1.109861
  1396.670044  0.320258  0.623541  0.753572  0.883603  1.099815
  1400.199951  0.316093  0.616920  0.745839  0.874758  1.096929
  1403.729980  0.314431  0.608887  0.736543  0.864199  1.083366
  1407.260010  0.305546  0.599690  0.725878  0.852067  1.065593
  1410.790039  0.302692  0.589321  0.713843  0.838366  1.051824
  1414.319946  0.292952  0.577953  0.700707  0.823461  1.029669
  1417.859985  0.288610  0.566302  0.687071  0.807839  1.011971
  1421.390015  0.281277  0.554725  0.673438  0.792151  0.989461
  1424.920044  0.275400  0.543290  0.660024  0.776757  0.973236
  1428.459961  0.264616  0.532904  0.647812  0.762720  0.950139
  1431.989990  0.265343  0.523566  0.636749  0.749931  0.935804
  1435.530029  0.258433  0.515716  0.627574  0.739432  0.920202
  1439.069946  0.253909  0.509231  0.619946  0.730661  0.914172
  1442.599976  0.248922  0.503965  0.613815  0.723665  0.905798
  1446.140015  0.250703  0.499950  0.609084  0.718219  0.897210
  1449.680054  0.246600  0.496958  0.605574  0.714189  0.887839
  1453.219971  0.247800  0.494653  0.602893  0.711133  0.884258
  1456.760010  0.244753  0.493123  0.601091  0.709060  0.881940
  1460.300049  0.245644  0.491628  0.599492  0.707356  0.881518
  1463.839966  0.244882  0.491076  0.598877  0.706678  0.880222
  1467.380005  0.243670  0.490620  0.598456  0.706292  0.880471
  1470.920044  0.242362  0.490857  0.598781  0.706706  0.880191
  1474.459961  0.243003  0.490944  0.599068  0.707192  0.880863
  1478.010010  0.242474  0.491677  0.599976  0.708275  0.879876
  1481.550049  0.244097  0.492257  0.600797  0.709337  0.885332
  1485.089966  0.244554  0.492986  0.601756  0.710526  0.884389
  1488.640015  0.242192  0.493394  0.602386  0.711378  0.885060
  1492.180054  0.243307  0.494319  0.603537  0.712755  0.887002
  1495.729980  0.243772  0.495103  0.604622  0.714140  0.890803
  1499.270020  0.246046  0.496424  0.606227  0.716029  0.894552
  1502.819946  0.241858  0.497472  0.607598  0.717723  0.895175
  1506.369995  0.245896  0.498695  0.609143  0.719591  0.900049
  1509.910034  0.244915  0.499832  0.610656  0.721481  0.897908
  1513.459961  0.244638  0.500911  0.611980  0.723048  0.902101
  1517.010010  0.244967  0.501658  0.613111  0.724563  0.903775
  1520.560059  0.245554  0.502635  0.614362  0.726090  0.909656
  1524.109985  0.248111  0.503206  0.615281  0.727355  0.908359
  1527.660034  0.245625  0.503891  0.616068  0.728245  0.911218
  1531.209961  0.243571  0.503935  0.616389  0.728843  0.908179
  1534.760010  0.245910  0.504238  0.616720  0.729203  0.912970
  1538.319946  0.245344  0.504007  0.616639  0.729272  0.910361
  1541.869995  0.245861  0.503885  0.616519  0.729153  0.915155
  1545.420044  0.244218  0.503230  0.615906  0.728581  0.913200
  1548.979980  0.244516  0.502550  0.615205  0.727861  0.911501
  1552.530029  0.242019  0.501805  0.614420  0.727035  0.913610
  1556.089966  0.242465  0.500920  0.613517  0.726114  0.911132
  1559.640015  0.240464  0.499817  0.612365  0.724912  0.911151
  1563.199951  0.241373  0.499028  0.611580  0.724132  0.910703
  1566.750000  0.239461  0.498147  0.610667  0.723186  0.911481
  1570.310059  0.240260  0.497255  0.609687  0.722120  0.906177
  1573.869995  0.240615  0.496399  0.608872  0.721345  0.906693
  1577.430054  0.237788  0.496027  0.608485  0.720943  0.905115
  1580.989990  0.239598  0.495355  0.607853  0.720351  0.904756
  1584.550049  0.235939  0.494942  0.607485  0.720029  0.899741
  1588.109985  0.239406  0.494241  0.606931  0.719621  0.902354
  1591.670044  0.237157  0.494502  0.607164  0.719827  0.898297
  1595.229980  0.238567  0.493865  0.606654  0.719444  0.902675
  1598.790039  0.235634  0.493709  0.606559  0.719409  0.902954
  1602.349976  0.237194  0.493431  0.606327  0.719222  0.900168
  1605.920044  0.231005  0.492918  0.605928  0.718938  0.896165
  1609.479980  0.236857  0.492453  0.605478  0.718502  0.901169
  1613.040039  0.234928  0.491464  0.604559  0.717655  0.900699
  1616.609985  0.232492  0.490253  0.603309  0.716366  0.903958
  1620.170044  0.231015  0.488602  0.601738  0.714874  0.898089
  1623.739990  0.224415  0.486414  0.599555  0.712695  0.901467
  1627.310059  0.220555  0.484236  0.597547  0.710858  0.897603
  1630.869995  0.216760  0.481894  0.595351  0.708808  0.895476
  1634.439941  0.212577  0.480068  0.593810  0.707552  0.897825
  1638.010010  0.210137  0.478506  0.592497  0.706488  0.895400
  1641.579956  0.212584  0.477895  0.592044  0.706193  0.890962
  1645.150024  0.208636  0.477448  0.591677  0.705906  0.894126
  1648.709961  0.207561  0.477245  0.591341  0.705437  0.893511
  1652.290039  0.209830  0.476738  0.590644  0.704549  0.889549
  1655.859985  0.205699  0.474441  0.588424  0.702407  0.885126
  1659.430054  0.197162  0.469754  0.584413  0.699072  0.884363
  1663.000000  0.183572  0.462751  0.578999  0.695247  0.881702
  1666.569946  0.173251  0.454272  0.572901  0.691529  0.880062
  1670.140015  0.159498  0.444858  0.566533  0.688207  0.872723
  1673.719971  0.153208  0.436451  0.560782  0.685112  0.867571
  1677.290039  0.147893  0.430247  0.556130  0.682012  0.864500
  1680.869995  0.150430  0.426617  0.552596  0.678575  0.853637
  1684.439941  0.145927  0.424566  0.549432  0.674298  0.846012
  1688.020020  0.153751  0.423121  0.545723  0.668325  0.837125
  1691.589966  0.151718  0.421375  0.541324  0.661274  0.833698
  1695.170044  0.156463  0.420508  0.537376  0.654243  0.819750
  1698.750000  0.163508  0.419872  0.532705  0.645537  0.820230
  1702.329956  0.176204  0.420605  0.529344  0.638083  0.805786
  1705.910034  0.171583  0.420022  0.525174  0.630326  0.811395
  1709.489990  0.182699  0.418762  0.520571  0.622380  0.792163
  1713.069946  0.180609  0.415791  0.514255  0.612719  0.798531
  1716.650024  0.190189  0.411634  0.507121  0.602607  0.773585
  1720.229980  0.174468  0.406634  0.499195  0.591756  0.768215
