ENVI ASCII Plot File [Sun Apr 06 16:23:00 2025]
Column 1: Wavelength
Column 2: Min: ROI #26~~2##255,0,0
Column 3: Mean-StdDev: ROI #26~~21##0,200,0
Column 4: Mean: ROI #26~~0##0,0,0
Column 5: Mean+StdDev: ROI #26~~21##0,200,0
Column 6: Max: ROI #26~~2##255,0,0
   935.609985  0.268936  0.450863  0.524696  0.598528  0.742607
   939.059998  0.273571  0.453818  0.527721  0.601624  0.745144
   942.520020  0.281552  0.471619  0.556727  0.641835  0.815233
   945.979980  0.257976  0.483939  0.579319  0.674699  0.849589
   949.429993  0.244043  0.492940  0.595192  0.697444  0.905534
   952.890015  0.245189  0.500704  0.606172  0.711639  0.920953
   956.349976  0.242465  0.506194  0.613702  0.721210  0.938744
   959.809998  0.241378  0.510507  0.618986  0.727465  0.943478
   963.270020  0.244529  0.514141  0.623517  0.732892  0.955601
   966.729980  0.245916  0.517470  0.627555  0.737641  0.959211
   970.190002  0.249074  0.520888  0.631651  0.742414  0.965610
   973.650024  0.250323  0.523683  0.634988  0.746294  0.973482
   977.109985  0.252636  0.526580  0.638444  0.750307  0.977582
   980.580017  0.250866  0.529638  0.641999  0.754360  0.981514
   984.039978  0.256447  0.532610  0.645558  0.758506  0.986326
   987.510010  0.255535  0.535425  0.648811  0.762196  0.992266
   990.969971  0.261239  0.538414  0.652313  0.766212  0.995248
   994.429993  0.261031  0.541373  0.655809  0.770246  1.002642
   997.900024  0.265007  0.544509  0.659395  0.774280  1.004527
  1001.369995  0.264703  0.547279  0.662724  0.778169  1.008952
  1004.830017  0.268719  0.550296  0.666204  0.782113  1.012287
  1008.299988  0.268991  0.553258  0.669679  0.786101  1.019023
  1011.770020  0.272526  0.556370  0.673290  0.790209  1.022002
  1015.239990  0.271648  0.559259  0.676654  0.794048  1.027497
  1018.710022  0.273470  0.562140  0.679985  0.797830  1.033539
  1022.179993  0.277279  0.565081  0.683448  0.801815  1.039932
  1025.650024  0.278578  0.568049  0.686942  0.805834  1.041812
  1029.119995  0.278734  0.570891  0.690304  0.809718  1.047586
  1032.589966  0.282333  0.573917  0.693787  0.813657  1.052952
  1036.060059  0.284748  0.576740  0.697054  0.817369  1.060733
  1039.530029  0.287735  0.579528  0.700348  0.821169  1.063713
  1043.000000  0.289479  0.582329  0.703643  0.824958  1.067303
  1046.479980  0.291922  0.585254  0.707038  0.828822  1.071249
  1049.949951  0.293841  0.587994  0.710269  0.832543  1.077078
  1053.430054  0.295202  0.590612  0.713366  0.836119  1.083038
  1056.900024  0.296687  0.593329  0.716541  0.839752  1.087132
  1060.380005  0.298196  0.596014  0.719658  0.843301  1.091073
  1063.849976  0.300894  0.598601  0.722731  0.846861  1.095579
  1067.329956  0.302650  0.601176  0.725767  0.850357  1.100218
  1070.810059  0.305118  0.603739  0.728735  0.853732  1.104273
  1074.290039  0.305618  0.606272  0.731717  0.857162  1.108974
  1077.760010  0.308656  0.608691  0.734579  0.860468  1.113591
  1081.239990  0.312181  0.611134  0.737430  0.863726  1.117460
  1084.719971  0.312944  0.613444  0.740147  0.866850  1.120335
  1088.199951  0.313782  0.615564  0.742643  0.869722  1.123932
  1091.680054  0.315820  0.617594  0.745064  0.872535  1.127593
  1095.170044  0.317245  0.619570  0.747434  0.875299  1.130856
  1098.650024  0.318009  0.621486  0.749681  0.877876  1.133888
  1102.130005  0.320360  0.623111  0.751613  0.880116  1.137066
  1105.609985  0.322214  0.624542  0.753302  0.882061  1.139068
  1109.099976  0.323568  0.625901  0.754893  0.883885  1.139514
  1112.579956  0.323791  0.627222  0.756443  0.885664  1.140890
  1116.069946  0.323208  0.628352  0.757832  0.887311  1.140302
  1119.550049  0.324082  0.629422  0.759077  0.888732  1.138572
  1123.040039  0.324490  0.630164  0.759919  0.889674  1.134749
  1126.520020  0.324201  0.630506  0.760249  0.889991  1.128692
  1130.010010  0.324339  0.630039  0.759711  0.889384  1.117062
  1133.500000  0.323355  0.628832  0.758345  0.887858  1.096422
  1136.989990  0.323392  0.626932  0.756400  0.885867  1.095643
  1140.469971  0.321751  0.625277  0.754811  0.884345  1.095616
  1143.959961  0.319889  0.624358  0.754068  0.883777  1.094602
  1147.449951  0.320789  0.624711  0.754513  0.884316  1.093969
  1150.939941  0.320381  0.625874  0.755689  0.885505  1.093746
  1154.430054  0.322066  0.627162  0.756926  0.886689  1.093992
  1157.930054  0.320685  0.627654  0.757413  0.887173  1.106762
  1161.420044  0.324293  0.627398  0.757052  0.886707  1.117188
  1164.910034  0.320224  0.626309  0.755867  0.885425  1.120329
  1168.400024  0.319861  0.625288  0.754671  0.884054  1.124384
  1171.900024  0.319700  0.624171  0.753386  0.882602  1.126401
  1175.390015  0.320512  0.623010  0.752052  0.881094  1.125265
  1178.890015  0.316776  0.621940  0.750819  0.879699  1.122977
  1182.380005  0.317996  0.621184  0.749907  0.878630  1.118981
  1185.880005  0.315692  0.620731  0.749411  0.878091  1.116762
  1189.369995  0.317369  0.620925  0.749686  0.878447  1.116076
  1192.869995  0.319751  0.621661  0.750575  0.879488  1.117822
  1196.369995  0.318191  0.622846  0.751961  0.881075  1.113877
  1199.869995  0.319740  0.624087  0.753494  0.882901  1.114557
  1203.369995  0.319451  0.625508  0.755215  0.884922  1.112227
  1206.869995  0.321728  0.627039  0.757032  0.887024  1.113556
  1210.369995  0.323157  0.628819  0.759218  0.889616  1.117543
  1213.869995  0.325007  0.631004  0.761825  0.892647  1.124741
  1217.369995  0.327659  0.633634  0.764959  0.896284  1.133308
  1220.869995  0.329125  0.636233  0.768159  0.900085  1.143575
  1224.369995  0.331957  0.639076  0.771563  0.904050  1.151438
  1227.869995  0.333411  0.641822  0.774832  0.907841  1.160064
  1231.380005  0.334641  0.644383  0.777892  0.911400  1.168822
  1234.880005  0.337647  0.646714  0.780696  0.914677  1.174869
  1238.390015  0.339790  0.648953  0.783340  0.917726  1.180523
  1241.890015  0.341613  0.651006  0.785802  0.920597  1.183524
  1245.400024  0.340406  0.652840  0.787974  0.923108  1.190745
  1248.900024  0.343032  0.654468  0.790007  0.925546  1.193225
  1252.410034  0.344319  0.656001  0.791814  0.927627  1.197445
  1255.920044  0.345209  0.657391  0.793561  0.929731  1.201784
  1259.420044  0.344835  0.658610  0.795110  0.931609  1.205639
  1262.930054  0.346769  0.659630  0.796441  0.933252  1.207465
  1266.439941  0.346705  0.660944  0.797885  0.934826  1.212934
  1269.949951  0.350733  0.661958  0.799166  0.936373  1.213909
  1273.459961  0.351260  0.663135  0.800563  0.937991  1.221483
  1276.969971  0.350068  0.664221  0.801980  0.939740  1.221876
  1280.479980  0.348333  0.665429  0.803440  0.941451  1.220855
  1283.989990  0.352261  0.666601  0.804914  0.943227  1.224139
  1287.510010  0.353348  0.667824  0.806364  0.944904  1.230590
  1291.020020  0.357038  0.668756  0.807666  0.946575  1.229891
  1294.530029  0.354618  0.669815  0.808818  0.947821  1.231145
  1298.050049  0.356001  0.670415  0.809704  0.948994  1.232065
  1301.560059  0.354926  0.671167  0.810578  0.949989  1.233454
  1305.079956  0.356065  0.671753  0.811400  0.951048  1.236737
  1308.589966  0.357165  0.672252  0.811992  0.951733  1.238097
  1312.109985  0.354573  0.672226  0.812106  0.951985  1.238110
  1315.619995  0.356607  0.671982  0.811870  0.951759  1.234284
  1319.140015  0.356546  0.671306  0.811210  0.951114  1.235867
  1322.660034  0.355124  0.670600  0.810388  0.950176  1.234373
  1326.180054  0.352320  0.669107  0.808774  0.948441  1.230026
  1329.699951  0.352260  0.667117  0.806534  0.945952  1.230461
  1333.219971  0.348283  0.664208  0.803266  0.942323  1.226262
  1336.739990  0.346368  0.661089  0.799658  0.938228  1.218251
  1340.260010  0.343439  0.657285  0.795358  0.933431  1.212854
  1343.780029  0.341311  0.653273  0.790664  0.928056  1.205466
  1347.300049  0.335200  0.648602  0.785313  0.922024  1.197083
  1350.819946  0.335121  0.643972  0.779997  0.916021  1.186652
  1354.349976  0.330078  0.639644  0.774943  0.910242  1.183367
  1357.869995  0.326338  0.635502  0.770160  0.904818  1.174451
  1361.390015  0.324363  0.631731  0.765700  0.899669  1.168105
  1364.920044  0.321336  0.627933  0.761339  0.894745  1.158594
  1368.439941  0.316493  0.624213  0.757141  0.890068  1.152495
  1371.969971  0.316556  0.620987  0.753448  0.885909  1.144638
  1375.500000  0.315065  0.618217  0.750413  0.882610  1.140987
  1379.020020  0.314942  0.615910  0.747596  0.879282  1.132861
  1382.550049  0.306583  0.613157  0.744371  0.875584  1.128919
  1386.079956  0.306704  0.609600  0.740432  0.871264  1.119836
  1389.609985  0.303435  0.605368  0.735534  0.865700  1.110362
  1393.140015  0.300027  0.600360  0.729558  0.858756  1.097870
  1396.670044  0.293877  0.594096  0.722343  0.850590  1.089718
  1400.199951  0.292474  0.587375  0.714462  0.841550  1.076172
  1403.729980  0.282787  0.579155  0.704906  0.830657  1.064004
  1407.260010  0.275313  0.569965  0.694247  0.818530  1.046444
  1410.790039  0.271229  0.559735  0.682335  0.804934  1.027717
  1414.319946  0.260338  0.548846  0.669698  0.790549  1.008937
  1417.859985  0.255648  0.537457  0.656468  0.775479  0.991758
  1421.390015  0.247979  0.526476  0.643500  0.760524  0.978263
  1424.920044  0.241703  0.515569  0.630754  0.745938  0.955992
  1428.459961  0.233542  0.505787  0.619169  0.732551  0.938925
  1431.989990  0.230981  0.496826  0.608702  0.720578  0.926518
  1435.530029  0.224226  0.489581  0.600068  0.710556  0.911211
  1439.069946  0.220927  0.483125  0.592616  0.702107  0.903350
  1442.599976  0.215383  0.477957  0.586593  0.695230  0.893381
  1446.140015  0.216096  0.473942  0.581913  0.689885  0.886967
  1449.680054  0.210795  0.470650  0.578132  0.685613  0.886299
  1453.219971  0.211123  0.468234  0.575284  0.682334  0.877587
  1456.760010  0.208789  0.466351  0.573130  0.679908  0.878052
  1460.300049  0.208725  0.464492  0.571083  0.677674  0.876411
  1463.839966  0.206602  0.463478  0.569963  0.676449  0.876991
  1467.380005  0.210636  0.462631  0.569067  0.675503  0.877363
  1470.920044  0.206882  0.462436  0.568894  0.675353  0.878490
  1474.459961  0.207962  0.462100  0.568763  0.675427  0.875587
  1478.010010  0.205203  0.462444  0.569237  0.676030  0.881344
  1481.550049  0.206154  0.462695  0.569694  0.676693  0.880225
  1485.089966  0.208262  0.463040  0.570192  0.677343  0.884653
  1488.640015  0.208357  0.463117  0.570417  0.677718  0.884561
  1492.180054  0.204857  0.463650  0.571080  0.678510  0.885533
  1495.729980  0.208163  0.464030  0.571753  0.679477  0.885272
  1499.270020  0.209791  0.465089  0.573012  0.680935  0.893962
  1502.819946  0.208686  0.465853  0.574052  0.682251  0.890466
  1506.369995  0.211511  0.466818  0.575312  0.683805  0.898294
  1509.910034  0.209941  0.467656  0.576468  0.685281  0.897464
  1513.459961  0.211111  0.468687  0.577784  0.686881  0.901656
  1517.010010  0.210425  0.469254  0.578622  0.687990  0.904022
  1520.560059  0.211287  0.469859  0.579539  0.689219  0.905695
  1524.109985  0.210980  0.470459  0.580351  0.690243  0.906625
  1527.660034  0.213641  0.470854  0.580935  0.691017  0.909776
  1531.209961  0.210714  0.470765  0.581071  0.691376  0.909957
  1534.760010  0.213864  0.471019  0.581435  0.691851  0.913548
  1538.319946  0.212847  0.470745  0.581227  0.691708  0.914300
  1541.869995  0.214423  0.470617  0.581118  0.691620  0.913736
  1545.420044  0.212351  0.469923  0.580431  0.690938  0.911280
  1548.979980  0.212518  0.469312  0.579809  0.690307  0.912046
  1552.530029  0.210195  0.468539  0.579017  0.689495  0.913346
  1556.089966  0.211916  0.467659  0.578077  0.688494  0.909467
  1559.640015  0.209920  0.466468  0.576891  0.687314  0.909058
  1563.199951  0.208578  0.465675  0.576027  0.686379  0.906117
  1566.750000  0.207700  0.464598  0.574911  0.685224  0.908473
  1570.310059  0.208194  0.463660  0.573954  0.684248  0.905887
  1573.869995  0.208842  0.462822  0.573090  0.683358  0.907958
  1577.430054  0.208054  0.462347  0.572613  0.682880  0.903123
  1580.989990  0.206855  0.461446  0.571701  0.681956  0.905123
  1584.550049  0.207342  0.461017  0.571210  0.681402  0.900810
  1588.109985  0.207104  0.460270  0.570485  0.680700  0.897098
  1591.670044  0.207373  0.460199  0.570443  0.680687  0.894631
  1595.229980  0.206098  0.459529  0.569828  0.680126  0.895787
  1598.790039  0.207993  0.459268  0.569592  0.679916  0.894421
  1602.349976  0.206192  0.458876  0.569111  0.679346  0.892610
  1605.920044  0.204303  0.458196  0.568398  0.678600  0.888869
  1609.479980  0.205597  0.457429  0.567570  0.677711  0.887117
  1613.040039  0.201451  0.456361  0.566367  0.676373  0.880646
  1616.609985  0.204207  0.454943  0.564715  0.674487  0.874210
  1620.170044  0.201674  0.453267  0.562683  0.672100  0.857546
  1623.739990  0.203023  0.450607  0.559774  0.668941  0.839088
  1627.310059  0.199382  0.448057  0.556984  0.665911  0.818079
  1630.869995  0.199150  0.444990  0.553844  0.662697  0.811181
  1634.439941  0.196265  0.442550  0.551423  0.660296  0.811753
  1638.010010  0.195751  0.440557  0.549505  0.658454  0.810586
  1641.579956  0.193503  0.439582  0.548594  0.657607  0.810223
  1645.150024  0.194315  0.438814  0.547872  0.656930  0.807597
  1648.709961  0.193254  0.438477  0.547446  0.656415  0.807355
  1652.290039  0.190807  0.437929  0.546695  0.655461  0.807015
  1655.859985  0.189775  0.435139  0.543851  0.652563  0.802066
  1659.430054  0.182215  0.429220  0.538510  0.647799  0.797973
  1663.000000  0.176496  0.419861  0.531255  0.642650  0.792132
  1666.569946  0.154670  0.407843  0.523062  0.638280  0.789985
  1670.140015  0.127553  0.394378  0.514696  0.635014  0.784315
  1673.719971  0.105104  0.382744  0.507673  0.632602  0.779701
  1677.290039  0.095749  0.374728  0.502493  0.630258  0.772611
  1680.869995  0.093191  0.370799  0.499105  0.627412  0.770938
  1684.439941  0.095859  0.369628  0.496417  0.623207  0.759834
  1688.020020  0.104475  0.369776  0.493703  0.617630  0.754894
  1691.589966  0.108205  0.370054  0.490468  0.610883  0.747739
  1695.170044  0.120933  0.371441  0.487617  0.603794  0.739301
  1698.750000  0.141646  0.374035  0.484931  0.595827  0.730569
  1702.329956  0.160199  0.378182  0.483700  0.589218  0.723710
  1705.910034  0.168515  0.380234  0.481495  0.582757  0.714080
  1709.489990  0.154950  0.380675  0.478332  0.575988  0.717809
  1713.069946  0.181338  0.379384  0.473717  0.568050  0.690016
  1716.650024  0.178606  0.377100  0.468205  0.559310  0.691248
  1720.229980  0.167808  0.372857  0.461369  0.549881  0.663958
