ENVI ASCII Plot File [Sun Apr 06 17:05:15 2025]
Column 1: Wavelength
Column 2: Min: ROI #69~~2##255,0,0
Column 3: Mean-StdDev: ROI #69~~21##0,200,0
Column 4: Mean: ROI #69~~0##0,0,0
Column 5: Mean+StdDev: ROI #69~~21##0,200,0
Column 6: Max: ROI #69~~2##255,0,0
   935.609985  0.262248  0.477854  0.552842  0.627830  0.761347
   939.059998  0.267336  0.480495  0.555727  0.630959  0.753517
   942.520020  0.266273  0.495646  0.584198  0.672749  0.776142
   945.979980  0.254887  0.504805  0.604922  0.705039  0.808471
   949.429993  0.253490  0.512714  0.620250  0.727787  0.844611
   952.890015  0.239865  0.518930  0.630130  0.741330  0.863280
   956.349976  0.251159  0.523885  0.637149  0.750413  0.869267
   959.809998  0.244946  0.527563  0.641963  0.756362  0.881065
   963.270020  0.248754  0.531198  0.646377  0.761556  0.885353
   966.729980  0.249487  0.534352  0.650361  0.766370  0.890138
   970.190002  0.252313  0.537645  0.654262  0.770879  0.898036
   973.650024  0.254450  0.540364  0.657634  0.774904  0.901933
   977.109985  0.252963  0.543359  0.661100  0.778840  0.909022
   980.580017  0.255289  0.546403  0.664709  0.783015  0.911894
   984.039978  0.260560  0.549315  0.668101  0.786886  0.916894
   987.510010  0.259370  0.552077  0.671372  0.790668  0.920521
   990.969971  0.262883  0.555045  0.674816  0.794588  0.926554
   994.429993  0.262495  0.558038  0.678306  0.798573  0.930012
   997.900024  0.265122  0.561254  0.681976  0.802698  0.937778
  1001.369995  0.267872  0.564062  0.685295  0.806528  0.940853
  1004.830017  0.270560  0.567038  0.688735  0.810432  0.946853
  1008.299988  0.272331  0.570046  0.692262  0.814478  0.952032
  1011.770020  0.274935  0.573178  0.695867  0.818557  0.958621
  1015.239990  0.275265  0.576059  0.699213  0.822368  0.961753
  1018.710022  0.276431  0.578912  0.702565  0.826217  0.967018
  1022.179993  0.278784  0.581893  0.706037  0.830180  0.971408
  1025.650024  0.281628  0.584865  0.709490  0.834116  0.974784
  1029.119995  0.283522  0.587789  0.712898  0.838007  0.980082
  1032.589966  0.287711  0.590622  0.716192  0.841762  0.986468
  1036.060059  0.289915  0.593343  0.719340  0.845338  0.990691
  1039.530029  0.289273  0.596133  0.722597  0.849060  0.993598
  1043.000000  0.290339  0.599000  0.725917  0.852834  0.999274
  1046.479980  0.292347  0.601874  0.729227  0.856579  1.003584
  1049.949951  0.294867  0.604588  0.732365  0.860142  1.009430
  1053.430054  0.296266  0.607268  0.735466  0.863664  1.013895
  1056.900024  0.299898  0.609941  0.738569  0.867198  1.018927
  1060.380005  0.300544  0.612570  0.741599  0.870627  1.022684
  1063.849976  0.303128  0.615218  0.744667  0.874116  1.026306
  1067.329956  0.306628  0.617749  0.747653  0.877558  1.030283
  1070.810059  0.308698  0.620282  0.750609  0.880937  1.034865
  1074.290039  0.310029  0.622885  0.753612  0.884339  1.039486
  1077.760010  0.310596  0.625306  0.756444  0.887583  1.043370
  1081.239990  0.312648  0.627733  0.759282  0.890832  1.048294
  1084.719971  0.314572  0.630091  0.762038  0.893985  1.052583
  1088.199951  0.316026  0.632277  0.764609  0.896940  1.054162
  1091.680054  0.317336  0.634466  0.767160  0.899854  1.058326
  1095.170044  0.318929  0.636610  0.769673  0.902737  1.063186
  1098.650024  0.321135  0.638682  0.772092  0.905501  1.065217
  1102.130005  0.322658  0.640505  0.774276  0.908047  1.068457
  1105.609985  0.321844  0.642203  0.776299  0.910395  1.072542
  1109.099976  0.323961  0.643782  0.778162  0.912541  1.076857
  1112.579956  0.324110  0.645405  0.780077  0.914749  1.079561
  1116.069946  0.324138  0.646868  0.781900  0.916932  1.082180
  1119.550049  0.325588  0.648273  0.783630  0.918986  1.084285
  1123.040039  0.326714  0.649423  0.785148  0.920873  1.087621
  1126.520020  0.326740  0.650258  0.786356  0.922454  1.089101
  1130.010010  0.327401  0.650556  0.787078  0.923601  1.091547
  1133.500000  0.327754  0.650428  0.787404  0.924380  1.093214
  1136.989990  0.324700  0.649716  0.787352  0.924988  1.093128
  1140.469971  0.322894  0.649279  0.787489  0.925698  1.092238
  1143.959961  0.322389  0.649304  0.787905  0.926506  1.093567
  1147.449951  0.325473  0.649877  0.788531  0.927185  1.094856
  1150.939941  0.324066  0.650917  0.789381  0.927845  1.096464
  1154.430054  0.327634  0.652180  0.790180  0.928180  1.099085
  1157.930054  0.327896  0.652759  0.790354  0.927949  1.094769
  1161.420044  0.330760  0.652982  0.790172  0.927362  1.096224
  1164.910034  0.328014  0.652491  0.789506  0.926521  1.095955
  1168.400024  0.328239  0.652037  0.788851  0.925666  1.093533
  1171.900024  0.326740  0.651435  0.788116  0.924797  1.090629
  1175.390015  0.327675  0.650913  0.787447  0.923982  1.092785
  1178.890015  0.325810  0.650423  0.786940  0.923457  1.090013
  1182.380005  0.326735  0.650154  0.786649  0.923143  1.088598
  1185.880005  0.326850  0.650116  0.786720  0.923325  1.087776
  1189.369995  0.326971  0.650615  0.787399  0.924182  1.089309
  1192.869995  0.325109  0.651430  0.788514  0.925599  1.090971
  1196.369995  0.328050  0.652606  0.790050  0.927494  1.095214
  1199.869995  0.329407  0.653929  0.791754  0.929578  1.100035
  1203.369995  0.330861  0.655396  0.793578  0.931760  1.101399
  1206.869995  0.328408  0.656882  0.795408  0.933934  1.103184
  1210.369995  0.331777  0.658582  0.797469  0.936356  1.105524
  1213.869995  0.331988  0.660636  0.799831  0.939025  1.110523
  1217.369995  0.335421  0.662871  0.802357  0.941843  1.111101
  1220.869995  0.336716  0.665211  0.805011  0.944811  1.116835
  1224.369995  0.337865  0.667706  0.807808  0.947910  1.117266
  1227.869995  0.339330  0.670141  0.810597  0.951052  1.125024
  1231.380005  0.340869  0.672509  0.813342  0.954175  1.130276
  1234.880005  0.345308  0.674808  0.815960  0.957111  1.133138
  1238.390015  0.346245  0.676938  0.818451  0.959964  1.134358
  1241.890015  0.348481  0.678919  0.820702  0.962484  1.138711
  1245.400024  0.349056  0.680739  0.822883  0.965028  1.143357
  1248.900024  0.353280  0.682392  0.824863  0.967333  1.145406
  1252.410034  0.350769  0.684062  0.826833  0.969603  1.145089
  1255.920044  0.353451  0.685584  0.828619  0.971654  1.150599
  1259.420044  0.356388  0.686914  0.830276  0.973637  1.152463
  1262.930054  0.355324  0.688202  0.831824  0.975446  1.157634
  1266.439941  0.355865  0.689580  0.833409  0.977237  1.160033
  1269.949951  0.358599  0.690625  0.834796  0.978967  1.160599
  1273.459961  0.358275  0.691972  0.836325  0.980679  1.162056
  1276.969971  0.361809  0.693107  0.837805  0.982503  1.165407
  1280.479980  0.357577  0.694530  0.839494  0.984458  1.168522
  1283.989990  0.360954  0.695669  0.840945  0.986220  1.169687
  1287.510010  0.360529  0.697051  0.842549  0.988047  1.171011
  1291.020020  0.361837  0.698085  0.843941  0.989796  1.174733
  1294.530029  0.363845  0.699190  0.845209  0.991228  1.177182
  1298.050049  0.363151  0.700077  0.846418  0.992760  1.179533
  1301.560059  0.365611  0.701046  0.847565  0.994084  1.181103
  1305.079956  0.366635  0.701748  0.848464  0.995180  1.182973
  1308.589966  0.365356  0.702497  0.849339  0.996180  1.182182
  1312.109985  0.368036  0.702821  0.849884  0.996947  1.184251
  1315.619995  0.366267  0.702922  0.850123  0.997323  1.184113
  1319.140015  0.364781  0.702560  0.849891  0.997222  1.180998
  1322.660034  0.367532  0.702405  0.849651  0.996898  1.183902
  1326.180054  0.363333  0.701344  0.848665  0.995985  1.183204
  1329.699951  0.365910  0.700210  0.847341  0.994473  1.181930
  1333.219971  0.362559  0.697990  0.844988  0.991987  1.175730
  1336.739990  0.359324  0.695503  0.842243  0.988984  1.174732
  1340.260010  0.357184  0.692497  0.838949  0.985401  1.169099
  1343.780029  0.355156  0.689279  0.835306  0.981333  1.164910
  1347.300049  0.351502  0.685421  0.830999  0.976578  1.155242
  1350.819946  0.345654  0.681398  0.826414  0.971430  1.149685
  1354.349976  0.345084  0.677474  0.821934  0.966394  1.143322
  1357.869995  0.344520  0.673990  0.817893  0.961796  1.136822
  1361.390015  0.340259  0.670715  0.814158  0.957601  1.134320
  1364.920044  0.337979  0.667591  0.810720  0.953848  1.128166
  1368.439941  0.332495  0.664434  0.807351  0.950268  1.122944
  1371.969971  0.330804  0.661760  0.804433  0.947106  1.119930
  1375.500000  0.327164  0.659484  0.802056  0.944628  1.118031
  1379.020020  0.328827  0.657650  0.799855  0.942059  1.113837
  1382.550049  0.326047  0.655416  0.797316  0.939216  1.105595
  1386.079956  0.321607  0.652444  0.794266  0.936088  1.102613
  1389.609985  0.318852  0.648876  0.790325  0.931774  1.096220
  1393.140015  0.315235  0.644841  0.785632  0.926424  1.092167
  1396.670044  0.310877  0.639561  0.779600  0.919639  1.083744
  1400.199951  0.309363  0.633738  0.772865  0.911993  1.072936
  1403.729980  0.303258  0.626593  0.764718  0.902842  1.060911
  1407.260010  0.296405  0.618069  0.755039  0.892008  1.043406
  1410.790039  0.291943  0.608797  0.744311  0.879826  1.030216
  1414.319946  0.279353  0.598486  0.732597  0.866707  1.039780
  1417.859985  0.277307  0.587522  0.719775  0.852028  0.996418
  1421.390015  0.268373  0.576461  0.706786  0.837111  0.977373
  1424.920044  0.261281  0.565417  0.693989  0.822561  0.960325
  1428.459961  0.252492  0.555418  0.682277  0.809137  0.942844
  1431.989990  0.248180  0.546225  0.671578  0.796931  0.929411
  1435.530029  0.242680  0.538489  0.662571  0.786654  0.914355
  1439.069946  0.237636  0.532228  0.655206  0.778184  0.906563
  1442.599976  0.232576  0.527257  0.649411  0.771565  0.899651
  1446.140015  0.236809  0.523320  0.644801  0.766281  0.894783
  1449.680054  0.229752  0.520306  0.641311  0.762317  0.889709
  1453.219971  0.230716  0.517929  0.638582  0.759234  0.887325
  1456.760010  0.228613  0.516507  0.636883  0.757259  0.882921
  1460.300049  0.228430  0.515163  0.635476  0.755790  0.879070
  1463.839966  0.227098  0.514671  0.634961  0.755252  0.881616
  1467.380005  0.229020  0.514309  0.634605  0.754901  0.881807
  1470.920044  0.227820  0.514413  0.634826  0.755240  0.883681
  1474.459961  0.228761  0.514423  0.635059  0.755695  0.883185
  1478.010010  0.225220  0.515044  0.635811  0.756578  0.880083
  1481.550049  0.228089  0.515495  0.636551  0.757607  0.883431
  1485.089966  0.226785  0.516222  0.637471  0.758721  0.887091
  1488.640015  0.227081  0.516622  0.638121  0.759620  0.889239
  1492.180054  0.228079  0.517497  0.639204  0.760911  0.890520
  1495.729980  0.229457  0.518117  0.640143  0.762169  0.890768
  1499.270020  0.227549  0.519370  0.641564  0.763758  0.889291
  1502.819946  0.229557  0.520291  0.642826  0.765362  0.894457
  1506.369995  0.228939  0.521330  0.644134  0.766938  0.899401
  1509.910034  0.226443  0.522392  0.645563  0.768734  0.895823
  1513.459961  0.225929  0.523402  0.646853  0.770303  0.904011
  1517.010010  0.228868  0.524092  0.647887  0.771683  0.905115
  1520.560059  0.233210  0.524960  0.649012  0.773065  0.907248
  1524.109985  0.230730  0.525269  0.649619  0.773968  0.906127
  1527.660034  0.230125  0.525801  0.650262  0.774723  0.909482
  1531.209961  0.229697  0.525695  0.650378  0.775061  0.906270
  1534.760010  0.228203  0.525850  0.650582  0.775313  0.907691
  1538.319946  0.226137  0.525456  0.650299  0.775141  0.905358
  1541.869995  0.226847  0.525231  0.650027  0.774824  0.908526
  1545.420044  0.225315  0.524459  0.649297  0.774135  0.907637
  1548.979980  0.225343  0.523822  0.648644  0.773466  0.907920
  1552.530029  0.223427  0.522797  0.647563  0.772329  0.904288
  1556.089966  0.223629  0.521935  0.646703  0.771470  0.903712
  1559.640015  0.221974  0.520792  0.645478  0.770164  0.901208
  1563.199951  0.220484  0.519846  0.644538  0.769231  0.901879
  1566.750000  0.220038  0.518799  0.643457  0.768115  0.898066
  1570.310059  0.219352  0.517827  0.642452  0.767076  0.896813
  1573.869995  0.216801  0.516971  0.641581  0.766191  0.897364
  1577.430054  0.217054  0.516320  0.640953  0.765586  0.896844
  1580.989990  0.214875  0.515572  0.640215  0.764859  0.895432
  1584.550049  0.214453  0.515077  0.639747  0.764417  0.895434
  1588.109985  0.210254  0.514463  0.639271  0.764080  0.900092
  1591.670044  0.212313  0.514434  0.639272  0.764110  0.897044
  1595.229980  0.211819  0.513791  0.638672  0.763554  0.896610
  1598.790039  0.214363  0.513479  0.638441  0.763402  0.895001
  1602.349976  0.211408  0.513019  0.638012  0.763004  0.897929
  1605.920044  0.213293  0.512445  0.637570  0.762695  0.893343
  1609.479980  0.210107  0.511867  0.637006  0.762145  0.895648
  1613.040039  0.210921  0.510761  0.635995  0.761229  0.891545
  1616.609985  0.206092  0.509577  0.634795  0.760012  0.891418
  1620.170044  0.206235  0.508260  0.633511  0.758761  0.887957
  1623.739990  0.204574  0.506137  0.631585  0.757032  0.888874
  1627.310059  0.204559  0.504083  0.629793  0.755504  0.883398
  1630.869995  0.202532  0.502069  0.627940  0.753812  0.885168
  1634.439941  0.202689  0.500577  0.626671  0.752764  0.882419
  1638.010010  0.202192  0.499173  0.625564  0.751956  0.882784
  1641.579956  0.198439  0.498446  0.624996  0.751546  0.878661
  1645.150024  0.197793  0.497832  0.624433  0.751034  0.882422
  1648.709961  0.197154  0.497246  0.623788  0.750331  0.879549
  1652.290039  0.197289  0.496825  0.623145  0.749465  0.878203
  1655.859985  0.193580  0.494882  0.621249  0.747616  0.880246
  1659.430054  0.193572  0.491171  0.618030  0.744888  0.875133
  1663.000000  0.190282  0.486040  0.613776  0.741512  0.870362
  1666.569946  0.187468  0.479819  0.608811  0.737803  0.865372
  1670.140015  0.180447  0.473388  0.603714  0.734039  0.859765
  1673.719971  0.170944  0.467143  0.598675  0.730207  0.855439
  1677.290039  0.163724  0.462445  0.594607  0.726768  0.851834
  1680.869995  0.160838  0.459096  0.591120  0.723143  0.847149
  1684.439941  0.164181  0.456959  0.588010  0.719061  0.842424
  1688.020020  0.164977  0.454698  0.584114  0.713531  0.834859
  1691.589966  0.166305  0.452015  0.579347  0.706678  0.827555
  1695.170044  0.165322  0.449593  0.574555  0.699517  0.822963
  1698.750000  0.177017  0.447450  0.569165  0.690881  0.811053
  1702.329956  0.166731  0.446475  0.564755  0.683036  0.804310
  1705.910034  0.171934  0.444623  0.559684  0.674746  0.795452
  1709.489990  0.168759  0.441998  0.554209  0.666420  0.786570
  1713.069946  0.180976  0.438559  0.547222  0.655885  0.764293
  1716.650024  0.186673  0.434669  0.539639  0.644609  0.743829
  1720.229980  0.184680  0.430159  0.531235  0.632311  0.750006
