ENVI ASCII Plot File [Sun Apr 06 16:16:03 2025]
Column 1: Wavelength
Column 2: Min: ROI #19~~2##255,0,0
Column 3: Mean-StdDev: ROI #19~~21##0,200,0
Column 4: Mean: ROI #19~~0##0,0,0
Column 5: Mean+StdDev: ROI #19~~21##0,200,0
Column 6: Max: ROI #19~~2##255,0,0
   935.609985  0.342393  0.556149  0.620270  0.684392  0.842283
   939.059998  0.344324  0.559700  0.623526  0.687352  0.848348
   942.520020  0.339588  0.585849  0.657381  0.728912  0.898441
   945.979980  0.334522  0.603576  0.683476  0.763375  0.948079
   949.429993  0.334716  0.615891  0.701081  0.786272  0.976536
   952.890015  0.338882  0.624537  0.712246  0.799955  0.995354
   956.349976  0.344518  0.630586  0.719849  0.809111  1.010893
   959.809998  0.348587  0.634884  0.725000  0.815117  1.019762
   963.270020  0.356220  0.638879  0.729584  0.820289  1.031896
   966.729980  0.353935  0.642101  0.733485  0.824870  1.033163
   970.190002  0.363114  0.645744  0.737511  0.829279  1.040017
   973.650024  0.365028  0.648611  0.740774  0.832938  1.043283
   977.109985  0.366561  0.651596  0.744137  0.836677  1.051509
   980.580017  0.369272  0.654604  0.747543  0.840482  1.051070
   984.039978  0.372012  0.657696  0.750988  0.844280  1.060097
   987.510010  0.374446  0.660578  0.754174  0.847770  1.064541
   990.969971  0.376104  0.663507  0.757451  0.851395  1.069882
   994.429993  0.379663  0.666428  0.760688  0.854949  1.072718
   997.900024  0.382499  0.669567  0.764144  0.858722  1.078338
  1001.369995  0.381709  0.672421  0.767390  0.862360  1.081458
  1004.830017  0.386270  0.675413  0.770698  0.865983  1.086593
  1008.299988  0.386323  0.678476  0.774112  0.869748  1.089977
  1011.770020  0.390663  0.681641  0.777586  0.873531  1.094675
  1015.239990  0.393085  0.684560  0.780785  0.877009  1.098127
  1018.710022  0.392466  0.687463  0.784007  0.880551  1.101859
  1022.179993  0.395402  0.690488  0.787406  0.884325  1.105661
  1025.650024  0.398291  0.693511  0.790769  0.888027  1.110679
  1029.119995  0.398078  0.696401  0.794024  0.891646  1.115225
  1032.589966  0.400785  0.699401  0.797313  0.895226  1.119161
  1036.060059  0.404839  0.702289  0.800504  0.898720  1.123614
  1039.530029  0.408169  0.705098  0.803680  0.902263  1.127727
  1043.000000  0.409465  0.707976  0.806855  0.905735  1.131818
  1046.479980  0.410039  0.710890  0.810045  0.909199  1.136922
  1049.949951  0.413608  0.713653  0.813123  0.912593  1.142444
  1053.430054  0.414710  0.716263  0.816093  0.915924  1.146273
  1056.900024  0.416857  0.718925  0.819070  0.919216  1.150563
  1060.380005  0.418432  0.721552  0.821982  0.922411  1.156145
  1063.849976  0.420685  0.724139  0.824870  0.925602  1.158547
  1067.329956  0.421619  0.726681  0.827700  0.928719  1.162172
  1070.810059  0.422273  0.729176  0.830460  0.931744  1.166494
  1074.290039  0.425812  0.731736  0.833292  0.934847  1.170184
  1077.760010  0.428717  0.734100  0.835950  0.937801  1.174799
  1081.239990  0.428313  0.736394  0.838496  0.940598  1.179060
  1084.719971  0.430203  0.738656  0.841013  0.943370  1.182303
  1088.199951  0.432798  0.740774  0.843336  0.945897  1.185139
  1091.680054  0.434166  0.742760  0.845534  0.948309  1.188371
  1095.170044  0.434828  0.744710  0.847701  0.950692  1.192206
  1098.650024  0.436778  0.746540  0.849729  0.952918  1.194124
  1102.130005  0.437558  0.748034  0.851420  0.954806  1.195227
  1105.609985  0.436241  0.749379  0.852873  0.956366  1.196433
  1109.099976  0.438954  0.750568  0.854148  0.957729  1.196045
  1112.579956  0.440037  0.751736  0.855392  0.959049  1.195140
  1116.069946  0.439744  0.752841  0.856507  0.960172  1.193656
  1119.550049  0.438846  0.753751  0.857358  0.960965  1.191273
  1123.040039  0.435896  0.754453  0.857904  0.961355  1.187375
  1126.520020  0.436464  0.754795  0.857870  0.960945  1.178419
  1130.010010  0.434202  0.754424  0.857008  0.959592  1.161299
  1133.500000  0.431306  0.753253  0.855267  0.957281  1.139290
  1136.989990  0.426080  0.751257  0.852934  0.954611  1.105932
  1140.469971  0.420575  0.749241  0.850901  0.952560  1.080659
  1143.959961  0.413125  0.747956  0.849806  0.951655  1.067079
  1147.449951  0.413500  0.748008  0.849983  0.951958  1.074388
  1150.939941  0.415819  0.748990  0.851056  0.953122  1.096866
  1154.430054  0.421371  0.749925  0.852108  0.954291  1.123107
  1157.930054  0.424824  0.749894  0.852396  0.954898  1.145542
  1161.420044  0.427422  0.748988  0.851657  0.954326  1.162038
  1164.910034  0.428469  0.747474  0.850252  0.953030  1.166010
  1168.400024  0.427472  0.745914  0.848696  0.951478  1.169461
  1171.900024  0.427390  0.744353  0.847060  0.949767  1.169188
  1175.390015  0.427173  0.742784  0.845357  0.947929  1.170094
  1178.890015  0.426418  0.741309  0.843761  0.946213  1.166480
  1182.380005  0.423192  0.740300  0.842631  0.944962  1.166305
  1185.880005  0.425296  0.739775  0.841999  0.944223  1.161655
  1189.369995  0.422716  0.739904  0.842057  0.944209  1.159616
  1192.869995  0.421184  0.740587  0.842758  0.944928  1.153281
  1196.369995  0.417982  0.741688  0.843933  0.946178  1.150358
  1199.869995  0.420573  0.742972  0.845285  0.947598  1.149718
  1203.369995  0.420293  0.744432  0.846900  0.949368  1.149366
  1206.869995  0.421409  0.745963  0.848565  0.951167  1.148642
  1210.369995  0.421457  0.747778  0.850655  0.953531  1.152421
  1213.869995  0.425124  0.749882  0.853155  0.956428  1.162060
  1217.369995  0.427119  0.752356  0.856071  0.959787  1.170448
  1220.869995  0.429048  0.754797  0.859055  0.963313  1.179748
  1224.369995  0.430381  0.757381  0.862103  0.966826  1.189105
  1227.869995  0.432793  0.759891  0.865085  0.970279  1.197073
  1231.380005  0.435790  0.762304  0.867933  0.973562  1.207106
  1234.880005  0.438421  0.764442  0.870414  0.976386  1.213064
  1238.390015  0.438036  0.766518  0.872860  0.979202  1.219695
  1241.890015  0.441884  0.768422  0.875075  0.981728  1.221641
  1245.400024  0.442687  0.770122  0.877119  0.984116  1.227224
  1248.900024  0.442797  0.771639  0.878910  0.986182  1.233459
  1252.410034  0.442495  0.772931  0.880388  0.987846  1.232128
  1255.920044  0.444142  0.774225  0.881930  0.989636  1.238124
  1259.420044  0.443439  0.775354  0.883306  0.991258  1.238795
  1262.930054  0.443454  0.776382  0.884509  0.992637  1.242400
  1266.439941  0.444072  0.777442  0.885729  0.994016  1.244156
  1269.949951  0.446643  0.778331  0.886863  0.995395  1.244946
  1273.459961  0.447510  0.779351  0.888039  0.996727  1.247655
  1276.969971  0.446120  0.780324  0.889218  0.998112  1.249278
  1280.479980  0.447991  0.781561  0.890590  0.999619  1.251176
  1283.989990  0.446170  0.782568  0.891862  1.001156  1.256394
  1287.510010  0.446008  0.783745  0.893225  1.002704  1.257312
  1291.020020  0.446788  0.784639  0.894353  1.004067  1.260033
  1294.530029  0.447085  0.785606  0.895365  1.005123  1.260921
  1298.050049  0.448177  0.786195  0.896138  1.006081  1.261156
  1301.560059  0.448367  0.786788  0.896773  1.006759  1.256576
  1305.079956  0.447410  0.787158  0.897316  1.007474  1.258664
  1308.589966  0.449676  0.787448  0.897628  1.007809  1.260647
  1312.109985  0.447479  0.787247  0.897594  1.007942  1.259613
  1315.619995  0.446517  0.787026  0.897338  1.007650  1.259779
  1319.140015  0.446756  0.786157  0.896482  1.006806  1.260732
  1322.660034  0.442988  0.785223  0.895370  1.005518  1.255987
  1326.180054  0.442304  0.783319  0.893454  1.003590  1.255167
  1329.699951  0.440803  0.781077  0.890974  1.000870  1.251502
  1333.219971  0.438692  0.777811  0.887547  0.997284  1.244429
  1336.739990  0.435064  0.774318  0.883663  0.993009  1.236233
  1340.260010  0.429923  0.770328  0.879345  0.988362  1.232654
  1343.780029  0.425662  0.766029  0.874494  0.982959  1.221648
  1347.300049  0.421696  0.761167  0.869212  0.977258  1.212060
  1350.819946  0.418337  0.756454  0.864060  0.971666  1.209186
  1354.349976  0.415492  0.751878  0.859076  0.966274  1.199878
  1357.869995  0.411612  0.747586  0.854355  0.961123  1.196236
  1361.390015  0.408995  0.743567  0.849844  0.956120  1.188277
  1364.920044  0.401818  0.739635  0.845506  0.951377  1.181379
  1368.439941  0.400507  0.735906  0.841384  0.946862  1.170927
  1371.969971  0.394705  0.732433  0.837575  0.942718  1.166416
  1375.500000  0.395943  0.729686  0.834537  0.939389  1.156409
  1379.020020  0.390724  0.727414  0.831820  0.936227  1.151500
  1382.550049  0.389426  0.724635  0.828643  0.932652  1.142212
  1386.079956  0.382917  0.720949  0.824718  0.928488  1.139760
  1389.609985  0.380897  0.716338  0.819634  0.922930  1.129811
  1393.140015  0.380847  0.710932  0.813446  0.915960  1.117592
  1396.670044  0.376872  0.704386  0.806190  0.907994  1.109164
  1400.199951  0.369177  0.697036  0.797946  0.898856  1.097203
  1403.729980  0.354329  0.688383  0.788266  0.888148  1.083410
  1407.260010  0.354329  0.678534  0.777249  0.875964  1.068488
  1410.790039  0.347367  0.667707  0.765181  0.862656  1.051845
  1414.319946  0.337046  0.655997  0.752206  0.848416  1.033638
  1417.859985  0.334376  0.643881  0.738683  0.833485  1.017165
  1421.390015  0.322427  0.631845  0.725261  0.818678  1.001069
  1424.920044  0.314403  0.619913  0.711972  0.804032  0.985719
  1428.459961  0.309165  0.609061  0.699847  0.790633  0.967095
  1431.989990  0.302458  0.599160  0.688696  0.778233  0.957687
  1435.530029  0.296503  0.590846  0.679369  0.767893  0.941180
  1439.069946  0.291484  0.583747  0.671501  0.759254  0.935138
  1442.599976  0.289068  0.577873  0.664985  0.752097  0.924030
  1446.140015  0.286879  0.573068  0.659736  0.746404  0.921906
  1449.680054  0.284848  0.569304  0.655536  0.741768  0.914953
  1453.219971  0.281083  0.566253  0.652228  0.738203  0.915915
  1456.760010  0.280689  0.563925  0.649653  0.735381  0.911907
  1460.300049  0.277400  0.561718  0.647388  0.733058  0.911746
  1463.839966  0.278499  0.560442  0.645998  0.731554  0.906484
  1467.380005  0.275167  0.559385  0.644910  0.730435  0.909406
  1470.920044  0.275449  0.558966  0.644580  0.730195  0.906469
  1474.459961  0.274514  0.558660  0.644407  0.730154  0.909844
  1478.010010  0.274471  0.559001  0.644840  0.730678  0.912451
  1481.550049  0.273424  0.559228  0.645264  0.731300  0.915008
  1485.089966  0.275051  0.559618  0.645822  0.732026  0.919285
  1488.640015  0.275208  0.559782  0.646196  0.732611  0.918245
  1492.180054  0.270093  0.560418  0.647000  0.733583  0.920130
  1495.729980  0.272975  0.560981  0.647796  0.734610  0.923759
  1499.270020  0.273633  0.562108  0.649109  0.736111  0.924358
  1502.819946  0.273469  0.562981  0.650276  0.737570  0.926542
  1506.369995  0.273989  0.563976  0.651559  0.739141  0.932987
  1509.910034  0.274144  0.564906  0.652750  0.740594  0.932335
  1513.459961  0.275818  0.565745  0.653796  0.741847  0.934405
  1517.010010  0.275693  0.566343  0.654634  0.742926  0.932908
  1520.560059  0.274192  0.567127  0.655721  0.744315  0.942576
  1524.109985  0.274301  0.567580  0.656400  0.745221  0.938545
  1527.660034  0.276000  0.568147  0.657095  0.746043  0.941777
  1531.209961  0.273728  0.568049  0.657206  0.746363  0.938001
  1534.760010  0.273325  0.568194  0.657434  0.746673  0.942601
  1538.319946  0.274115  0.567917  0.657281  0.746645  0.942831
  1541.869995  0.270213  0.567590  0.656980  0.746369  0.946432
  1545.420044  0.271394  0.566856  0.656323  0.745789  0.944439
  1548.979980  0.270435  0.566096  0.655567  0.745037  0.944522
  1552.530029  0.266516  0.565223  0.654675  0.744126  0.941191
  1556.089966  0.268559  0.564170  0.653658  0.743146  0.944186
  1559.640015  0.268670  0.563097  0.652562  0.742028  0.938831
  1563.199951  0.265371  0.562109  0.651569  0.741030  0.939796
  1566.750000  0.261565  0.561121  0.650567  0.740013  0.934106
  1570.310059  0.262703  0.560176  0.649552  0.738928  0.937082
  1573.869995  0.263477  0.559258  0.648589  0.737921  0.933686
  1577.430054  0.261420  0.558822  0.648105  0.737388  0.930581
  1580.989990  0.256807  0.557967  0.647250  0.736534  0.927421
  1584.550049  0.258094  0.557481  0.646772  0.736063  0.925420
  1588.109985  0.255395  0.556754  0.646044  0.735335  0.927544
  1591.670044  0.261336  0.556684  0.646000  0.735316  0.924163
  1595.229980  0.256680  0.556122  0.645425  0.734727  0.924333
  1598.790039  0.256603  0.555759  0.645022  0.734285  0.922687
  1602.349976  0.253489  0.555338  0.644544  0.733750  0.921061
  1605.920044  0.254555  0.554786  0.644013  0.733241  0.917871
  1609.479980  0.253500  0.554291  0.643364  0.732436  0.914319
  1613.040039  0.252178  0.553241  0.642200  0.731160  0.906062
  1616.609985  0.251787  0.551858  0.640481  0.729104  0.897148
  1620.170044  0.250621  0.550295  0.638481  0.726667  0.879349
  1623.739990  0.244235  0.547884  0.635562  0.723240  0.860192
  1627.310059  0.241645  0.545152  0.632539  0.719926  0.838361
  1630.869995  0.237682  0.542103  0.629414  0.716726  0.834120
  1634.439941  0.235706  0.539329  0.626799  0.714269  0.836590
  1638.010010  0.230087  0.536823  0.624549  0.712274  0.831509
  1641.579956  0.229724  0.535414  0.623293  0.711171  0.833721
  1645.150024  0.226469  0.534511  0.622482  0.710453  0.833000
  1648.709961  0.229084  0.534138  0.621966  0.709794  0.832399
  1652.290039  0.224815  0.533554  0.621154  0.708754  0.829884
  1655.859985  0.227093  0.530425  0.618092  0.705759  0.827730
  1659.430054  0.220512  0.523203  0.612369  0.701534  0.823547
  1663.000000  0.212778  0.511217  0.604647  0.698078  0.822723
  1666.569946  0.198541  0.495804  0.596104  0.696404  0.812798
  1670.140015  0.189156  0.478506  0.587552  0.696598  0.810515
  1673.719971  0.175083  0.463612  0.580295  0.696978  0.803253
  1677.290039  0.169046  0.453834  0.575171  0.696507  0.802992
  1680.869995  0.162528  0.449299  0.571890  0.694480  0.798722
  1684.439941  0.166907  0.448644  0.569551  0.690458  0.798203
  1688.020020  0.170027  0.449602  0.566956  0.684309  0.785380
  1691.589966  0.174297  0.450726  0.563643  0.676561  0.777326
  1695.170044  0.173163  0.453228  0.560943  0.668657  0.774479
  1698.750000  0.180078  0.457907  0.558571  0.659235  0.768397
  1702.329956  0.179806  0.463904  0.557233  0.650562  0.747462
  1705.910034  0.196957  0.467818  0.555418  0.643018  0.749262
  1709.489990  0.203223  0.468861  0.552557  0.636253  0.741596
  1713.069946  0.212523  0.466446  0.546758  0.627071  0.733756
  1716.650024  0.217648  0.462955  0.540259  0.617563  0.720574
  1720.229980  0.208873  0.458399  0.533260  0.608121  0.694852
