ENVI ASCII Plot File [Sun Apr 06 16:47:48 2025]
Column 1: Wavelength
Column 2: Min: ROI #51~~2##255,0,0
Column 3: Mean-StdDev: ROI #51~~21##0,200,0
Column 4: Mean: ROI #51~~0##0,0,0
Column 5: Mean+StdDev: ROI #51~~21##0,200,0
Column 6: Max: ROI #51~~2##255,0,0
   935.609985  0.198866  0.397994  0.468947  0.539901  0.662595
   939.059998  0.200787  0.400550  0.471408  0.542265  0.666142
   942.520020  0.203920  0.416625  0.495353  0.574081  0.713790
   945.979980  0.199496  0.425741  0.513185  0.600628  0.736755
   949.429993  0.173593  0.432105  0.525296  0.618487  0.768801
   952.890015  0.179948  0.439403  0.535619  0.631836  0.798164
   956.349976  0.179368  0.444764  0.542729  0.640694  0.817329
   959.809998  0.183869  0.449237  0.548246  0.647256  0.828835
   963.270020  0.182146  0.453215  0.553158  0.653100  0.846530
   966.729980  0.185565  0.456769  0.557539  0.658309  0.849098
   970.190002  0.181962  0.460562  0.561961  0.663360  0.861570
   973.650024  0.188888  0.463640  0.565680  0.667721  0.866593
   977.109985  0.186485  0.466910  0.569553  0.672195  0.874020
   980.580017  0.193029  0.470374  0.573677  0.676980  0.877742
   984.039978  0.192924  0.473770  0.577699  0.681628  0.883221
   987.510010  0.196329  0.476896  0.581432  0.685968  0.887251
   990.969971  0.195690  0.480320  0.585458  0.690596  0.893287
   994.429993  0.199170  0.483656  0.589415  0.695174  0.899560
   997.900024  0.201687  0.487120  0.593537  0.699953  0.905813
  1001.369995  0.205313  0.490304  0.597311  0.704318  0.911979
  1004.830017  0.204654  0.493703  0.601246  0.708789  0.913083
  1008.299988  0.208227  0.497053  0.605186  0.713318  0.920561
  1011.770020  0.210926  0.500622  0.609392  0.718162  0.926024
  1015.239990  0.212631  0.503857  0.613197  0.722537  0.927604
  1018.710022  0.214757  0.507088  0.616990  0.726892  0.933448
  1022.179993  0.215661  0.510435  0.620917  0.731400  0.941298
  1025.650024  0.218940  0.513758  0.624832  0.735906  0.944615
  1029.119995  0.222757  0.517034  0.628699  0.740364  0.948910
  1032.589966  0.222874  0.520458  0.632694  0.744929  0.954766
  1036.060059  0.224337  0.523539  0.636301  0.749063  0.958168
  1039.530029  0.225780  0.526635  0.640001  0.753367  0.960913
  1043.000000  0.227027  0.529891  0.643837  0.757784  0.967553
  1046.479980  0.231103  0.533219  0.647695  0.762170  0.971154
  1049.949951  0.232463  0.536274  0.651291  0.766308  0.975694
  1053.430054  0.234341  0.539267  0.654812  0.770356  0.980999
  1056.900024  0.236693  0.542323  0.658427  0.774531  0.986318
  1060.380005  0.239538  0.545427  0.662062  0.778697  0.989061
  1063.849976  0.241037  0.548415  0.665580  0.782746  0.996523
  1067.329956  0.242881  0.551383  0.669073  0.786764  1.001648
  1070.810059  0.245321  0.554361  0.672521  0.790680  1.001957
  1074.290039  0.247972  0.557311  0.675995  0.794680  1.008144
  1077.760010  0.249119  0.560135  0.679357  0.798580  1.015442
  1081.239990  0.250941  0.563008  0.682702  0.802397  1.016916
  1084.719971  0.253910  0.565804  0.685979  0.806154  1.019133
  1088.199951  0.254983  0.568443  0.689105  0.809768  1.025353
  1091.680054  0.257003  0.570995  0.692146  0.813297  1.033727
  1095.170044  0.260034  0.573531  0.695149  0.816767  1.037556
  1098.650024  0.260729  0.576074  0.698120  0.820166  1.036348
  1102.130005  0.260696  0.578378  0.700833  0.823288  1.041497
  1105.609985  0.263094  0.580528  0.703407  0.826285  1.046431
  1109.099976  0.265653  0.582635  0.705906  0.829176  1.046815
  1112.579956  0.267085  0.584654  0.708345  0.832036  1.047919
  1116.069946  0.267597  0.586582  0.710708  0.834834  1.051843
  1119.550049  0.269133  0.588489  0.713000  0.837511  1.052352
  1123.040039  0.268660  0.590105  0.714991  0.839876  1.050441
  1126.520020  0.269701  0.591467  0.716728  0.841989  1.044545
  1130.010010  0.270857  0.592180  0.717879  0.843579  1.032648
  1133.500000  0.269949  0.592356  0.718501  0.844646  1.020994
  1136.989990  0.270326  0.591990  0.718708  0.845426  1.006036
  1140.469971  0.269806  0.591790  0.719105  0.846420  1.008384
  1143.959961  0.269599  0.592136  0.719930  0.847723  1.008710
  1147.449951  0.269562  0.593319  0.721284  0.849248  1.010588
  1150.939941  0.271909  0.595051  0.722934  0.850817  1.014360
  1154.430054  0.272712  0.597006  0.724608  0.852211  1.022321
  1157.930054  0.275937  0.598215  0.725620  0.853024  1.039337
  1161.420044  0.275471  0.598957  0.726143  0.853329  1.049164
  1164.910034  0.277903  0.599021  0.726165  0.853309  1.056885
  1168.400024  0.275747  0.599118  0.726199  0.853279  1.066641
  1171.900024  0.274579  0.599150  0.726198  0.853246  1.068447
  1175.390015  0.274787  0.599080  0.726136  0.853193  1.065578
  1178.890015  0.276043  0.598929  0.725967  0.853005  1.070357
  1182.380005  0.275517  0.598912  0.725909  0.852906  1.073983
  1185.880005  0.275795  0.598919  0.726068  0.853217  1.074446
  1189.369995  0.274778  0.599529  0.726856  0.854182  1.069454
  1192.869995  0.277908  0.600548  0.728152  0.855756  1.068452
  1196.369995  0.277132  0.601901  0.729817  0.857733  1.069491
  1199.869995  0.278818  0.603279  0.731567  0.859855  1.071828
  1203.369995  0.279318  0.604767  0.733469  0.862170  1.070387
  1206.869995  0.279415  0.606418  0.735471  0.864524  1.071297
  1210.369995  0.283623  0.608330  0.737739  0.867147  1.076016
  1213.869995  0.283123  0.610696  0.740472  0.870248  1.080258
  1217.369995  0.285996  0.613560  0.743803  0.874047  1.088300
  1220.869995  0.288275  0.616554  0.747308  0.878062  1.100693
  1224.369995  0.289951  0.619833  0.751117  0.882401  1.107459
  1227.869995  0.292176  0.622947  0.754707  0.886467  1.116276
  1231.380005  0.296314  0.626005  0.758232  0.890460  1.119244
  1234.880005  0.299188  0.628772  0.761477  0.894183  1.128173
  1238.390015  0.302801  0.631518  0.764685  0.897852  1.136000
  1241.890015  0.304715  0.633944  0.767543  0.901142  1.142951
  1245.400024  0.304220  0.636172  0.770175  0.904177  1.144454
  1248.900024  0.308518  0.638230  0.772641  0.907052  1.148395
  1252.410034  0.309828  0.640397  0.775187  0.909977  1.149873
  1255.920044  0.312026  0.642255  0.777437  0.912619  1.158110
  1259.420044  0.312330  0.643957  0.779460  0.914963  1.161337
  1262.930054  0.313874  0.645602  0.781404  0.917206  1.158457
  1266.439941  0.315218  0.647289  0.783406  0.919523  1.160128
  1269.949951  0.315472  0.648783  0.785259  0.921735  1.169266
  1273.459961  0.316023  0.650369  0.787117  0.923865  1.173952
  1276.969971  0.318398  0.651896  0.789001  0.926107  1.177239
  1280.479980  0.321422  0.653631  0.791054  0.928477  1.175020
  1283.989990  0.323170  0.655009  0.792827  0.930646  1.175495
  1287.510010  0.323290  0.656769  0.794847  0.932926  1.182073
  1291.020020  0.324380  0.658060  0.796545  0.935031  1.189308
  1294.530029  0.325031  0.659667  0.798393  0.937118  1.193129
  1298.050049  0.324746  0.660804  0.799898  0.938992  1.192609
  1301.560059  0.326837  0.662237  0.801469  0.940700  1.193606
  1305.079956  0.327830  0.663278  0.802788  0.942298  1.195976
  1308.589966  0.329961  0.664313  0.804081  0.943848  1.204304
  1312.109985  0.328541  0.665025  0.805055  0.945084  1.204849
  1315.619995  0.328725  0.665603  0.805814  0.946025  1.208896
  1319.140015  0.328880  0.665797  0.806197  0.946598  1.203088
  1322.660034  0.329456  0.666011  0.806438  0.946866  1.205152
  1326.180054  0.329180  0.665519  0.806011  0.946504  1.207972
  1329.699951  0.324291  0.664746  0.805132  0.945519  1.210091
  1333.219971  0.321055  0.663253  0.803637  0.944021  1.202894
  1336.739990  0.321303  0.661381  0.801494  0.941607  1.196938
  1340.260010  0.319817  0.658879  0.798692  0.938506  1.196080
  1343.780029  0.318059  0.655874  0.795285  0.934697  1.194062
  1347.300049  0.312770  0.652272  0.791206  0.930141  1.187602
  1350.819946  0.312416  0.648446  0.786846  0.925246  1.182819
  1354.349976  0.305453  0.644710  0.782493  0.920276  1.174727
  1357.869995  0.304456  0.641349  0.778545  0.915740  1.167828
  1361.390015  0.301325  0.638017  0.774701  0.911384  1.165081
  1364.920044  0.298703  0.634895  0.771186  0.907477  1.166405
  1368.439941  0.298060  0.631757  0.767796  0.903834  1.157326
  1371.969971  0.293419  0.629106  0.764904  0.900703  1.144578
  1375.500000  0.291834  0.626654  0.762298  0.897942  1.136032
  1379.020020  0.288925  0.624738  0.760036  0.895334  1.139561
  1382.550049  0.291061  0.622445  0.757376  0.892307  1.137282
  1386.079956  0.283832  0.619541  0.754274  0.889008  1.135761
  1389.609985  0.283493  0.616234  0.750572  0.884909  1.124436
  1393.140015  0.277222  0.612421  0.746129  0.879837  1.107358
  1396.670044  0.275541  0.607749  0.740841  0.873933  1.100063
  1400.199951  0.269141  0.602372  0.734574  0.866776  1.097392
  1403.729980  0.266545  0.595488  0.726568  0.857647  1.093201
  1407.260010  0.259984  0.587141  0.716901  0.846661  1.078382
  1410.790039  0.251728  0.577187  0.705446  0.833704  1.057194
  1414.319946  0.242421  0.566156  0.692621  0.819085  1.033901
  1417.859985  0.234047  0.554363  0.678867  0.803372  1.025910
  1421.390015  0.226533  0.542520  0.664855  0.787190  1.011079
  1424.920044  0.215438  0.530840  0.651145  0.771450  0.997867
  1428.459961  0.212306  0.520495  0.638933  0.757372  0.978170
  1431.989990  0.203922  0.511087  0.627895  0.744702  0.961554
  1435.530029  0.201130  0.503436  0.618827  0.734217  0.945439
  1439.069946  0.195974  0.497091  0.611405  0.725718  0.939208
  1442.599976  0.194784  0.492196  0.605757  0.719318  0.933754
  1446.140015  0.190320  0.488741  0.601744  0.714746  0.932886
  1449.680054  0.188896  0.486145  0.598742  0.711340  0.923948
  1453.219971  0.187829  0.484282  0.596613  0.708944  0.920342
  1456.760010  0.186251  0.483203  0.595362  0.707520  0.923408
  1460.300049  0.183744  0.482211  0.594387  0.706563  0.924754
  1463.839966  0.186502  0.482184  0.594380  0.706576  0.930721
  1467.380005  0.183723  0.482153  0.594581  0.707009  0.930686
  1470.920044  0.185118  0.482749  0.595342  0.707936  0.927771
  1474.459961  0.181884  0.482959  0.595822  0.708685  0.925933
  1478.010010  0.184350  0.483819  0.596838  0.709858  0.928818
  1481.550049  0.183030  0.484359  0.597653  0.710948  0.930142
  1485.089966  0.184477  0.485058  0.598581  0.712104  0.943387
  1488.640015  0.180280  0.485581  0.599390  0.713198  0.948217
  1492.180054  0.184103  0.486724  0.600729  0.714735  0.941457
  1495.729980  0.181685  0.487606  0.601975  0.716345  0.939155
  1499.270020  0.182541  0.488951  0.603624  0.718296  0.939118
  1502.819946  0.184358  0.490274  0.605288  0.720303  0.946671
  1506.369995  0.181487  0.491688  0.607076  0.722464  0.956846
  1509.910034  0.182389  0.492823  0.608547  0.724272  0.957708
  1513.459961  0.181893  0.494208  0.610290  0.726371  0.964924
  1517.010010  0.181520  0.495293  0.611803  0.728313  0.965445
  1520.560059  0.184750  0.496338  0.613153  0.729969  0.961844
  1524.109985  0.182560  0.497078  0.614192  0.731307  0.956921
  1527.660034  0.182414  0.497769  0.615090  0.732410  0.962000
  1531.209961  0.180720  0.497720  0.615313  0.732905  0.968179
  1534.760010  0.179934  0.498166  0.615818  0.733470  0.975460
  1538.319946  0.181954  0.497914  0.615668  0.733422  0.976655
  1541.869995  0.180465  0.497706  0.615443  0.733179  0.979749
  1545.420044  0.179950  0.497202  0.615052  0.732902  0.977767
  1548.979980  0.177171  0.496658  0.614485  0.732312  0.975302
  1552.530029  0.178224  0.495848  0.613663  0.731478  0.975582
  1556.089966  0.175215  0.495154  0.612915  0.730675  0.974109
  1559.640015  0.175950  0.493809  0.611545  0.729282  0.970942
  1563.199951  0.173313  0.492875  0.610557  0.728240  0.973604
  1566.750000  0.174621  0.491923  0.609568  0.727214  0.970792
  1570.310059  0.169832  0.491093  0.608773  0.726453  0.970393
  1573.869995  0.170334  0.490274  0.607931  0.725588  0.968927
  1577.430054  0.167137  0.489849  0.607486  0.725123  0.970759
  1580.989990  0.170140  0.489054  0.606750  0.724445  0.973403
  1584.550049  0.165596  0.488710  0.606491  0.724273  0.968821
  1588.109985  0.166183  0.487961  0.605774  0.723586  0.965588
  1591.670044  0.163853  0.487960  0.605776  0.723591  0.961811
  1595.229980  0.164176  0.487346  0.605265  0.723185  0.963911
  1598.790039  0.163247  0.487087  0.605089  0.723091  0.962248
  1602.349976  0.164003  0.486768  0.604737  0.722706  0.965636
  1605.920044  0.161898  0.486135  0.604244  0.722354  0.966621
  1609.479980  0.159593  0.485425  0.603548  0.721671  0.966368
  1613.040039  0.158711  0.484209  0.602279  0.720350  0.956882
  1616.609985  0.156023  0.482758  0.600729  0.718700  0.946834
  1620.170044  0.159110  0.481149  0.599132  0.717115  0.925824
  1623.739990  0.156748  0.478810  0.596796  0.714781  0.907427
  1627.310059  0.153154  0.476458  0.594562  0.712665  0.887316
  1630.869995  0.149921  0.473631  0.591872  0.710113  0.872766
  1634.439941  0.148859  0.471583  0.590036  0.708489  0.862498
  1638.010010  0.148126  0.470032  0.588694  0.707356  0.861111
  1641.579956  0.146290  0.469426  0.588188  0.706951  0.861078
  1645.150024  0.143595  0.468941  0.587819  0.706698  0.859957
  1648.709961  0.145857  0.468611  0.587380  0.706149  0.859040
  1652.290039  0.142060  0.468118  0.586650  0.705182  0.858290
  1655.859985  0.143635  0.465770  0.584359  0.702948  0.852640
  1659.430054  0.137921  0.460838  0.580051  0.699265  0.856920
  1663.000000  0.136657  0.453195  0.574002  0.694809  0.849167
  1666.569946  0.132248  0.444011  0.567179  0.690348  0.842457
  1670.140015  0.129820  0.433736  0.559880  0.686024  0.834067
  1673.719971  0.123911  0.424409  0.553160  0.681912  0.832182
  1677.290039  0.114246  0.417508  0.547781  0.678054  0.825480
  1680.869995  0.115991  0.412999  0.543341  0.673683  0.824229
  1684.439941  0.115302  0.410603  0.539592  0.668582  0.819946
  1688.020020  0.116830  0.408580  0.535079  0.661579  0.810438
  1691.589966  0.118120  0.406068  0.529745  0.653422  0.799353
  1695.170044  0.117773  0.404334  0.524633  0.644933  0.794213
  1698.750000  0.126404  0.402970  0.519009  0.635048  0.778374
  1702.329956  0.133930  0.402690  0.514370  0.626051  0.771341
  1705.910034  0.136931  0.401473  0.509270  0.617068  0.752963
  1709.489990  0.136989  0.399886  0.504098  0.608310  0.753904
  1713.069946  0.133884  0.396545  0.497392  0.598238  0.736992
  1716.650024  0.139609  0.392371  0.490047  0.587723  0.727977
  1720.229980  0.134740  0.387049  0.481235  0.575421  0.702263
