ENVI ASCII Plot File [Sun Apr 06 16:46:10 2025]
Column 1: Wavelength
Column 2: Min: ROI #49~~2##255,0,0
Column 3: Mean-StdDev: ROI #49~~21##0,200,0
Column 4: Mean: ROI #49~~0##0,0,0
Column 5: Mean+StdDev: ROI #49~~21##0,200,0
Column 6: Max: ROI #49~~2##255,0,0
   935.609985  0.192154  0.388661  0.459874  0.531087  0.674759
   939.059998  0.193167  0.391276  0.462420  0.533564  0.678028
   942.520020  0.199286  0.407936  0.487348  0.566759  0.716947
   945.979980  0.169508  0.418421  0.505511  0.592600  0.782557
   949.429993  0.182059  0.425857  0.518849  0.611841  0.816890
   952.890015  0.177439  0.433063  0.528967  0.624872  0.841288
   956.349976  0.179502  0.438349  0.536109  0.633870  0.847062
   959.809998  0.178077  0.442691  0.541510  0.640328  0.842651
   963.270020  0.178919  0.446490  0.546166  0.645842  0.855543
   966.729980  0.178763  0.450174  0.550611  0.651049  0.856311
   970.190002  0.182733  0.453895  0.555006  0.656117  0.857635
   973.650024  0.182370  0.456863  0.558621  0.660380  0.871329
   977.109985  0.188072  0.460115  0.562548  0.664980  0.866182
   980.580017  0.186834  0.463495  0.566506  0.669516  0.871807
   984.039978  0.191156  0.466786  0.570442  0.674099  0.883184
   987.510010  0.192739  0.469814  0.574052  0.678289  0.879369
   990.969971  0.194226  0.473167  0.578008  0.682849  0.891609
   994.429993  0.194970  0.476395  0.581858  0.687322  0.891332
   997.900024  0.196197  0.479859  0.585896  0.691933  0.892697
  1001.369995  0.199209  0.482879  0.589538  0.696197  0.902862
  1004.830017  0.200806  0.486059  0.593276  0.700493  0.909045
  1008.299988  0.201764  0.489282  0.597130  0.704977  0.905522
  1011.770020  0.204658  0.492757  0.601158  0.709559  0.918385
  1015.239990  0.207547  0.495844  0.604861  0.713877  0.920125
  1018.710022  0.207344  0.498993  0.608514  0.718034  0.919899
  1022.179993  0.211838  0.502312  0.612411  0.722511  0.931382
  1025.650024  0.213024  0.505637  0.616325  0.727013  0.935395
  1029.119995  0.216331  0.508721  0.620026  0.731331  0.935434
  1032.589966  0.217440  0.512060  0.623884  0.735709  0.949600
  1036.060059  0.218367  0.515052  0.627430  0.739807  0.955008
  1039.530029  0.220163  0.518058  0.631033  0.744008  0.953360
  1043.000000  0.223588  0.521204  0.634727  0.748250  0.965170
  1046.479980  0.224896  0.524455  0.638487  0.752519  0.973433
  1049.949951  0.227698  0.527441  0.642028  0.756615  0.966748
  1053.430054  0.228180  0.530326  0.645451  0.760575  0.974327
  1056.900024  0.230334  0.533325  0.648980  0.764635  0.987473
  1060.380005  0.232446  0.536296  0.652468  0.768639  0.985568
  1063.849976  0.234082  0.539209  0.655928  0.772647  0.988327
  1067.329956  0.234527  0.542062  0.659317  0.776571  1.001515
  1070.810059  0.237333  0.544907  0.662640  0.780372  1.004206
  1074.290039  0.241299  0.547779  0.666022  0.784264  1.002376
  1077.760010  0.242958  0.550487  0.669252  0.788017  1.012555
  1081.239990  0.244143  0.553260  0.672513  0.791765  1.017739
  1084.719971  0.246406  0.555994  0.675716  0.795438  1.017286
  1088.199951  0.248024  0.558464  0.678630  0.798797  1.024620
  1091.680054  0.249725  0.560844  0.681454  0.802064  1.033906
  1095.170044  0.252945  0.563313  0.684403  0.805494  1.031424
  1098.650024  0.252863  0.565760  0.687287  0.808815  1.030867
  1102.130005  0.254197  0.567978  0.689940  0.811902  1.043737
  1105.609985  0.256626  0.570063  0.692431  0.814798  1.045859
  1109.099976  0.257880  0.572044  0.694746  0.817447  1.039333
  1112.579956  0.259347  0.574013  0.697119  0.820225  1.042400
  1116.069946  0.261556  0.575886  0.699454  0.823021  1.052753
  1119.550049  0.262240  0.577653  0.701609  0.825564  1.048693
  1123.040039  0.261824  0.579236  0.703529  0.827823  1.042297
  1126.520020  0.263082  0.580500  0.705185  0.829870  1.044065
  1130.010010  0.261880  0.581122  0.706258  0.831394  1.037168
  1133.500000  0.263251  0.581239  0.706827  0.832416  1.016655
  1136.989990  0.263291  0.580818  0.706995  0.833171  0.996527
  1140.469971  0.262180  0.580613  0.707370  0.834128  0.997394
  1143.959961  0.260737  0.580783  0.707986  0.835190  0.998319
  1147.449951  0.262008  0.581681  0.709028  0.836375  0.999489
  1150.939941  0.263469  0.583167  0.710364  0.837562  1.000978
  1154.430054  0.266014  0.584885  0.711749  0.838614  1.028113
  1157.930054  0.267529  0.585891  0.712531  0.839171  1.047693
  1161.420044  0.268740  0.586446  0.712876  0.839305  1.052755
  1164.910034  0.267928  0.586338  0.712651  0.838964  1.059709
  1168.400024  0.267044  0.586403  0.712618  0.838833  1.068596
  1171.900024  0.265528  0.586360  0.712542  0.838724  1.069390
  1175.390015  0.268707  0.586209  0.712370  0.838531  1.064094
  1178.890015  0.267632  0.585984  0.712136  0.838289  1.070799
  1182.380005  0.266829  0.585883  0.712007  0.838131  1.075772
  1185.880005  0.266585  0.585999  0.712254  0.838509  1.070163
  1189.369995  0.264792  0.586602  0.713024  0.839446  1.061443
  1192.869995  0.268354  0.587495  0.714208  0.840921  1.063316
  1196.369995  0.268298  0.588894  0.715931  0.842968  1.073391
  1199.869995  0.271758  0.590209  0.717683  0.845156  1.067286
  1203.369995  0.271575  0.591722  0.719510  0.847298  1.056965
  1206.869995  0.273171  0.593297  0.721471  0.849645  1.057916
  1210.369995  0.274971  0.595171  0.723721  0.852271  1.074908
  1213.869995  0.274117  0.597559  0.726535  0.855510  1.086572
  1217.369995  0.276484  0.600433  0.729809  0.859185  1.083150
  1220.869995  0.280290  0.603317  0.733182  0.863047  1.083325
  1224.369995  0.280453  0.606399  0.736787  0.867174  1.104693
  1227.869995  0.283627  0.609514  0.740379  0.871244  1.122373
  1231.380005  0.284888  0.612430  0.743773  0.875115  1.118713
  1234.880005  0.292674  0.615072  0.746865  0.878658  1.114017
  1238.390015  0.292062  0.617657  0.749905  0.882152  1.129534
  1241.890015  0.295873  0.619959  0.752617  0.885275  1.148751
  1245.400024  0.295484  0.622080  0.755119  0.888159  1.152850
  1248.900024  0.299684  0.623972  0.757419  0.890865  1.145393
  1252.410034  0.299112  0.625835  0.759613  0.893391  1.144354
  1255.920044  0.302649  0.627670  0.761833  0.895996  1.160388
  1259.420044  0.303761  0.629325  0.763834  0.898343  1.172083
  1262.930054  0.305317  0.630788  0.765596  0.900405  1.164235
  1266.439941  0.305864  0.632426  0.767498  0.902570  1.156238
  1269.949951  0.307863  0.633841  0.769260  0.904678  1.166155
  1273.459961  0.307291  0.635393  0.771138  0.906882  1.183085
  1276.969971  0.306209  0.636721  0.772782  0.908842  1.184469
  1280.479980  0.311392  0.638319  0.774646  0.910973  1.168507
  1283.989990  0.313001  0.639742  0.776425  0.913108  1.171243
  1287.510010  0.311255  0.641268  0.778288  0.915309  1.186494
  1291.020020  0.313467  0.642509  0.779868  0.917227  1.201448
  1294.530029  0.313620  0.643974  0.781591  0.919208  1.193668
  1298.050049  0.314114  0.645009  0.782938  0.920867  1.176615
  1301.560059  0.314175  0.646124  0.784260  0.922396  1.179039
  1305.079956  0.317254  0.647059  0.785403  0.923748  1.194995
  1308.589966  0.317826  0.648035  0.786581  0.925126  1.210172
  1312.109985  0.320069  0.648532  0.787304  0.926075  1.200988
  1315.619995  0.320060  0.648959  0.787884  0.926810  1.188154
  1319.140015  0.318071  0.648929  0.787968  0.927007  1.184247
  1322.660034  0.319368  0.648923  0.787955  0.926988  1.201170
  1326.180054  0.317339  0.648186  0.787244  0.926302  1.208555
  1329.699951  0.316958  0.647173  0.786154  0.925136  1.201740
  1333.219971  0.316696  0.645357  0.784226  0.923095  1.180918
  1336.739990  0.310300  0.643339  0.781935  0.920532  1.176250
  1340.260010  0.309569  0.640737  0.779048  0.917359  1.181311
  1343.780029  0.309567  0.637816  0.775720  0.913624  1.191616
  1347.300049  0.305917  0.634302  0.771749  0.909195  1.180125
  1350.819946  0.302548  0.630685  0.767570  0.904455  1.164309
  1354.349976  0.298445  0.627167  0.763453  0.899740  1.151577
  1357.869995  0.295985  0.623868  0.759564  0.895260  1.157851
  1361.390015  0.292814  0.620683  0.755914  0.891145  1.165812
  1364.920044  0.293245  0.617738  0.752581  0.887425  1.161729
  1368.439941  0.287640  0.614598  0.749253  0.883908  1.143842
  1371.969971  0.286189  0.611906  0.746261  0.880615  1.128226
  1375.500000  0.282189  0.609639  0.743844  0.878049  1.125896
  1379.020020  0.283621  0.607723  0.741504  0.875286  1.131763
  1382.550049  0.278527  0.605196  0.738651  0.872107  1.137782
  1386.079956  0.275491  0.602109  0.735229  0.868350  1.124982
  1389.609985  0.275460  0.598197  0.730902  0.863607  1.103398
  1393.140015  0.268920  0.593895  0.725850  0.857806  1.093451
  1396.670044  0.264787  0.588614  0.719750  0.850885  1.094237
  1400.199951  0.255064  0.582707  0.712843  0.842980  1.096501
  1403.729980  0.255540  0.575357  0.704338  0.833320  1.088460
  1407.260010  0.246910  0.566810  0.694410  0.822011  1.063792
  1410.790039  0.243979  0.557167  0.683172  0.809177  1.035422
  1414.319946  0.230108  0.546720  0.671033  0.795345  1.020239
  1417.859985  0.226258  0.535691  0.658144  0.780597  1.022812
  1421.390015  0.217789  0.524964  0.645422  0.765881  1.021888
  1424.920044  0.213249  0.514289  0.632825  0.751361  1.001335
  1428.459961  0.204115  0.504654  0.621475  0.738296  0.969574
  1431.989990  0.198761  0.495816  0.611034  0.726253  0.939497
  1435.530029  0.194529  0.488463  0.602333  0.716203  0.931583
  1439.069946  0.188775  0.482138  0.594999  0.707860  0.935663
  1442.599976  0.187678  0.477117  0.589070  0.701023  0.942236
  1446.140015  0.184618  0.473229  0.584437  0.695645  0.935179
  1449.680054  0.183809  0.470080  0.580844  0.691608  0.908622
  1453.219971  0.182630  0.467760  0.578015  0.688269  0.893775
  1456.760010  0.179164  0.465892  0.575822  0.685752  0.892295
  1460.300049  0.180867  0.464273  0.574045  0.683816  0.911737
  1463.839966  0.177708  0.463389  0.573128  0.682867  0.922923
  1467.380005  0.176943  0.462764  0.572469  0.682175  0.923416
  1470.920044  0.178872  0.462777  0.572593  0.682410  0.902921
  1474.459961  0.177017  0.462739  0.572672  0.682605  0.887895
  1478.010010  0.177224  0.463215  0.573373  0.683531  0.889556
  1481.550049  0.177327  0.463744  0.574086  0.684428  0.912427
  1485.089966  0.180069  0.464184  0.574804  0.685424  0.927417
  1488.640015  0.178078  0.464656  0.575457  0.686259  0.929261
  1492.180054  0.179302  0.465657  0.576667  0.687678  0.915338
  1495.729980  0.179326  0.466512  0.577824  0.689136  0.900275
  1499.270020  0.178809  0.467794  0.579405  0.691016  0.898143
  1502.819946  0.180878  0.468890  0.580854  0.692819  0.917362
  1506.369995  0.182097  0.470093  0.582420  0.694747  0.942375
  1509.910034  0.181344  0.471272  0.583910  0.696548  0.952653
  1513.459961  0.184127  0.472404  0.585388  0.698373  0.944965
  1517.010010  0.179814  0.473334  0.586581  0.699827  0.926379
  1520.560059  0.183624  0.474191  0.587740  0.701288  0.913773
  1524.109985  0.181471  0.474824  0.588681  0.702539  0.923279
  1527.660034  0.182775  0.475475  0.589545  0.703616  0.949033
  1531.209961  0.181916  0.475398  0.589747  0.704097  0.966002
  1534.760010  0.184135  0.475845  0.590224  0.704602  0.967779
  1538.319946  0.184028  0.475633  0.590126  0.704619  0.950023
  1541.869995  0.183962  0.475478  0.590027  0.704576  0.932672
  1545.420044  0.180995  0.474953  0.589548  0.704143  0.921908
  1548.979980  0.181948  0.474254  0.588841  0.703429  0.938961
  1552.530029  0.182211  0.473536  0.588119  0.702701  0.958186
  1556.089966  0.181497  0.472748  0.587215  0.701681  0.975830
  1559.640015  0.180491  0.471619  0.586204  0.700788  0.968391
  1563.199951  0.178387  0.470997  0.585428  0.699859  0.946771
  1566.750000  0.180105  0.470066  0.584566  0.699066  0.927590
  1570.310059  0.176568  0.469186  0.583618  0.698049  0.924347
  1573.869995  0.177537  0.468415  0.582904  0.697392  0.934912
  1577.430054  0.175687  0.468113  0.582524  0.696934  0.960733
  1580.989990  0.179338  0.467296  0.581840  0.696383  0.965276
  1584.550049  0.176863  0.467008  0.581549  0.696089  0.959709
  1588.109985  0.175555  0.466322  0.580980  0.695637  0.939464
  1591.670044  0.176544  0.466550  0.581196  0.695842  0.922322
  1595.229980  0.176161  0.465972  0.580715  0.695459  0.912231
  1598.790039  0.174622  0.465852  0.580637  0.695422  0.917229
  1602.349976  0.175123  0.465566  0.580447  0.695327  0.946248
  1605.920044  0.173440  0.465081  0.580095  0.695109  0.960855
  1609.479980  0.174409  0.464548  0.579609  0.694670  0.956067
  1613.040039  0.172597  0.463573  0.578640  0.693706  0.929808
  1616.609985  0.172441  0.462383  0.577376  0.692369  0.899672
  1620.170044  0.168666  0.460962  0.575987  0.691011  0.872986
  1623.739990  0.167874  0.458873  0.574005  0.689137  0.871635
  1627.310059  0.166154  0.456919  0.572222  0.687526  0.867120
  1630.869995  0.160438  0.454608  0.570120  0.685631  0.867168
  1634.439941  0.159031  0.452988  0.568808  0.684627  0.866056
  1638.010010  0.157572  0.451693  0.567721  0.683749  0.865849
  1641.579956  0.159462  0.451181  0.567397  0.683613  0.858900
  1645.150024  0.157770  0.451007  0.567247  0.683486  0.860539
  1648.709961  0.156634  0.450761  0.566970  0.683179  0.857705
  1652.290039  0.156480  0.450406  0.566438  0.682470  0.857637
  1655.859985  0.156996  0.448029  0.564242  0.680456  0.857617
  1659.430054  0.147547  0.443597  0.560282  0.676967  0.850496
  1663.000000  0.141362  0.436760  0.554952  0.673145  0.847410
  1666.569946  0.131874  0.428419  0.548814  0.669209  0.844940
  1670.140015  0.123970  0.419115  0.542300  0.665485  0.840307
  1673.719971  0.116649  0.410581  0.536171  0.661761  0.838823
  1677.290039  0.110010  0.404098  0.531130  0.658162  0.830767
  1680.869995  0.105304  0.400274  0.527261  0.654248  0.827261
  1684.439941  0.107439  0.397920  0.523658  0.649396  0.822297
  1688.020020  0.107854  0.395998  0.519555  0.643111  0.814513
  1691.589966  0.111595  0.393567  0.514399  0.635231  0.803253
  1695.170044  0.108406  0.391842  0.509443  0.627044  0.790885
  1698.750000  0.117946  0.390446  0.504173  0.617900  0.788664
  1702.329956  0.122134  0.390270  0.499958  0.609647  0.769568
  1705.910034  0.122293  0.389033  0.494837  0.600641  0.759725
  1709.489990  0.136329  0.387254  0.489709  0.592164  0.742527
  1713.069946  0.122114  0.383307  0.482883  0.582459  0.732003
  1716.650024  0.128245  0.379496  0.475727  0.571959  0.722000
  1720.229980  0.130665  0.373488  0.467029  0.560571  0.718131
