ENVI ASCII Plot File [Sun Apr 06 16:31:23 2025]
Column 1: Wavelength
Column 2: Min: ROI #36~~2##255,0,0
Column 3: Mean-StdDev: ROI #36~~21##0,200,0
Column 4: Mean: ROI #36~~0##0,0,0
Column 5: Mean+StdDev: ROI #36~~21##0,200,0
Column 6: Max: ROI #36~~2##255,0,0
   935.609985  0.321696  0.484612  0.543785  0.602959  0.767735
   939.059998  0.322617  0.487968  0.546935  0.605901  0.760569
   942.520020  0.332397  0.510993  0.578730  0.646468  0.807344
   945.979980  0.316532  0.527177  0.602692  0.678208  0.876567
   949.429993  0.330619  0.537479  0.618435  0.699392  0.913801
   952.890015  0.326155  0.546323  0.629869  0.713414  0.944343
   956.349976  0.329437  0.552074  0.637425  0.722776  0.947121
   959.809998  0.334729  0.556605  0.642721  0.728837  0.964063
   963.270020  0.334785  0.560358  0.647190  0.734022  0.968041
   966.729980  0.339153  0.563673  0.651052  0.738432  0.977048
   970.190002  0.337915  0.567063  0.654988  0.742913  0.977986
   973.650024  0.343027  0.569863  0.658189  0.746516  0.981932
   977.109985  0.344480  0.572762  0.661553  0.750345  0.988984
   980.580017  0.350595  0.575860  0.664987  0.754114  0.996333
   984.039978  0.353744  0.578827  0.668343  0.757858  1.000432
   987.510010  0.353075  0.581609  0.671495  0.761382  1.004274
   990.969971  0.357377  0.584581  0.674836  0.765091  1.010130
   994.429993  0.356705  0.587577  0.678204  0.768831  1.014991
   997.900024  0.362345  0.590746  0.681743  0.772740  1.017163
  1001.369995  0.364876  0.593582  0.684986  0.776391  1.021046
  1004.830017  0.369769  0.596586  0.688306  0.780026  1.027174
  1008.299988  0.370059  0.599584  0.691736  0.783888  1.030825
  1011.770020  0.373663  0.602834  0.695333  0.787832  1.036463
  1015.239990  0.373760  0.605761  0.698635  0.791509  1.037383
  1018.710022  0.377809  0.608701  0.701894  0.795087  1.044119
  1022.179993  0.378404  0.611738  0.705311  0.798884  1.046068
  1025.650024  0.383251  0.614776  0.708694  0.802612  1.053195
  1029.119995  0.384381  0.617676  0.712007  0.806337  1.057102
  1032.589966  0.385413  0.620704  0.715391  0.810078  1.062950
  1036.060059  0.386874  0.623550  0.718591  0.813632  1.066470
  1039.530029  0.389938  0.626450  0.721865  0.817281  1.071535
  1043.000000  0.389511  0.629375  0.725145  0.820915  1.074642
  1046.479980  0.390791  0.632301  0.728425  0.824549  1.079367
  1049.949951  0.394139  0.635059  0.731534  0.828010  1.085176
  1053.430054  0.397352  0.637740  0.734528  0.831316  1.088541
  1056.900024  0.397059  0.640419  0.737550  0.834681  1.090925
  1060.380005  0.399186  0.643087  0.740530  0.837972  1.097111
  1063.849976  0.402682  0.645741  0.743535  0.841329  1.103122
  1067.329956  0.403437  0.648349  0.746490  0.844631  1.106711
  1070.810059  0.405184  0.650891  0.749330  0.847769  1.109077
  1074.290039  0.406774  0.653418  0.752200  0.850982  1.112892
  1077.760010  0.409414  0.655835  0.754931  0.854027  1.117238
  1081.239990  0.410303  0.658210  0.757593  0.856975  1.120754
  1084.719971  0.410761  0.660477  0.760175  0.859874  1.126665
  1088.199951  0.412129  0.662558  0.762557  0.862556  1.131519
  1091.680054  0.413757  0.664522  0.764780  0.865037  1.132989
  1095.170044  0.417993  0.666460  0.766972  0.867483  1.134578
  1098.650024  0.418747  0.668289  0.769023  0.869757  1.137004
  1102.130005  0.418925  0.669752  0.770686  0.871621  1.138401
  1105.609985  0.420756  0.670980  0.772085  0.873190  1.139866
  1109.099976  0.420171  0.672133  0.773410  0.874687  1.141070
  1112.579956  0.419605  0.673226  0.774676  0.876125  1.142431
  1116.069946  0.421647  0.674257  0.775857  0.877456  1.141876
  1119.550049  0.420627  0.675080  0.776809  0.878538  1.137171
  1123.040039  0.422046  0.675570  0.777422  0.879273  1.137199
  1126.520020  0.420985  0.675703  0.777616  0.879530  1.128467
  1130.010010  0.421351  0.675010  0.776963  0.878916  1.115821
  1133.500000  0.422350  0.673638  0.775603  0.877568  1.097452
  1136.989990  0.420263  0.671663  0.773816  0.875968  1.080346
  1140.469971  0.419281  0.669880  0.772249  0.874618  1.079970
  1143.959961  0.417375  0.668702  0.771265  0.873827  1.078653
  1147.449951  0.417305  0.668425  0.770979  0.873534  1.078250
  1150.939941  0.416597  0.668773  0.771133  0.873492  1.077227
  1154.430054  0.417509  0.669144  0.771155  0.873165  1.085778
  1157.930054  0.416476  0.668631  0.770367  0.872103  1.101700
  1161.420044  0.418520  0.667367  0.768790  0.870213  1.109705
  1164.910034  0.415681  0.665534  0.766699  0.867863  1.115694
  1168.400024  0.413436  0.663823  0.764733  0.865643  1.117533
  1171.900024  0.413359  0.662030  0.762715  0.863400  1.118622
  1175.390015  0.412442  0.660273  0.760754  0.861236  1.116499
  1178.890015  0.409832  0.658663  0.758967  0.859271  1.113421
  1182.380005  0.410221  0.657471  0.757621  0.857771  1.112375
  1185.880005  0.407895  0.656756  0.756845  0.856935  1.105783
  1189.369995  0.408057  0.656769  0.756953  0.857137  1.106749
  1192.869995  0.406160  0.657391  0.757728  0.858065  1.105226
  1196.369995  0.408920  0.658532  0.759005  0.859477  1.104610
  1199.869995  0.408576  0.659716  0.760478  0.861240  1.101744
  1203.369995  0.412757  0.661166  0.762188  0.863209  1.101350
  1206.869995  0.413376  0.662663  0.763936  0.865209  1.101370
  1210.369995  0.414079  0.664497  0.766010  0.867524  1.106379
  1213.869995  0.414327  0.666658  0.768523  0.870388  1.111980
  1217.369995  0.416449  0.669309  0.771480  0.873650  1.121123
  1220.869995  0.416790  0.671956  0.774524  0.877091  1.126979
  1224.369995  0.419757  0.674813  0.777752  0.880691  1.137560
  1227.869995  0.418578  0.677605  0.780943  0.884281  1.144385
  1231.380005  0.420162  0.680259  0.783919  0.887578  1.152368
  1234.880005  0.425458  0.682571  0.786578  0.890585  1.159229
  1238.390015  0.425626  0.684828  0.789140  0.893452  1.164162
  1241.890015  0.426008  0.686888  0.791485  0.896082  1.169209
  1245.400024  0.426564  0.688692  0.793545  0.898398  1.174715
  1248.900024  0.428757  0.690274  0.795435  0.900597  1.177524
  1252.410034  0.429192  0.691725  0.797067  0.902408  1.177974
  1255.920044  0.429927  0.693068  0.798676  0.904285  1.182921
  1259.420044  0.432355  0.694193  0.800006  0.905818  1.187163
  1262.930054  0.432651  0.695155  0.801191  0.907226  1.188159
  1266.439941  0.430455  0.696235  0.802407  0.908580  1.188738
  1269.949951  0.434262  0.697046  0.803462  0.909877  1.194022
  1273.459961  0.433094  0.698151  0.804703  0.911256  1.196181
  1276.969971  0.434295  0.699171  0.805920  0.912669  1.198961
  1280.479980  0.433722  0.700304  0.807256  0.914209  1.201276
  1283.989990  0.435834  0.701408  0.808601  0.915794  1.205682
  1287.510010  0.432278  0.702618  0.810005  0.917392  1.207751
  1291.020020  0.440385  0.703532  0.811148  0.918765  1.207931
  1294.530029  0.437055  0.704527  0.812245  0.919964  1.210033
  1298.050049  0.437671  0.704993  0.812968  0.920943  1.209972
  1301.560059  0.435282  0.705704  0.813732  0.921761  1.210880
  1305.079956  0.437282  0.706099  0.814235  0.922372  1.213633
  1308.589966  0.438307  0.706317  0.814544  0.922771  1.214798
  1312.109985  0.438541  0.706041  0.814375  0.922709  1.215284
  1315.619995  0.435962  0.705680  0.814046  0.922411  1.213533
  1319.140015  0.439552  0.704740  0.813126  0.921512  1.215378
  1322.660034  0.436010  0.703638  0.811900  0.920161  1.213140
  1326.180054  0.433277  0.701693  0.809797  0.917901  1.210639
  1329.699951  0.433066  0.699087  0.807036  0.914985  1.203869
  1333.219971  0.431375  0.695691  0.803251  0.910810  1.201011
  1336.739990  0.428169  0.691760  0.798974  0.906188  1.194492
  1340.260010  0.423887  0.687458  0.794227  0.900997  1.186277
  1343.780029  0.421956  0.682709  0.788942  0.895174  1.179360
  1347.300049  0.415621  0.677438  0.783108  0.888778  1.168225
  1350.819946  0.414405  0.672097  0.777220  0.882342  1.159809
  1354.349976  0.410979  0.667160  0.771681  0.876203  1.154174
  1357.869995  0.405349  0.662540  0.766507  0.870474  1.151973
  1361.390015  0.402641  0.658187  0.761622  0.865057  1.142203
  1364.920044  0.400981  0.653911  0.756956  0.860002  1.134385
  1368.439941  0.397361  0.649835  0.752497  0.855159  1.124534
  1371.969971  0.393585  0.646163  0.748468  0.850774  1.117294
  1375.500000  0.390358  0.643061  0.745216  0.847371  1.110725
  1379.020020  0.390654  0.640454  0.742208  0.843963  1.105577
  1382.550049  0.385954  0.637266  0.738637  0.840008  1.097968
  1386.079956  0.382410  0.633237  0.734293  0.835350  1.093791
  1389.609985  0.374657  0.628225  0.728818  0.829411  1.086733
  1393.140015  0.372908  0.622411  0.722179  0.821946  1.075183
  1396.670044  0.361075  0.615337  0.714310  0.813283  1.061088
  1400.199951  0.360632  0.607542  0.705489  0.803437  1.049602
  1403.729980  0.346842  0.598242  0.695105  0.791968  1.032957
  1407.260010  0.340484  0.587838  0.683492  0.779146  1.022190
  1410.790039  0.328424  0.576440  0.670728  0.765016  1.001913
  1414.319946  0.320705  0.564292  0.657085  0.749879  0.983371
  1417.859985  0.308499  0.551756  0.642933  0.734110  0.964839
  1421.390015  0.296768  0.539597  0.629144  0.718690  0.946673
  1424.920044  0.288170  0.527779  0.615829  0.703879  0.928744
  1428.459961  0.281393  0.517330  0.603885  0.690441  0.913444
  1431.989990  0.273790  0.507664  0.593016  0.678367  0.899610
  1435.530029  0.270438  0.499904  0.584179  0.668455  0.887652
  1439.069946  0.262633  0.493235  0.576622  0.660009  0.874714
  1442.599976  0.257422  0.487765  0.570485  0.653205  0.868521
  1446.140015  0.255543  0.483563  0.565708  0.647854  0.862981
  1449.680054  0.251636  0.480115  0.561884  0.643652  0.861904
  1453.219971  0.253331  0.477480  0.558902  0.640324  0.857731
  1456.760010  0.248739  0.475511  0.556694  0.637877  0.854516
  1460.300049  0.250770  0.473583  0.554612  0.635642  0.855468
  1463.839966  0.245995  0.472572  0.553478  0.634385  0.852009
  1467.380005  0.246733  0.471678  0.552593  0.633509  0.852482
  1470.920044  0.245050  0.471410  0.552444  0.633478  0.852014
  1474.459961  0.245810  0.471260  0.552369  0.633478  0.855815
  1478.010010  0.244841  0.471820  0.553054  0.634289  0.856909
  1481.550049  0.245876  0.472206  0.553594  0.634983  0.859866
  1485.089966  0.245860  0.472661  0.554214  0.635768  0.858510
  1488.640015  0.243115  0.472852  0.554545  0.636238  0.860704
  1492.180054  0.242546  0.473637  0.555520  0.637403  0.860967
  1495.729980  0.246292  0.474077  0.556176  0.638276  0.864674
  1499.270020  0.246204  0.475224  0.557516  0.639807  0.868388
  1502.819946  0.247470  0.476146  0.558638  0.641131  0.871956
  1506.369995  0.247165  0.477210  0.559973  0.642735  0.874230
  1509.910034  0.246904  0.478174  0.561200  0.644226  0.879736
  1513.459961  0.250418  0.479181  0.562396  0.645611  0.878205
  1517.010010  0.245544  0.479795  0.563266  0.646737  0.879277
  1520.560059  0.248964  0.480550  0.564297  0.648044  0.882400
  1524.109985  0.245977  0.481219  0.565094  0.648970  0.888409
  1527.660034  0.250999  0.481675  0.565767  0.649859  0.886648
  1531.209961  0.246025  0.481569  0.565823  0.650077  0.886642
  1534.760010  0.248704  0.481791  0.566135  0.650479  0.889380
  1538.319946  0.247102  0.481583  0.566000  0.650417  0.892983
  1541.869995  0.247234  0.481420  0.565882  0.650345  0.893533
  1545.420044  0.245132  0.480710  0.565151  0.649591  0.890944
  1548.979980  0.248576  0.480043  0.564522  0.649001  0.892708
  1552.530029  0.240432  0.479253  0.563713  0.648173  0.891757
  1556.089966  0.246704  0.478357  0.562825  0.647292  0.892535
  1559.640015  0.241814  0.477118  0.561619  0.646120  0.891114
  1563.199951  0.243826  0.476296  0.560741  0.645186  0.891841
  1566.750000  0.238904  0.475346  0.559787  0.644229  0.892243
  1570.310059  0.242177  0.474464  0.558835  0.643207  0.893995
  1573.869995  0.235234  0.473566  0.557984  0.642401  0.887332
  1577.430054  0.237926  0.473168  0.557553  0.641938  0.891769
  1580.989990  0.236078  0.472252  0.556726  0.641201  0.886532
  1584.550049  0.238697  0.471933  0.556361  0.640789  0.885777
  1588.109985  0.236996  0.471041  0.555574  0.640107  0.882546
  1591.670044  0.237998  0.471159  0.555693  0.640226  0.883154
  1595.229980  0.235362  0.470496  0.555093  0.639690  0.881757
  1598.790039  0.238905  0.470243  0.554849  0.639456  0.881169
  1602.349976  0.233191  0.469896  0.554490  0.639084  0.878162
  1605.920044  0.232113  0.469282  0.553891  0.638501  0.878760
  1609.479980  0.230750  0.468519  0.553202  0.637886  0.872927
  1613.040039  0.229617  0.467556  0.552139  0.636721  0.873170
  1616.609985  0.229042  0.466229  0.550726  0.635223  0.862972
  1620.170044  0.227427  0.464585  0.548943  0.633300  0.852714
  1623.739990  0.224526  0.462195  0.546533  0.630870  0.834912
  1627.310059  0.223117  0.459914  0.544150  0.628386  0.827885
  1630.869995  0.219617  0.457199  0.541517  0.625835  0.825698
  1634.439941  0.215030  0.455168  0.539598  0.624028  0.822906
  1638.010010  0.219196  0.453105  0.537742  0.622379  0.828015
  1641.579956  0.213273  0.452207  0.536865  0.621522  0.823918
  1645.150024  0.215712  0.451449  0.536150  0.620851  0.824063
  1648.709961  0.211841  0.450784  0.535353  0.619922  0.817406
  1652.290039  0.214646  0.449812  0.534199  0.618586  0.817907
  1655.859985  0.212996  0.447236  0.531679  0.616121  0.813028
  1659.430054  0.210019  0.442523  0.527423  0.612323  0.811047
  1663.000000  0.203234  0.435247  0.521837  0.608427  0.803449
  1666.569946  0.197622  0.426206  0.515519  0.604831  0.800885
  1670.140015  0.187690  0.415880  0.508957  0.602034  0.791661
  1673.719971  0.176655  0.406868  0.503236  0.599603  0.789595
  1677.290039  0.172320  0.400417  0.498990  0.597562  0.785507
  1680.869995  0.168877  0.396931  0.495931  0.594932  0.781063
  1684.439941  0.167461  0.395307  0.493249  0.591192  0.772977
  1688.020020  0.165046  0.394411  0.490150  0.585889  0.768400
  1691.589966  0.168764  0.393081  0.486240  0.579399  0.765170
  1695.170044  0.170235  0.392886  0.482914  0.572941  0.755350
  1698.750000  0.174750  0.393295  0.479251  0.565207  0.739537
  1702.329956  0.176267  0.395106  0.477192  0.559279  0.725960
  1705.910034  0.171887  0.395702  0.474390  0.553078  0.714636
  1709.489990  0.185649  0.395091  0.470948  0.546804  0.691087
  1713.069946  0.187350  0.393040  0.466464  0.539889  0.702004
  1716.650024  0.186703  0.390206  0.461347  0.532488  0.665796
  1720.229980  0.187127  0.385596  0.454846  0.524096  0.669533
