ENVI ASCII Plot File [Sun Apr 06 16:14:26 2025]
Column 1: Wavelength
Column 2: Min: ROI #17~~2##255,0,0
Column 3: Mean-StdDev: ROI #17~~21##0,200,0
Column 4: Mean: ROI #17~~0##0,0,0
Column 5: Mean+StdDev: ROI #17~~21##0,200,0
Column 6: Max: ROI #17~~2##255,0,0
   935.609985  0.229719  0.417587  0.482321  0.547056  0.687932
   939.059998  0.228165  0.419773  0.484610  0.549446  0.685152
   942.520020  0.237277  0.430557  0.506952  0.583346  0.718551
   945.979980  0.228038  0.438957  0.525368  0.611778  0.767714
   949.429993  0.221464  0.444386  0.538312  0.632238  0.798290
   952.890015  0.218115  0.450420  0.547588  0.644757  0.814616
   956.349976  0.218591  0.455339  0.554741  0.654142  0.831705
   959.809998  0.220582  0.459102  0.559613  0.660123  0.837857
   963.270020  0.226877  0.462794  0.564153  0.665512  0.845042
   966.729980  0.222564  0.466018  0.568028  0.670038  0.849425
   970.190002  0.230632  0.469192  0.572021  0.674850  0.856112
   973.650024  0.225448  0.472122  0.575472  0.678821  0.862167
   977.109985  0.230220  0.475021  0.578974  0.682926  0.867919
   980.580017  0.229960  0.478265  0.582751  0.687237  0.875229
   984.039978  0.232370  0.481217  0.586331  0.691444  0.878008
   987.510010  0.232862  0.484113  0.589686  0.695259  0.883362
   990.969971  0.234966  0.487012  0.593196  0.699380  0.890238
   994.429993  0.235920  0.490109  0.596790  0.703470  0.892556
   997.900024  0.238257  0.493199  0.600430  0.707661  0.901507
  1001.369995  0.242871  0.496039  0.603766  0.711492  0.906042
  1004.830017  0.242833  0.498950  0.607211  0.715472  0.909566
  1008.299988  0.242909  0.502016  0.610760  0.719503  0.912650
  1011.770020  0.243308  0.505207  0.614485  0.723763  0.917845
  1015.239990  0.246448  0.508042  0.617847  0.727651  0.924230
  1018.710022  0.248528  0.510876  0.621172  0.731469  0.931105
  1022.179993  0.249481  0.513826  0.624666  0.735507  0.935387
  1025.650024  0.251997  0.516830  0.628158  0.739486  0.940204
  1029.119995  0.253268  0.519666  0.631544  0.743423  0.943807
  1032.589966  0.254459  0.522626  0.634990  0.747354  0.947991
  1036.060059  0.255583  0.525437  0.638306  0.751175  0.952024
  1039.530029  0.257221  0.528246  0.641626  0.755006  0.960995
  1043.000000  0.260050  0.531090  0.644989  0.758889  0.966827
  1046.479980  0.261351  0.534042  0.648405  0.762769  0.972066
  1049.949951  0.263109  0.536764  0.651619  0.766473  0.972989
  1053.430054  0.264195  0.539391  0.654745  0.770098  0.976767
  1056.900024  0.266649  0.542048  0.657911  0.773774  0.982133
  1060.380005  0.266587  0.544677  0.661015  0.777353  0.991023
  1063.849976  0.267413  0.547347  0.664164  0.780980  0.997427
  1067.329956  0.268639  0.549963  0.667270  0.784577  1.001817
  1070.810059  0.270529  0.552518  0.670275  0.788032  1.004493
  1074.290039  0.273532  0.555134  0.673382  0.791630  1.006759
  1077.760010  0.275121  0.557614  0.676329  0.795045  1.010808
  1081.239990  0.277086  0.560072  0.679240  0.798408  1.017336
  1084.719971  0.278370  0.562502  0.682139  0.801777  1.023966
  1088.199951  0.279731  0.564750  0.684802  0.804853  1.028420
  1091.680054  0.280384  0.566985  0.687435  0.807884  1.031434
  1095.170044  0.281705  0.569212  0.690104  0.810995  1.032552
  1098.650024  0.282381  0.571402  0.692700  0.813997  1.035054
  1102.130005  0.282888  0.573407  0.695089  0.816772  1.039932
  1105.609985  0.283314  0.575232  0.697259  0.819287  1.045840
  1109.099976  0.284303  0.576966  0.699320  0.821675  1.049355
  1112.579956  0.285441  0.578703  0.701369  0.824034  1.050577
  1116.069946  0.287585  0.580366  0.703307  0.826248  1.050362
  1119.550049  0.285724  0.581946  0.705119  0.828291  1.047517
  1123.040039  0.286826  0.583313  0.706640  0.829967  1.042415
  1126.520020  0.287289  0.584421  0.707781  0.831140  1.037614
  1130.010010  0.287803  0.584996  0.708241  0.831487  1.029981
  1133.500000  0.286472  0.585077  0.708090  0.831104  1.014990
  1136.989990  0.281996  0.584575  0.707369  0.830163  0.994090
  1140.469971  0.282104  0.584158  0.706935  0.829713  0.995150
  1143.959961  0.282011  0.584248  0.707177  0.830106  0.995692
  1147.449951  0.283840  0.585138  0.708374  0.831611  0.998392
  1150.939941  0.285618  0.586705  0.710340  0.833975  0.999302
  1154.430054  0.288410  0.588543  0.712576  0.836608  1.010788
  1157.930054  0.288219  0.589721  0.714220  0.838719  1.035312
  1161.420044  0.290241  0.590308  0.715133  0.839959  1.047957
  1164.910034  0.290791  0.590369  0.715438  0.840506  1.055994
  1168.400024  0.291984  0.590472  0.715660  0.840847  1.057016
  1171.900024  0.290127  0.590509  0.715763  0.841017  1.057626
  1175.390015  0.292642  0.590373  0.715693  0.841012  1.057869
  1178.890015  0.291966  0.590124  0.715476  0.840829  1.057274
  1182.380005  0.292177  0.590069  0.715443  0.840816  1.057706
  1185.880005  0.289075  0.590278  0.715691  0.841103  1.058356
  1189.369995  0.291772  0.590797  0.716325  0.841853  1.058479
  1192.869995  0.291313  0.591651  0.717369  0.843086  1.057657
  1196.369995  0.292459  0.592840  0.718778  0.844716  1.055396
  1199.869995  0.291651  0.594057  0.720268  0.846479  1.053270
  1203.369995  0.289675  0.595444  0.721909  0.848373  1.051560
  1206.869995  0.289833  0.596874  0.723641  0.850408  1.053038
  1210.369995  0.291226  0.598586  0.725727  0.852869  1.056913
  1213.869995  0.294880  0.600626  0.728303  0.855979  1.066602
  1217.369995  0.295914  0.603185  0.731373  0.859560  1.077795
  1220.869995  0.296477  0.605680  0.734572  0.863464  1.086372
  1224.369995  0.298801  0.608374  0.737865  0.867356  1.097621
  1227.869995  0.302089  0.610955  0.741117  0.871279  1.099954
  1231.380005  0.303624  0.613549  0.744238  0.874928  1.103747
  1234.880005  0.307090  0.615834  0.747091  0.878348  1.109390
  1238.390015  0.305489  0.618104  0.749883  0.881662  1.115560
  1241.890015  0.306804  0.620081  0.752427  0.884773  1.125477
  1245.400024  0.305250  0.622015  0.754777  0.887539  1.133808
  1248.900024  0.309531  0.623781  0.756998  0.890216  1.141819
  1252.410034  0.310219  0.625491  0.759000  0.892509  1.147087
  1255.920044  0.310830  0.627094  0.761016  0.894939  1.146705
  1259.420044  0.310839  0.628592  0.762844  0.897096  1.148061
  1262.930054  0.315576  0.629912  0.764582  0.899252  1.148927
  1266.439941  0.313711  0.631438  0.766337  0.901236  1.149133
  1269.949951  0.315725  0.632585  0.767912  0.903238  1.152877
  1273.459961  0.315762  0.633989  0.769613  0.905237  1.160367
  1276.969971  0.316739  0.635210  0.771234  0.907257  1.165592
  1280.479980  0.315779  0.636679  0.773002  0.909324  1.172401
  1283.989990  0.316858  0.637839  0.774586  0.911332  1.173507
  1287.510010  0.314473  0.639271  0.776315  0.913360  1.177275
  1291.020020  0.317944  0.640327  0.777751  0.915175  1.173779
  1294.530029  0.319372  0.641682  0.779320  0.916958  1.173216
  1298.050049  0.319164  0.642507  0.780468  0.918429  1.175328
  1301.560059  0.317187  0.643500  0.781730  0.919960  1.174972
  1305.079956  0.317890  0.644401  0.782801  0.921202  1.180407
  1308.589966  0.320073  0.645221  0.783907  0.922593  1.185199
  1312.109985  0.319451  0.645639  0.784577  0.923514  1.193225
  1315.619995  0.320720  0.646069  0.785184  0.924299  1.191265
  1319.140015  0.318073  0.646070  0.785290  0.924510  1.193689
  1322.660034  0.319962  0.646137  0.785375  0.924613  1.192273
  1326.180054  0.316009  0.645441  0.784733  0.924024  1.188413
  1329.699951  0.317127  0.644585  0.783903  0.923221  1.180426
  1333.219971  0.314565  0.642961  0.782166  0.921371  1.176969
  1336.739990  0.316347  0.641064  0.780080  0.919096  1.169352
  1340.260010  0.310923  0.638837  0.777531  0.916226  1.171118
  1343.780029  0.313259  0.636243  0.774538  0.912833  1.165158
  1347.300049  0.307400  0.633076  0.770947  0.908819  1.168296
  1350.819946  0.310829  0.629733  0.767198  0.904662  1.163308
  1354.349976  0.306349  0.626597  0.763563  0.900528  1.155786
  1357.869995  0.306721  0.623497  0.760055  0.896612  1.147931
  1361.390015  0.301463  0.620671  0.756709  0.892746  1.140037
  1364.920044  0.300357  0.617884  0.753633  0.889381  1.130308
  1368.439941  0.297936  0.615237  0.750600  0.885962  1.123262
  1371.969971  0.296589  0.612813  0.747877  0.882942  1.114905
  1375.500000  0.293504  0.610776  0.745652  0.880527  1.112323
  1379.020020  0.293668  0.609101  0.743554  0.878008  1.109415
  1382.550049  0.293524  0.607065  0.741087  0.875110  1.109500
  1386.079956  0.290473  0.604290  0.738084  0.871879  1.106658
  1389.609985  0.287161  0.600896  0.734247  0.867597  1.095791
  1393.140015  0.284970  0.597184  0.729754  0.862324  1.086334
  1396.670044  0.283555  0.592496  0.724407  0.856318  1.074355
  1400.199951  0.278196  0.587382  0.718362  0.849343  1.062819
  1403.729980  0.274495  0.580726  0.710763  0.840800  1.047980
  1407.260010  0.271422  0.573161  0.701880  0.830600  1.032976
  1410.790039  0.269245  0.564386  0.691813  0.819240  1.015491
  1414.319946  0.259944  0.554972  0.680866  0.806760  1.000548
  1417.859985  0.256682  0.545004  0.669334  0.793665  0.985309
  1421.390015  0.249671  0.535203  0.657758  0.780313  0.972412
  1424.920044  0.249363  0.525269  0.646177  0.767084  0.959429
  1428.459961  0.237526  0.516306  0.635594  0.754882  0.947784
  1431.989990  0.237724  0.508099  0.625941  0.743783  0.931736
  1435.530029  0.234248  0.501297  0.617913  0.734529  0.919334
  1439.069946  0.230765  0.495564  0.611237  0.726910  0.907532
  1442.599976  0.226392  0.490927  0.605815  0.720704  0.901139
  1446.140015  0.227311  0.487350  0.601691  0.716032  0.893563
  1449.680054  0.222536  0.484555  0.598505  0.712454  0.892768
  1453.219971  0.224201  0.482331  0.596044  0.709757  0.887953
  1456.760010  0.220098  0.480908  0.594387  0.707867  0.887889
  1460.300049  0.222157  0.479390  0.592883  0.706376  0.888386
  1463.839966  0.219452  0.478846  0.592280  0.705714  0.888535
  1467.380005  0.222186  0.478369  0.591843  0.705317  0.892967
  1470.920044  0.220138  0.478409  0.592004  0.705600  0.892170
  1474.459961  0.222084  0.478273  0.592155  0.706036  0.894809
  1478.010010  0.219691  0.478901  0.592937  0.706973  0.894611
  1481.550049  0.221229  0.479232  0.593542  0.707852  0.891971
  1485.089966  0.223082  0.479830  0.594390  0.708951  0.892420
  1488.640015  0.221293  0.480147  0.594953  0.709759  0.892672
  1492.180054  0.222150  0.480913  0.596020  0.711127  0.901363
  1495.729980  0.222042  0.481646  0.597044  0.712442  0.899371
  1499.270020  0.222421  0.482800  0.598569  0.714338  0.901472
  1502.819946  0.222011  0.483771  0.599900  0.716029  0.907609
  1506.369995  0.226309  0.484815  0.601344  0.717873  0.910144
  1509.910034  0.223059  0.485866  0.602730  0.719593  0.919570
  1513.459961  0.224492  0.486704  0.603990  0.721276  0.919661
  1517.010010  0.222724  0.487489  0.605060  0.722632  0.928882
  1520.560059  0.226969  0.488212  0.606213  0.724214  0.927568
  1524.109985  0.223076  0.488732  0.606993  0.725254  0.929857
  1527.660034  0.227145  0.489253  0.607769  0.726285  0.926497
  1531.209961  0.224322  0.489412  0.608116  0.726821  0.927410
  1534.760010  0.226000  0.489561  0.608446  0.727331  0.923821
  1538.319946  0.225197  0.489345  0.608390  0.727435  0.924120
  1541.869995  0.227854  0.489170  0.608390  0.727611  0.926864
  1545.420044  0.225013  0.488635  0.607849  0.727063  0.921993
  1548.979980  0.225336  0.487933  0.607241  0.726549  0.922009
  1552.530029  0.224163  0.487294  0.606611  0.725927  0.930807
  1556.089966  0.221933  0.486385  0.605746  0.725107  0.930745
  1559.640015  0.224415  0.485439  0.604743  0.724047  0.932744
  1563.199951  0.222699  0.484638  0.603936  0.723233  0.931320
  1566.750000  0.220964  0.483866  0.603174  0.722481  0.928360
  1570.310059  0.221613  0.482973  0.602297  0.721620  0.930361
  1573.869995  0.219360  0.482099  0.601435  0.720771  0.926423
  1577.430054  0.219300  0.481760  0.601076  0.720393  0.922493
  1580.989990  0.219179  0.481004  0.600390  0.719776  0.921558
  1584.550049  0.217115  0.480534  0.600012  0.719489  0.917245
  1588.109985  0.217848  0.479911  0.599407  0.718902  0.914081
  1591.670044  0.218147  0.480083  0.599561  0.719040  0.912369
  1595.229980  0.216401  0.479518  0.599080  0.718643  0.911309
  1598.790039  0.215778  0.479341  0.598884  0.718427  0.915335
  1602.349976  0.219782  0.479008  0.598604  0.718200  0.914085
  1605.920044  0.215433  0.478578  0.598190  0.717801  0.913943
  1609.479980  0.217528  0.478011  0.597640  0.717269  0.910741
  1613.040039  0.215468  0.477039  0.596536  0.716034  0.906617
  1616.609985  0.212954  0.475786  0.595056  0.714325  0.896316
  1620.170044  0.211797  0.474327  0.593194  0.712062  0.887143
  1623.739990  0.211181  0.472136  0.590636  0.709137  0.871797
  1627.310059  0.206255  0.470113  0.588132  0.706152  0.869037
  1630.869995  0.206642  0.467707  0.585572  0.703437  0.868956
  1634.439941  0.202585  0.465830  0.583588  0.701345  0.866226
  1638.010010  0.201578  0.464100  0.582034  0.699968  0.869004
  1641.579956  0.199978  0.463406  0.581428  0.699451  0.866795
  1645.150024  0.200690  0.462966  0.581133  0.699300  0.868619
  1648.709961  0.199231  0.462912  0.581108  0.699305  0.868151
  1652.290039  0.200624  0.462725  0.580846  0.698968  0.868656
  1655.859985  0.197725  0.460297  0.578265  0.696233  0.867018
  1659.430054  0.198034  0.454717  0.573072  0.691428  0.862148
  1663.000000  0.188459  0.445731  0.565855  0.685979  0.859521
  1666.569946  0.184095  0.433942  0.557583  0.681224  0.853748
  1670.140015  0.178551  0.420347  0.549106  0.677866  0.850175
  1673.719971  0.173335  0.408130  0.541544  0.674958  0.846261
  1677.290039  0.170811  0.399479  0.535894  0.672310  0.839586
  1680.869995  0.168882  0.395166  0.532018  0.668870  0.838201
  1684.439941  0.169273  0.393724  0.529014  0.664305  0.832930
  1688.020020  0.166834  0.393782  0.525883  0.657985  0.824689
  1691.589966  0.171023  0.393443  0.521938  0.650432  0.818384
  1695.170044  0.164181  0.394399  0.518397  0.642394  0.809351
  1698.750000  0.174852  0.396395  0.514771  0.633147  0.796727
  1702.329956  0.171378  0.399305  0.512125  0.624945  0.780122
  1705.910034  0.178988  0.400586  0.508914  0.617242  0.769358
  1709.489990  0.177588  0.400471  0.504711  0.608951  0.754879
  1713.069946  0.185355  0.397173  0.498412  0.599650  0.761747
  1716.650024  0.169877  0.393797  0.491519  0.589240  0.733894
  1720.229980  0.184381  0.390047  0.484095  0.578142  0.719004
