ENVI ASCII Plot File [Sun Apr 06 16:36:27 2025]
Column 1: Wavelength
Column 2: Min: ROI #41~~2##255,0,0
Column 3: Mean-StdDev: ROI #41~~21##0,200,0
Column 4: Mean: ROI #41~~0##0,0,0
Column 5: Mean+StdDev: ROI #41~~21##0,200,0
Column 6: Max: ROI #41~~2##255,0,0
   935.609985  0.340397  0.520050  0.579417  0.638784  0.787787
   939.059998  0.341678  0.523129  0.582356  0.641583  0.781218
   942.520020  0.333112  0.542243  0.612900  0.683557  0.837816
   945.979980  0.312846  0.556009  0.636671  0.717333  0.886771
   949.429993  0.316328  0.565458  0.652683  0.739908  0.939661
   952.890015  0.320601  0.572888  0.663181  0.753475  0.949957
   956.349976  0.317062  0.578218  0.670393  0.762568  0.963573
   959.809998  0.318537  0.582121  0.675280  0.768439  0.970674
   963.270020  0.320764  0.585468  0.679498  0.773529  0.978925
   966.729980  0.324410  0.588536  0.683190  0.777843  0.989384
   970.190002  0.323691  0.591666  0.686906  0.782145  0.993835
   973.650024  0.327693  0.594439  0.690092  0.785745  0.998313
   977.109985  0.330465  0.597087  0.693260  0.789432  1.002659
   980.580017  0.329121  0.600048  0.696591  0.793134  1.009200
   984.039978  0.332924  0.602839  0.699806  0.796774  1.013311
   987.510010  0.335408  0.605414  0.702801  0.800188  1.017908
   990.969971  0.334841  0.608189  0.705968  0.803748  1.020376
   994.429993  0.339481  0.610982  0.709133  0.807284  1.025352
   997.900024  0.339687  0.613894  0.712418  0.810941  1.034969
  1001.369995  0.342709  0.616546  0.715494  0.814442  1.038776
  1004.830017  0.342056  0.619305  0.718648  0.817990  1.042589
  1008.299988  0.345871  0.622073  0.721825  0.821576  1.047185
  1011.770020  0.346291  0.625050  0.725134  0.825218  1.051917
  1015.239990  0.351214  0.627714  0.728222  0.828731  1.055543
  1018.710022  0.350602  0.630346  0.731238  0.832129  1.059477
  1022.179993  0.353381  0.633086  0.734400  0.835714  1.064185
  1025.650024  0.354399  0.635860  0.737567  0.839273  1.071919
  1029.119995  0.357635  0.638506  0.740620  0.842734  1.075227
  1032.589966  0.359773  0.641237  0.743710  0.846182  1.078386
  1036.060059  0.361641  0.643768  0.746623  0.849478  1.084387
  1039.530029  0.362652  0.646340  0.749588  0.852836  1.090352
  1043.000000  0.364184  0.648976  0.752611  0.856246  1.093587
  1046.479980  0.366455  0.651706  0.755683  0.859661  1.098205
  1049.949951  0.367925  0.654196  0.758565  0.862934  1.102484
  1053.430054  0.368434  0.656569  0.761346  0.866123  1.106253
  1056.900024  0.369504  0.658985  0.764147  0.869309  1.111895
  1060.380005  0.372027  0.661412  0.766900  0.872387  1.117294
  1063.849976  0.373357  0.663779  0.769643  0.875507  1.120991
  1067.329956  0.374239  0.666118  0.772358  0.878598  1.124281
  1070.810059  0.374333  0.668447  0.775016  0.881585  1.127200
  1074.290039  0.377970  0.670763  0.777681  0.884600  1.132015
  1077.760010  0.381116  0.672929  0.780210  0.887491  1.136432
  1081.239990  0.381715  0.675135  0.782730  0.890326  1.139292
  1084.719971  0.380967  0.677276  0.785193  0.893111  1.144017
  1088.199951  0.382157  0.679179  0.787435  0.895691  1.148788
  1091.680054  0.384271  0.681050  0.789613  0.898177  1.151336
  1095.170044  0.383753  0.682919  0.791780  0.900641  1.151575
  1098.650024  0.385146  0.684732  0.793864  0.902996  1.153755
  1102.130005  0.386095  0.686273  0.795672  0.905072  1.159461
  1105.609985  0.388162  0.687656  0.797309  0.906963  1.160752
  1109.099976  0.388541  0.688944  0.798825  0.908706  1.160429
  1112.579956  0.390707  0.690224  0.800336  0.910448  1.159941
  1116.069946  0.390690  0.691458  0.801793  0.912127  1.161299
  1119.550049  0.391122  0.692531  0.803085  0.913639  1.158680
  1123.040039  0.391944  0.693390  0.804149  0.914908  1.155713
  1126.520020  0.391991  0.693966  0.804877  0.915787  1.147185
  1130.010010  0.389473  0.693913  0.804961  0.916008  1.135117
  1133.500000  0.387666  0.693295  0.804488  0.915681  1.114583
  1136.989990  0.385431  0.692107  0.803620  0.915133  1.087083
  1140.469971  0.384926  0.691091  0.802943  0.914795  1.085495
  1143.959961  0.381570  0.690474  0.802628  0.914783  1.084152
  1147.449951  0.380774  0.690729  0.802956  0.915184  1.085680
  1150.939941  0.382617  0.691661  0.803738  0.915814  1.088734
  1154.430054  0.384350  0.692690  0.804529  0.916367  1.106751
  1157.930054  0.386205  0.693032  0.804645  0.916258  1.124980
  1161.420044  0.386521  0.692741  0.804125  0.915509  1.138186
  1164.910034  0.385198  0.691913  0.803165  0.914417  1.145703
  1168.400024  0.387199  0.691070  0.802176  0.913282  1.148757
  1171.900024  0.388089  0.690192  0.801169  0.912146  1.149460
  1175.390015  0.385510  0.689272  0.800124  0.910976  1.149249
  1178.890015  0.384129  0.688352  0.799123  0.909895  1.145722
  1182.380005  0.383999  0.687649  0.798388  0.909127  1.145417
  1185.880005  0.386025  0.687351  0.798065  0.908780  1.141082
  1189.369995  0.381903  0.687515  0.798328  0.909142  1.138300
  1192.869995  0.382477  0.688123  0.799175  0.910226  1.138292
  1196.369995  0.381891  0.689126  0.800387  0.911647  1.135526
  1199.869995  0.384261  0.690142  0.801728  0.913314  1.130637
  1203.369995  0.383299  0.691441  0.803303  0.915165  1.133852
  1206.869995  0.386155  0.692723  0.804869  0.917015  1.133908
  1210.369995  0.386000  0.694268  0.806722  0.919176  1.137008
  1213.869995  0.387625  0.696078  0.808892  0.921705  1.143143
  1217.369995  0.386089  0.698284  0.811412  0.924540  1.153250
  1220.869995  0.388812  0.700497  0.814040  0.927583  1.161813
  1224.369995  0.392726  0.702838  0.816757  0.930676  1.172867
  1227.869995  0.392824  0.705054  0.819387  0.933719  1.178786
  1231.380005  0.393957  0.707281  0.821967  0.936654  1.185489
  1234.880005  0.394598  0.709283  0.824328  0.939374  1.193250
  1238.390015  0.395297  0.711208  0.826598  0.941987  1.200071
  1241.890015  0.397158  0.712942  0.828659  0.944377  1.203154
  1245.400024  0.395984  0.714564  0.830620  0.946676  1.207918
  1248.900024  0.396434  0.715997  0.832419  0.948842  1.210808
  1252.410034  0.398550  0.717281  0.833903  0.950524  1.215032
  1255.920044  0.398358  0.718528  0.835462  0.952395  1.216239
  1259.420044  0.398656  0.719668  0.836864  0.954061  1.219977
  1262.930054  0.401125  0.720685  0.838108  0.955531  1.222894
  1266.439941  0.403458  0.721819  0.839429  0.957039  1.226487
  1269.949951  0.401867  0.722629  0.840564  0.958500  1.226249
  1273.459961  0.402449  0.723729  0.841880  0.960032  1.227701
  1276.969971  0.403032  0.724659  0.843122  0.961585  1.232203
  1280.479980  0.405996  0.725823  0.844512  0.963201  1.233012
  1283.989990  0.404549  0.726866  0.845849  0.964833  1.239414
  1287.510010  0.404759  0.727933  0.847172  0.966410  1.238896
  1291.020020  0.404706  0.728811  0.848328  0.967844  1.242942
  1294.530029  0.407167  0.729722  0.849457  0.969192  1.243190
  1298.050049  0.404383  0.730319  0.850306  0.970293  1.243672
  1301.560059  0.405503  0.731040  0.851178  0.971315  1.242417
  1305.079956  0.405593  0.731558  0.851857  0.972155  1.245247
  1308.589966  0.406971  0.731871  0.852340  0.972810  1.243139
  1312.109985  0.407758  0.731952  0.852563  0.973174  1.245864
  1315.619995  0.404737  0.731934  0.852626  0.973319  1.245039
  1319.140015  0.403340  0.731428  0.852216  0.973004  1.247305
  1322.660034  0.404113  0.730898  0.851608  0.972317  1.240085
  1326.180054  0.404148  0.729706  0.850405  0.971104  1.239461
  1329.699951  0.402253  0.728144  0.848747  0.969351  1.237453
  1333.219971  0.399736  0.725728  0.846124  0.966520  1.233365
  1336.739990  0.395698  0.723076  0.843194  0.963311  1.228666
  1340.260010  0.396605  0.720050  0.839826  0.959602  1.219460
  1343.780029  0.390024  0.716597  0.835928  0.955259  1.214873
  1347.300049  0.392052  0.712750  0.831618  0.950486  1.205818
  1350.819946  0.386776  0.708797  0.827197  0.945596  1.199573
  1354.349976  0.384907  0.705019  0.822883  0.940746  1.194255
  1357.869995  0.381548  0.701507  0.818859  0.936212  1.189519
  1361.390015  0.379554  0.698055  0.814900  0.931745  1.186054
  1364.920044  0.373133  0.694777  0.811280  0.927783  1.176063
  1368.439941  0.375317  0.691574  0.807827  0.924081  1.167091
  1371.969971  0.372284  0.688779  0.804762  0.920744  1.162558
  1375.500000  0.367639  0.686521  0.802360  0.918199  1.154620
  1379.020020  0.364438  0.684555  0.800050  0.915545  1.147762
  1382.550049  0.367772  0.682175  0.797337  0.912499  1.142909
  1386.079956  0.362357  0.679145  0.794099  0.909053  1.135835
  1389.609985  0.363410  0.675337  0.789921  0.904506  1.127415
  1393.140015  0.356696  0.670912  0.784748  0.898584  1.117264
  1396.670044  0.353607  0.665554  0.778661  0.891767  1.103489
  1400.199951  0.349982  0.659583  0.771712  0.883841  1.092830
  1403.729980  0.345832  0.652235  0.763400  0.874565  1.079134
  1407.260010  0.339766  0.643843  0.753839  0.863835  1.064366
  1410.790039  0.334703  0.634493  0.743238  0.851983  1.045818
  1414.319946  0.328902  0.624270  0.731665  0.839061  1.031855
  1417.859985  0.320659  0.613497  0.719388  0.825279  1.012324
  1421.390015  0.313616  0.603041  0.707262  0.811483  0.994859
  1424.920044  0.310135  0.592506  0.695217  0.797928  0.979539
  1428.459961  0.304041  0.582982  0.684144  0.785306  0.963636
  1431.989990  0.296173  0.574131  0.674028  0.773925  0.949042
  1435.530029  0.292823  0.566764  0.665515  0.764267  0.939621
  1439.069946  0.287775  0.560523  0.658407  0.756292  0.930337
  1442.599976  0.285766  0.555397  0.652570  0.749743  0.922981
  1446.140015  0.279872  0.551327  0.647957  0.744587  0.915635
  1449.680054  0.282128  0.548254  0.644468  0.740683  0.908676
  1453.219971  0.278874  0.545804  0.641737  0.737669  0.909730
  1456.760010  0.279496  0.544068  0.639763  0.735457  0.906943
  1460.300049  0.275238  0.542384  0.637995  0.733605  0.906251
  1463.839966  0.277130  0.541535  0.637073  0.732611  0.904465
  1467.380005  0.273453  0.540827  0.636369  0.731911  0.905963
  1470.920044  0.273545  0.540630  0.636290  0.731950  0.906954
  1474.459961  0.272035  0.540565  0.636421  0.732276  0.911575
  1478.010010  0.274431  0.541020  0.637081  0.733143  0.911546
  1481.550049  0.274895  0.541383  0.637613  0.733843  0.911647
  1485.089966  0.275772  0.541966  0.638395  0.734824  0.912594
  1488.640015  0.273639  0.542079  0.638729  0.735379  0.915385
  1492.180054  0.273024  0.542820  0.639660  0.736500  0.916871
  1495.729980  0.272890  0.543441  0.640534  0.737627  0.920314
  1499.270020  0.276095  0.544461  0.641817  0.739172  0.920366
  1502.819946  0.274220  0.545342  0.642998  0.740654  0.926048
  1506.369995  0.274865  0.546388  0.644312  0.742235  0.923510
  1509.910034  0.275934  0.547292  0.645494  0.743697  0.930599
  1513.459961  0.275626  0.548128  0.646631  0.745135  0.931537
  1517.010010  0.272947  0.548726  0.647539  0.746353  0.937613
  1520.560059  0.274002  0.549500  0.648598  0.747696  0.936394
  1524.109985  0.275271  0.550005  0.649372  0.748739  0.941140
  1527.660034  0.275712  0.550422  0.649990  0.749559  0.943980
  1531.209961  0.275813  0.550452  0.650189  0.749925  0.944580
  1534.760010  0.277551  0.550565  0.650450  0.750336  0.941753
  1538.319946  0.274991  0.550383  0.650367  0.750350  0.943541
  1541.869995  0.273634  0.550104  0.650134  0.750165  0.942974
  1545.420044  0.275683  0.549490  0.649598  0.749706  0.946132
  1548.979980  0.274413  0.548783  0.648862  0.748942  0.944528
  1552.530029  0.274996  0.547880  0.648041  0.748201  0.944159
  1556.089966  0.270555  0.547108  0.647211  0.747314  0.939956
  1559.640015  0.273460  0.545915  0.646051  0.746188  0.940563
  1563.199951  0.267630  0.545020  0.645173  0.745325  0.941867
  1566.750000  0.270564  0.544107  0.644265  0.744423  0.939605
  1570.310059  0.268461  0.543079  0.643220  0.743361  0.938358
  1573.869995  0.268965  0.542215  0.642399  0.742584  0.937252
  1577.430054  0.268095  0.541890  0.642038  0.742186  0.934970
  1580.989990  0.266685  0.541051  0.641283  0.741514  0.934843
  1584.550049  0.267448  0.540688  0.640915  0.741141  0.931749
  1588.109985  0.264413  0.539959  0.640318  0.740678  0.932995
  1591.670044  0.264995  0.539994  0.640389  0.740784  0.932146
  1595.229980  0.264088  0.539468  0.639962  0.740455  0.929652
  1598.790039  0.262230  0.539197  0.639757  0.740318  0.930790
  1602.349976  0.262604  0.538832  0.639466  0.740100  0.925049
  1605.920044  0.263335  0.538341  0.639020  0.739700  0.924774
  1609.479980  0.262237  0.537751  0.638457  0.739162  0.918217
  1613.040039  0.259383  0.536912  0.637586  0.738260  0.915419
  1616.609985  0.257100  0.535698  0.636387  0.737077  0.905654
  1620.170044  0.258296  0.534339  0.634863  0.735387  0.894687
  1623.739990  0.252599  0.532093  0.632680  0.733266  0.892793
  1627.310059  0.255306  0.530115  0.630688  0.731261  0.889786
  1630.869995  0.249621  0.527756  0.628506  0.729256  0.886656
  1634.439941  0.250415  0.526092  0.627001  0.727909  0.881691
  1638.010010  0.246757  0.524314  0.625517  0.726721  0.880742
  1641.579956  0.250280  0.523622  0.624966  0.726309  0.880518
  1645.150024  0.247018  0.523141  0.624549  0.725958  0.884327
  1648.709961  0.247566  0.522826  0.624188  0.725551  0.883659
  1652.290039  0.245375  0.522192  0.623405  0.724618  0.881339
  1655.859985  0.243134  0.519985  0.621271  0.722558  0.877422
  1659.430054  0.238914  0.515406  0.617379  0.719352  0.878586
  1663.000000  0.237504  0.508304  0.612095  0.715887  0.870105
  1666.569946  0.221519  0.499067  0.605955  0.712842  0.868719
  1670.140015  0.206642  0.488635  0.599682  0.710729  0.861728
  1673.719971  0.193409  0.479277  0.594018  0.708758  0.859994
  1677.290039  0.182255  0.472393  0.589541  0.706689  0.852581
  1680.869995  0.177224  0.468566  0.586197  0.703829  0.849188
  1684.439941  0.175597  0.466823  0.583272  0.699720  0.836681
  1688.020020  0.183891  0.465686  0.579713  0.693740  0.829869
  1691.589966  0.179905  0.464295  0.575367  0.686438  0.817105
  1695.170044  0.195057  0.464097  0.571567  0.679037  0.815343
  1698.750000  0.200571  0.464227  0.567290  0.670352  0.803869
  1702.329956  0.213604  0.465379  0.563885  0.662391  0.800148
  1705.910034  0.208639  0.465418  0.559903  0.654387  0.779918
  1709.489990  0.221552  0.463818  0.554925  0.646032  0.778529
  1713.069946  0.205867  0.460563  0.548890  0.637218  0.778399
  1716.650024  0.218388  0.456720  0.541739  0.626758  0.740473
  1720.229980  0.206285  0.451574  0.533763  0.615952  0.728988
