ENVI ASCII Plot File [Sun Apr 06 16:15:13 2025]
Column 1: Wavelength
Column 2: Min: ROI #18~~2##255,0,0
Column 3: Mean-StdDev: ROI #18~~21##0,200,0
Column 4: Mean: ROI #18~~0##0,0,0
Column 5: Mean+StdDev: ROI #18~~21##0,200,0
Column 6: Max: ROI #18~~2##255,0,0
   935.609985  0.247941  0.420919  0.482903  0.544887  0.661892
   939.059998  0.237827  0.422977  0.485085  0.547193  0.661725
   942.520020  0.246912  0.431859  0.506696  0.581532  0.720945
   945.979980  0.227159  0.439694  0.524300  0.608906  0.758094
   949.429993  0.222124  0.444783  0.536980  0.629177  0.791204
   952.890015  0.212343  0.450867  0.546234  0.641601  0.805238
   956.349976  0.217336  0.455286  0.552926  0.650566  0.824105
   959.809998  0.220336  0.459122  0.557800  0.656477  0.830119
   963.270020  0.224409  0.462649  0.562244  0.661839  0.841618
   966.729980  0.224719  0.465844  0.566087  0.666330  0.847131
   970.190002  0.229836  0.469079  0.570091  0.671102  0.853502
   973.650024  0.229367  0.471889  0.573387  0.674885  0.856930
   977.109985  0.234604  0.474885  0.576973  0.679060  0.867338
   980.580017  0.231682  0.478028  0.580672  0.683316  0.867259
   984.039978  0.237153  0.481013  0.584218  0.687423  0.874290
   987.510010  0.234583  0.483834  0.587552  0.691269  0.875658
   990.969971  0.237797  0.486849  0.591083  0.695317  0.882491
   994.429993  0.239438  0.489832  0.594601  0.699370  0.889016
   997.900024  0.242146  0.493036  0.598307  0.703579  0.891678
  1001.369995  0.243808  0.495851  0.601653  0.707454  0.894888
  1004.830017  0.244839  0.498842  0.605103  0.711364  0.902000
  1008.299988  0.244931  0.501833  0.608603  0.715374  0.906921
  1011.770020  0.247006  0.505022  0.612284  0.719545  0.912197
  1015.239990  0.248985  0.507878  0.615674  0.723470  0.915819
  1018.710022  0.251111  0.510762  0.619022  0.727281  0.919975
  1022.179993  0.254103  0.513761  0.622549  0.731338  0.924821
  1025.650024  0.255437  0.516728  0.626026  0.735324  0.928670
  1029.119995  0.255751  0.519551  0.629381  0.739211  0.935154
  1032.589966  0.258909  0.522546  0.632814  0.743082  0.940317
  1036.060059  0.261061  0.525327  0.636101  0.746876  0.944156
  1039.530029  0.262116  0.528110  0.639373  0.750637  0.949614
  1043.000000  0.263849  0.530954  0.642710  0.754466  0.954179
  1046.479980  0.266710  0.533929  0.646139  0.758349  0.959818
  1049.949951  0.267469  0.536666  0.649385  0.762104  0.965530
  1053.430054  0.267417  0.539350  0.652515  0.765681  0.970753
  1056.900024  0.271514  0.542031  0.655660  0.769289  0.974730
  1060.380005  0.271402  0.544669  0.658768  0.772867  0.981300
  1063.849976  0.271591  0.547333  0.661895  0.776457  0.986512
  1067.329956  0.273263  0.549971  0.664997  0.780023  0.990692
  1070.810059  0.276505  0.552584  0.668027  0.783471  0.994436
  1074.290039  0.278455  0.555158  0.671099  0.787041  0.999285
  1077.760010  0.278633  0.557646  0.674056  0.790466  1.003129
  1081.239990  0.281140  0.560165  0.676978  0.793792  1.006646
  1084.719971  0.282466  0.562564  0.679837  0.797110  1.010970
  1088.199951  0.283707  0.564812  0.682522  0.800233  1.014844
  1091.680054  0.285259  0.567028  0.685121  0.803214  1.020428
  1095.170044  0.287006  0.569235  0.687744  0.806254  1.024020
  1098.650024  0.287145  0.571472  0.690394  0.809316  1.025612
  1102.130005  0.288058  0.573461  0.692778  0.812095  1.030260
  1105.609985  0.288509  0.575280  0.694966  0.814651  1.034695
  1109.099976  0.288959  0.577009  0.697022  0.817035  1.035430
  1112.579956  0.289137  0.578744  0.699122  0.819500  1.037604
  1116.069946  0.292512  0.580385  0.701110  0.821836  1.036691
  1119.550049  0.291467  0.581950  0.702994  0.824038  1.035850
  1123.040039  0.292524  0.583317  0.704671  0.826025  1.035620
  1126.520020  0.292675  0.584386  0.706046  0.827706  1.032870
  1130.010010  0.291834  0.584890  0.706785  0.828680  1.023500
  1133.500000  0.290482  0.584913  0.707053  0.829193  1.014602
  1136.989990  0.286349  0.584493  0.706924  0.829356  1.004886
  1140.469971  0.286101  0.584292  0.707080  0.829867  0.997970
  1143.959961  0.286917  0.584586  0.707664  0.830743  0.995178
  1147.449951  0.288603  0.585426  0.708729  0.832032  0.998585
  1150.939941  0.289097  0.586837  0.710253  0.833669  1.007630
  1154.430054  0.291512  0.588552  0.711929  0.835306  1.019004
  1157.930054  0.291301  0.589718  0.713079  0.836440  1.028442
  1161.420044  0.295434  0.590316  0.713650  0.836985  1.036137
  1164.910034  0.295978  0.590388  0.713779  0.837170  1.043938
  1168.400024  0.297880  0.590553  0.713940  0.837328  1.047600
  1171.900024  0.294809  0.590562  0.713954  0.837345  1.050566
  1175.390015  0.296628  0.590486  0.713906  0.837325  1.050408
  1178.890015  0.294918  0.590266  0.713733  0.837201  1.050009
  1182.380005  0.295496  0.590210  0.713700  0.837191  1.049161
  1185.880005  0.293341  0.590366  0.714007  0.837647  1.048356
  1189.369995  0.295255  0.590925  0.714731  0.838536  1.046836
  1192.869995  0.294546  0.591738  0.715846  0.839953  1.046018
  1196.369995  0.295158  0.592973  0.717375  0.841777  1.047158
  1199.869995  0.295052  0.594178  0.718915  0.843651  1.047300
  1203.369995  0.294618  0.595585  0.720665  0.845744  1.046869
  1206.869995  0.294305  0.596947  0.722401  0.847854  1.049283
  1210.369995  0.298236  0.598651  0.724431  0.850210  1.052722
  1213.869995  0.299343  0.600702  0.726921  0.853140  1.058649
  1217.369995  0.299889  0.603199  0.729846  0.856493  1.064878
  1220.869995  0.301502  0.605736  0.732923  0.860111  1.073256
  1224.369995  0.305114  0.608475  0.736113  0.863752  1.081096
  1227.869995  0.305779  0.611093  0.739238  0.867383  1.091006
  1231.380005  0.307158  0.613733  0.742344  0.870956  1.098704
  1234.880005  0.309629  0.615992  0.745102  0.874213  1.102967
  1238.390015  0.310103  0.618287  0.747811  0.877334  1.109047
  1241.890015  0.312122  0.620303  0.750305  0.880308  1.115540
  1245.400024  0.309070  0.622274  0.752662  0.883051  1.119999
  1248.900024  0.314056  0.624058  0.754832  0.885607  1.123702
  1252.410034  0.313686  0.625798  0.756867  0.887935  1.129635
  1255.920044  0.316242  0.627445  0.758896  0.890347  1.132253
  1259.420044  0.315053  0.628879  0.760659  0.892438  1.135308
  1262.930054  0.317690  0.630263  0.762362  0.894461  1.136882
  1266.439941  0.316311  0.631763  0.764144  0.896525  1.141365
  1269.949951  0.320958  0.632951  0.765683  0.898414  1.139315
  1273.459961  0.319886  0.634336  0.767409  0.900482  1.144086
  1276.969971  0.320900  0.635615  0.769061  0.902507  1.147163
  1280.479980  0.319467  0.637047  0.770810  0.904572  1.151714
  1283.989990  0.320745  0.638269  0.772410  0.906550  1.154708
  1287.510010  0.321483  0.639683  0.774173  0.908662  1.160814
  1291.020020  0.323086  0.640789  0.775602  0.910415  1.156683
  1294.530029  0.323104  0.642043  0.777102  0.912161  1.162471
  1298.050049  0.323461  0.642931  0.778317  0.913703  1.159716
  1301.560059  0.320302  0.643898  0.779568  0.915239  1.164862
  1305.079956  0.324803  0.644794  0.780700  0.916607  1.166304
  1308.589966  0.322153  0.645670  0.781773  0.917875  1.170421
  1312.109985  0.323780  0.646088  0.782387  0.918687  1.173055
  1315.619995  0.322793  0.646486  0.783055  0.919624  1.170632
  1319.140015  0.322708  0.646541  0.783232  0.919922  1.169906
  1322.660034  0.324285  0.646570  0.783339  0.920108  1.169143
  1326.180054  0.319907  0.645960  0.782808  0.919655  1.167370
  1329.699951  0.322627  0.645065  0.781934  0.918802  1.167454
  1333.219971  0.318354  0.643381  0.780165  0.916949  1.167443
  1336.739990  0.319822  0.641494  0.778115  0.914735  1.163134
  1340.260010  0.316364  0.639185  0.775605  0.912024  1.159837
  1343.780029  0.317832  0.636502  0.772552  0.908603  1.148879
  1347.300049  0.313237  0.633272  0.768924  0.904576  1.145211
  1350.819946  0.313876  0.629920  0.765164  0.900408  1.139324
  1354.349976  0.307532  0.626735  0.761496  0.896257  1.137954
  1357.869995  0.310186  0.623622  0.757992  0.892362  1.130381
  1361.390015  0.306474  0.620693  0.754684  0.888676  1.132314
  1364.920044  0.305252  0.618010  0.751683  0.885355  1.119285
  1368.439941  0.301538  0.615243  0.748739  0.882234  1.113137
  1371.969971  0.300672  0.612819  0.746095  0.879371  1.106123
  1375.500000  0.298155  0.610729  0.743903  0.877076  1.102806
  1379.020020  0.297792  0.608993  0.741829  0.874664  1.098307
  1382.550049  0.296845  0.606883  0.739408  0.871933  1.096134
  1386.079956  0.295817  0.604250  0.736548  0.868845  1.089375
  1389.609985  0.290876  0.600724  0.732699  0.864674  1.080050
  1393.140015  0.286813  0.596996  0.728215  0.859433  1.069805
  1396.670044  0.286458  0.592126  0.722853  0.853580  1.065218
  1400.199951  0.283452  0.586884  0.716698  0.846511  1.054876
  1403.729980  0.279787  0.580252  0.709142  0.838033  1.043419
  1407.260010  0.275553  0.572627  0.700294  0.827961  1.028406
  1410.790039  0.272646  0.563755  0.690182  0.816609  1.015355
  1414.319946  0.264644  0.554152  0.679141  0.804129  0.997769
  1417.859985  0.259279  0.544138  0.667514  0.790889  0.985469
  1421.390015  0.254406  0.534174  0.655789  0.777405  0.967297
  1424.920044  0.252098  0.524233  0.644213  0.764192  0.957956
  1428.459961  0.241166  0.515229  0.633604  0.751980  0.939459
  1431.989990  0.242157  0.506946  0.623973  0.741000  0.927768
  1435.530029  0.236887  0.500237  0.616026  0.731815  0.918616
  1439.069946  0.231504  0.494534  0.609398  0.724261  0.908807
  1442.599976  0.229291  0.490016  0.604186  0.718357  0.900702
  1446.140015  0.228739  0.486524  0.600068  0.713613  0.896609
  1449.680054  0.227391  0.483750  0.596947  0.710144  0.894217
  1453.219971  0.228036  0.481812  0.594709  0.707607  0.892698
  1456.760010  0.226292  0.480421  0.593155  0.705889  0.890250
  1460.300049  0.224872  0.479045  0.591698  0.704351  0.890666
  1463.839966  0.223781  0.478538  0.591219  0.703900  0.891057
  1467.380005  0.224070  0.478157  0.590871  0.703584  0.891050
  1470.920044  0.217989  0.478267  0.591147  0.704028  0.890458
  1474.459961  0.224318  0.478311  0.591416  0.704521  0.891027
  1478.010010  0.226050  0.478893  0.592247  0.705600  0.892519
  1481.550049  0.225193  0.479418  0.592970  0.706522  0.898206
  1485.089966  0.225895  0.479983  0.593836  0.707690  0.899021
  1488.640015  0.226045  0.480317  0.594363  0.708410  0.898731
  1492.180054  0.226192  0.481075  0.595452  0.709830  0.900572
  1495.729980  0.225954  0.481899  0.596511  0.711123  0.903818
  1499.270020  0.225791  0.482999  0.598039  0.713079  0.907288
  1502.819946  0.224366  0.484044  0.599360  0.714675  0.908258
  1506.369995  0.228682  0.485156  0.600907  0.716658  0.914791
  1509.910034  0.224373  0.486221  0.602295  0.718369  0.914227
  1513.459961  0.226747  0.487125  0.603602  0.720078  0.916604
  1517.010010  0.225540  0.487871  0.604672  0.721473  0.920116
  1520.560059  0.229359  0.488755  0.605900  0.723045  0.921288
  1524.109985  0.225317  0.489316  0.606747  0.724178  0.922284
  1527.660034  0.231511  0.489808  0.607471  0.725134  0.926102
  1531.209961  0.228806  0.489833  0.607753  0.725673  0.926695
  1534.760010  0.231024  0.490155  0.608201  0.726246  0.927147
  1538.319946  0.227582  0.489837  0.608089  0.726341  0.923964
  1541.869995  0.228198  0.489725  0.608046  0.726368  0.929652
  1545.420044  0.227892  0.489079  0.607475  0.725871  0.926713
  1548.979980  0.228799  0.488502  0.606884  0.725266  0.927526
  1552.530029  0.224909  0.487669  0.606168  0.724666  0.925446
  1556.089966  0.226122  0.486926  0.605397  0.723868  0.928527
  1559.640015  0.225519  0.485923  0.604424  0.722926  0.924505
  1563.199951  0.224810  0.485126  0.603584  0.722042  0.925753
  1566.750000  0.220858  0.484301  0.602839  0.721376  0.922558
  1570.310059  0.222715  0.483495  0.602006  0.720517  0.923526
  1573.869995  0.222508  0.482638  0.601278  0.719918  0.919778
  1577.430054  0.221871  0.482366  0.600919  0.719471  0.922611
  1580.989990  0.220821  0.481572  0.600300  0.719028  0.921058
  1584.550049  0.221036  0.481054  0.599827  0.718601  0.919584
  1588.109985  0.218642  0.480375  0.599278  0.718180  0.917646
  1591.670044  0.219267  0.480576  0.599462  0.718349  0.918889
  1595.229980  0.218562  0.479917  0.598963  0.718010  0.916061
  1598.790039  0.216914  0.479773  0.598818  0.717863  0.912451
  1602.349976  0.217665  0.479382  0.598602  0.717822  0.915216
  1605.920044  0.215848  0.478948  0.598218  0.717487  0.912124
  1609.479980  0.217851  0.478442  0.597765  0.717089  0.910342
  1613.040039  0.213437  0.477496  0.596830  0.716164  0.907007
  1616.609985  0.215261  0.476136  0.595477  0.714819  0.904938
  1620.170044  0.211096  0.474769  0.593937  0.713105  0.898366
  1623.739990  0.210278  0.472660  0.591854  0.711047  0.896049
  1627.310059  0.208172  0.470769  0.589895  0.709020  0.882883
  1630.869995  0.209365  0.468571  0.587742  0.706914  0.874090
  1634.439941  0.202199  0.466871  0.586174  0.705477  0.865920
  1638.010010  0.203739  0.465419  0.584909  0.704399  0.866290
  1641.579956  0.200617  0.464831  0.584442  0.704053  0.867053
  1645.150024  0.202042  0.464537  0.584235  0.703933  0.868586
  1648.709961  0.199666  0.464232  0.583934  0.703635  0.866405
  1652.290039  0.201522  0.463844  0.583409  0.702974  0.866323
  1655.859985  0.199753  0.461759  0.581361  0.700963  0.865157
  1659.430054  0.196394  0.457519  0.577358  0.697197  0.859117
  1663.000000  0.190093  0.451051  0.571921  0.692791  0.853541
  1666.569946  0.185852  0.443128  0.565609  0.688090  0.851223
  1670.140015  0.178327  0.434152  0.559093  0.684034  0.848994
  1673.719971  0.170157  0.426071  0.553120  0.680169  0.841806
  1677.290039  0.162073  0.419859  0.548272  0.676686  0.836994
  1680.869995  0.162647  0.416136  0.544474  0.672812  0.837909
  1684.439941  0.165287  0.414051  0.541234  0.668417  0.832371
  1688.020020  0.168186  0.412424  0.537355  0.662287  0.823602
  1691.589966  0.166643  0.410340  0.532625  0.654910  0.817348
  1695.170044  0.167010  0.409058  0.527999  0.646940  0.810407
  1698.750000  0.172252  0.407600  0.522806  0.638012  0.798527
  1702.329956  0.169610  0.407697  0.519033  0.630368  0.782798
  1705.910034  0.174260  0.406163  0.514317  0.622471  0.766642
  1709.489990  0.182567  0.404827  0.509229  0.613631  0.764538
  1713.069946  0.184311  0.401177  0.502519  0.603861  0.733431
  1716.650024  0.171182  0.397961  0.495564  0.593167  0.734964
  1720.229980  0.196134  0.393099  0.487313  0.581527  0.709314
