ENVI ASCII Plot File [Sun Apr 06 16:41:05 2025]
Column 1: Wavelength
Column 2: Min: ROI #44~~2##255,0,0
Column 3: Mean-StdDev: ROI #44~~21##0,200,0
Column 4: Mean: ROI #44~~0##0,0,0
Column 5: Mean+StdDev: ROI #44~~21##0,200,0
Column 6: Max: ROI #44~~2##255,0,0
   935.609985  0.211917  0.441225  0.518123  0.595021  0.709488
   939.059998  0.205781  0.443830  0.521039  0.598249  0.701386
   942.520020  0.215487  0.461150  0.549466  0.637782  0.745550
   945.979980  0.188757  0.474475  0.572162  0.669848  0.780469
   949.429993  0.182710  0.483173  0.587268  0.691362  0.826439
   952.890015  0.178089  0.491004  0.598363  0.705722  0.842527
   956.349976  0.171183  0.496921  0.606193  0.715464  0.858190
   959.809998  0.170764  0.501392  0.611825  0.722258  0.862773
   963.270020  0.174158  0.505459  0.616848  0.728238  0.870364
   966.729980  0.173726  0.509127  0.621378  0.733629  0.877790
   970.190002  0.176250  0.512838  0.625876  0.738915  0.882088
   973.650024  0.178187  0.516103  0.629777  0.743451  0.887754
   977.109985  0.179747  0.519430  0.633855  0.748279  0.894853
   980.580017  0.180382  0.522877  0.637912  0.752946  0.896985
   984.039978  0.181478  0.526211  0.641943  0.757675  0.904370
   987.510010  0.181642  0.529420  0.645739  0.762057  0.908688
   990.969971  0.183593  0.532753  0.649737  0.766721  0.916066
   994.429993  0.186911  0.536079  0.653705  0.771330  0.919853
   997.900024  0.189609  0.539635  0.657849  0.776062  0.925600
  1001.369995  0.190388  0.542816  0.661687  0.780558  0.930196
  1004.830017  0.194348  0.546199  0.665632  0.785066  0.936434
  1008.299988  0.192035  0.549566  0.669670  0.789774  0.939724
  1011.770020  0.195872  0.553121  0.673831  0.794541  0.947707
  1015.239990  0.198924  0.556380  0.677701  0.799023  0.952256
  1018.710022  0.199220  0.559615  0.681530  0.803445  0.955424
  1022.179993  0.200851  0.562991  0.685523  0.808055  0.961044
  1025.650024  0.202386  0.566373  0.689547  0.812721  0.966770
  1029.119995  0.204109  0.569556  0.693392  0.817228  0.972128
  1032.589966  0.208284  0.572947  0.697362  0.821777  0.977631
  1036.060059  0.207531  0.576119  0.701115  0.826111  0.983221
  1039.530029  0.209176  0.579274  0.704876  0.830477  0.989591
  1043.000000  0.209990  0.582496  0.708675  0.834854  0.994396
  1046.479980  0.213698  0.585897  0.712606  0.839315  0.999753
  1049.949951  0.216581  0.589008  0.716310  0.843613  1.005396
  1053.430054  0.217603  0.591973  0.719827  0.847680  1.009520
  1056.900024  0.220145  0.594988  0.723434  0.851880  1.013795
  1060.380005  0.220660  0.598018  0.727002  0.855986  1.018591
  1063.849976  0.222726  0.600985  0.730514  0.860043  1.023830
  1067.329956  0.225038  0.603919  0.734004  0.864089  1.027192
  1070.810059  0.225975  0.606793  0.737380  0.867967  1.031477
  1074.290039  0.227262  0.609726  0.740822  0.871919  1.036879
  1077.760010  0.230501  0.612504  0.744138  0.875772  1.041708
  1081.239990  0.231969  0.615240  0.747365  0.879490  1.046601
  1084.719971  0.233478  0.617910  0.750569  0.883228  1.053940
  1088.199951  0.235155  0.620345  0.753558  0.886771  1.058283
  1091.680054  0.237108  0.622765  0.756414  0.890062  1.060512
  1095.170044  0.238365  0.625244  0.759350  0.893456  1.064116
  1098.650024  0.237980  0.627645  0.762186  0.896727  1.066666
  1102.130005  0.239858  0.629767  0.764732  0.899696  1.069117
  1105.609985  0.241258  0.631739  0.767084  0.902428  1.072278
  1109.099976  0.242787  0.633550  0.769215  0.904881  1.073671
  1112.579956  0.241701  0.635342  0.771334  0.907327  1.076230
  1116.069946  0.243391  0.637016  0.773337  0.909658  1.077973
  1119.550049  0.245631  0.638486  0.775114  0.911742  1.077718
  1123.040039  0.247142  0.639793  0.776674  0.913554  1.075856
  1126.520020  0.246943  0.640692  0.777768  0.914843  1.067444
  1130.010010  0.246528  0.640808  0.778076  0.915343  1.057019
  1133.500000  0.247245  0.640324  0.777738  0.915151  1.042260
  1136.989990  0.248007  0.639126  0.776833  0.914540  1.027342
  1140.469971  0.245789  0.638112  0.776167  0.914221  1.027084
  1143.959961  0.245665  0.637740  0.776130  0.914521  1.029236
  1147.449951  0.246598  0.638550  0.777069  0.915589  1.029258
  1150.939941  0.248474  0.640183  0.778644  0.917105  1.030526
  1154.430054  0.249105  0.641975  0.780251  0.918527  1.039693
  1157.930054  0.249058  0.642969  0.781141  0.919313  1.056844
  1161.420044  0.248098  0.643253  0.781238  0.919223  1.067024
  1164.910034  0.248408  0.642806  0.780710  0.918614  1.073715
  1168.400024  0.246252  0.642319  0.780079  0.917840  1.076024
  1171.900024  0.244483  0.641703  0.779348  0.916994  1.076414
  1175.390015  0.244856  0.641005  0.778547  0.916089  1.078867
  1178.890015  0.244058  0.640398  0.777793  0.915187  1.076762
  1182.380005  0.245402  0.639954  0.777266  0.914579  1.074768
  1185.880005  0.244919  0.639818  0.777093  0.914369  1.072441
  1189.369995  0.245957  0.640181  0.777586  0.914992  1.072005
  1192.869995  0.245759  0.640922  0.778568  0.916215  1.070565
  1196.369995  0.247091  0.642188  0.780081  0.917974  1.069669
  1199.869995  0.248348  0.643475  0.781765  0.920055  1.069469
  1203.369995  0.249035  0.645045  0.783646  0.922246  1.070670
  1206.869995  0.249453  0.646609  0.785583  0.924556  1.069866
  1210.369995  0.250497  0.648535  0.787866  0.927196  1.074276
  1213.869995  0.250782  0.650816  0.790617  0.930419  1.078360
  1217.369995  0.253149  0.653543  0.793768  0.933993  1.086468
  1220.869995  0.254743  0.656238  0.797005  0.937772  1.093178
  1224.369995  0.257397  0.659093  0.800375  0.941657  1.103179
  1227.869995  0.258376  0.661972  0.803834  0.945696  1.110862
  1231.380005  0.260340  0.664627  0.807010  0.949393  1.117478
  1234.880005  0.262101  0.667144  0.810006  0.952868  1.124178
  1238.390015  0.262437  0.669664  0.812941  0.956218  1.128333
  1241.890015  0.262716  0.671902  0.815612  0.959322  1.132893
  1245.400024  0.267349  0.673974  0.818026  0.962077  1.139352
  1248.900024  0.267400  0.675860  0.820349  0.964837  1.143524
  1252.410034  0.268684  0.677613  0.822365  0.967118  1.142762
  1255.920044  0.269945  0.679250  0.824374  0.969498  1.148590
  1259.420044  0.268275  0.680733  0.826175  0.971618  1.151332
  1262.930054  0.270428  0.682128  0.827868  0.973609  1.158132
  1266.439941  0.272133  0.683660  0.829619  0.975577  1.156578
  1269.949951  0.274313  0.684898  0.831216  0.977535  1.164396
  1273.459961  0.272550  0.686448  0.833001  0.979555  1.163199
  1276.969971  0.275757  0.687782  0.834678  0.981574  1.171641
  1280.479980  0.273017  0.689212  0.836451  0.983690  1.168273
  1283.989990  0.278429  0.690627  0.838182  0.985737  1.174157
  1287.510010  0.278107  0.692083  0.839902  0.987721  1.175894
  1291.020020  0.279460  0.693239  0.841445  0.989651  1.175760
  1294.530029  0.279914  0.694526  0.842915  0.991305  1.174015
  1298.050049  0.282792  0.695396  0.844086  0.992777  1.177294
  1301.560059  0.281424  0.696326  0.845181  0.994036  1.179293
  1305.079956  0.281330  0.697106  0.846114  0.995122  1.179336
  1308.589966  0.282798  0.697778  0.846906  0.996034  1.181376
  1312.109985  0.283013  0.697905  0.847237  0.996568  1.182024
  1315.619995  0.280739  0.698035  0.847398  0.996762  1.184324
  1319.140015  0.280286  0.697586  0.846992  0.996398  1.179197
  1322.660034  0.277674  0.697067  0.846349  0.995631  1.179949
  1326.180054  0.277666  0.695752  0.844940  0.994128  1.178214
  1329.699951  0.278251  0.694106  0.842993  0.991881  1.176176
  1333.219971  0.276409  0.691446  0.839988  0.988530  1.170167
  1336.739990  0.273308  0.688523  0.836620  0.984716  1.166095
  1340.260010  0.270226  0.685133  0.832726  0.980319  1.160689
  1343.780029  0.267276  0.681338  0.828210  0.975081  1.154288
  1347.300049  0.261801  0.676921  0.823142  0.969363  1.147038
  1350.819946  0.261858  0.672436  0.817925  0.963415  1.140011
  1354.349976  0.257983  0.668087  0.812779  0.957470  1.132007
  1357.869995  0.256239  0.663851  0.807870  0.951890  1.126524
  1361.390015  0.249912  0.659913  0.803184  0.946454  1.120712
  1364.920044  0.248763  0.656346  0.799040  0.941734  1.115429
  1368.439941  0.245223  0.652832  0.795094  0.937356  1.107012
  1371.969971  0.246723  0.649832  0.791651  0.933469  1.097933
  1375.500000  0.240523  0.647234  0.788756  0.930278  1.090867
  1379.020020  0.243574  0.644844  0.785881  0.926919  1.087269
  1382.550049  0.235488  0.641916  0.782415  0.922915  1.081541
  1386.079956  0.236248  0.638285  0.778327  0.918370  1.072773
  1389.609985  0.232494  0.633676  0.772978  0.912280  1.066948
  1393.140015  0.231996  0.628172  0.766323  0.904473  1.056226
  1396.670044  0.224531  0.621325  0.758369  0.895413  1.043429
  1400.199951  0.221575  0.613842  0.749519  0.885196  1.033671
  1403.729980  0.214139  0.604856  0.738947  0.873039  1.015091
  1407.260010  0.207120  0.594778  0.727038  0.859298  0.999733
  1410.790039  0.201896  0.583646  0.713887  0.844129  0.979902
  1414.319946  0.197741  0.571647  0.699782  0.827917  0.960447
  1417.859985  0.188813  0.559430  0.685216  0.811003  0.943046
  1421.390015  0.183429  0.547357  0.670830  0.794303  0.926098
  1424.920044  0.177450  0.535588  0.656812  0.778035  0.909132
  1428.459961  0.169275  0.524993  0.644081  0.763169  0.893267
  1431.989990  0.166028  0.515268  0.632569  0.749870  0.879066
  1435.530029  0.162626  0.507389  0.623068  0.738747  0.864408
  1439.069946  0.160853  0.500611  0.615082  0.729552  0.856327
  1442.599976  0.158299  0.495203  0.608595  0.721987  0.846647
  1446.140015  0.155277  0.490919  0.603481  0.716043  0.841551
  1449.680054  0.152282  0.487439  0.599372  0.711305  0.837539
  1453.219971  0.152709  0.484697  0.596189  0.707680  0.834059
  1456.760010  0.149767  0.482539  0.593630  0.704721  0.833392
  1460.300049  0.150185  0.480626  0.591446  0.702266  0.833285
  1463.839966  0.147118  0.479696  0.590338  0.700980  0.831145
  1467.380005  0.148342  0.479008  0.589635  0.700261  0.828320
  1470.920044  0.148194  0.479094  0.589732  0.700370  0.829218
  1474.459961  0.148288  0.479107  0.589876  0.700645  0.831749
  1478.010010  0.145899  0.479837  0.590831  0.701824  0.833805
  1481.550049  0.149759  0.480548  0.591748  0.702947  0.834929
  1485.089966  0.149024  0.481431  0.592871  0.704312  0.835592
  1488.640015  0.148327  0.482086  0.593828  0.705570  0.838506
  1492.180054  0.148789  0.483453  0.595462  0.707471  0.842708
  1495.729980  0.148804  0.484623  0.597047  0.709471  0.844095
  1499.270020  0.149375  0.486308  0.599097  0.711886  0.846997
  1502.819946  0.150668  0.487745  0.600920  0.714095  0.847763
  1506.369995  0.149868  0.489220  0.602758  0.716295  0.854143
  1509.910034  0.154096  0.490590  0.604475  0.718359  0.856454
  1513.459961  0.151711  0.491892  0.606063  0.720235  0.858322
  1517.010010  0.151756  0.492851  0.607364  0.721878  0.859794
  1520.560059  0.153024  0.493866  0.608734  0.723601  0.864605
  1524.109985  0.152054  0.494738  0.609851  0.724964  0.866167
  1527.660034  0.152157  0.495360  0.610686  0.726012  0.870480
  1531.209961  0.153301  0.495605  0.611075  0.726546  0.867945
  1534.760010  0.152577  0.496017  0.611598  0.727178  0.873719
  1538.319946  0.152904  0.495939  0.611567  0.727195  0.871135
  1541.869995  0.153991  0.495877  0.611594  0.727311  0.873219
  1545.420044  0.150946  0.495438  0.611111  0.726784  0.868608
  1548.979980  0.152929  0.494814  0.610518  0.726222  0.872995
  1552.530029  0.149943  0.494226  0.609891  0.725557  0.868861
  1556.089966  0.153457  0.493586  0.609138  0.724691  0.872601
  1559.640015  0.149532  0.492513  0.608045  0.723577  0.868384
  1563.199951  0.149484  0.491777  0.607320  0.722862  0.867483
  1566.750000  0.147846  0.491047  0.606561  0.722075  0.863898
  1570.310059  0.150070  0.490388  0.605841  0.721293  0.866613
  1573.869995  0.148968  0.489820  0.605205  0.720590  0.861243
  1577.430054  0.148034  0.489586  0.604929  0.720272  0.857933
  1580.989990  0.145906  0.489018  0.604363  0.719708  0.860312
  1584.550049  0.146703  0.488850  0.604180  0.719509  0.863202
  1588.109985  0.147380  0.488375  0.603741  0.719108  0.859247
  1591.670044  0.148035  0.488558  0.604007  0.719457  0.862949
  1595.229980  0.148565  0.488142  0.603700  0.719259  0.859928
  1598.790039  0.146936  0.488146  0.603768  0.719390  0.858608
  1602.349976  0.145532  0.488072  0.603679  0.719285  0.857768
  1605.920044  0.148151  0.487769  0.603402  0.719035  0.854009
  1609.479980  0.147167  0.487400  0.603061  0.718722  0.849088
  1613.040039  0.144823  0.486633  0.602208  0.717784  0.847399
  1616.609985  0.146640  0.485448  0.600936  0.716423  0.840343
  1620.170044  0.144429  0.484002  0.599247  0.714492  0.827200
  1623.739990  0.146349  0.481731  0.596839  0.711946  0.810743
  1627.310059  0.143731  0.479476  0.594462  0.709448  0.810568
  1630.869995  0.144783  0.476726  0.591840  0.706954  0.806920
  1634.439941  0.139702  0.474584  0.589787  0.704990  0.803659
  1638.010010  0.143455  0.472553  0.587976  0.703399  0.803278
  1641.579956  0.138407  0.471669  0.587163  0.702656  0.804192
  1645.150024  0.142964  0.471058  0.586524  0.701991  0.801668
  1648.709961  0.142756  0.470906  0.586184  0.701462  0.802104
  1652.290039  0.140994  0.470481  0.585446  0.700411  0.798631
  1655.859985  0.139878  0.467750  0.582801  0.697853  0.798195
  1659.430054  0.138893  0.461943  0.577827  0.693711  0.795667
  1663.000000  0.135794  0.452837  0.571047  0.689257  0.790082
  1666.569946  0.137454  0.441246  0.563367  0.685489  0.784854
  1670.140015  0.132921  0.428245  0.555444  0.682643  0.782687
  1673.719971  0.133908  0.416812  0.548587  0.680361  0.779928
  1677.290039  0.131876  0.408899  0.543490  0.678081  0.774305
  1680.869995  0.135323  0.404789  0.539892  0.674994  0.770771
  1684.439941  0.131201  0.403270  0.536916  0.670563  0.763549
  1688.020020  0.130709  0.402812  0.533586  0.664360  0.757545
  1691.589966  0.134137  0.402413  0.529570  0.656727  0.751061
  1695.170044  0.128912  0.402880  0.525949  0.649017  0.743350
  1698.750000  0.131136  0.404760  0.522556  0.640353  0.737042
  1702.329956  0.141646  0.407679  0.520002  0.632324  0.725469
  1705.910034  0.133417  0.408743  0.516615  0.624487  0.713923
  1709.489990  0.140352  0.408811  0.512915  0.617018  0.706834
  1713.069946  0.147270  0.405882  0.506403  0.606923  0.695230
  1716.650024  0.148590  0.402834  0.499791  0.596748  0.686048
  1720.229980  0.153024  0.397765  0.492172  0.586578  0.682742
