ENVI ASCII Plot File [Sun Apr 06 16:45:14 2025]
Column 1: Wavelength
Column 2: Min: ROI #48~~2##255,0,0
Column 3: Mean-StdDev: ROI #48~~21##0,200,0
Column 4: Mean: ROI #48~~0##0,0,0
Column 5: Mean+StdDev: ROI #48~~21##0,200,0
Column 6: Max: ROI #48~~2##255,0,0
   935.609985  0.212926  0.417476  0.487276  0.557076  0.657482
   939.059998  0.205197  0.420040  0.490008  0.559977  0.661466
   942.520020  0.204194  0.436192  0.517151  0.598111  0.698738
   945.979980  0.168194  0.446630  0.537889  0.629148  0.754652
   949.429993  0.165583  0.454159  0.552015  0.649871  0.784563
   952.890015  0.149234  0.461156  0.562451  0.663747  0.811585
   956.349976  0.150367  0.466231  0.569563  0.672894  0.821332
   959.809998  0.149158  0.470315  0.574747  0.679179  0.834892
   963.270020  0.151692  0.473896  0.579246  0.684597  0.842302
   966.729980  0.149375  0.477183  0.583252  0.689321  0.847459
   970.190002  0.155624  0.480571  0.587362  0.694153  0.857385
   973.650024  0.152703  0.483475  0.590846  0.698217  0.862448
   977.109985  0.157708  0.486486  0.594418  0.702349  0.867390
   980.580017  0.157111  0.489474  0.598012  0.706551  0.869845
   984.039978  0.158203  0.492637  0.601734  0.710831  0.879115
   987.510010  0.158529  0.495492  0.605106  0.714719  0.883179
   990.969971  0.162898  0.498580  0.608716  0.718853  0.890175
   994.429993  0.162314  0.501510  0.612204  0.722899  0.893264
   997.900024  0.161030  0.504682  0.615961  0.727239  0.900004
  1001.369995  0.164555  0.507594  0.619413  0.731233  0.905873
  1004.830017  0.167907  0.510476  0.622838  0.735200  0.910480
  1008.299988  0.170488  0.513547  0.626420  0.739293  0.916588
  1011.770020  0.170714  0.516732  0.630123  0.743515  0.921238
  1015.239990  0.171994  0.519579  0.633544  0.747509  0.922442
  1018.710022  0.173219  0.522500  0.636989  0.751477  0.929170
  1022.179993  0.174337  0.525519  0.640501  0.755484  0.936166
  1025.650024  0.175614  0.528535  0.644072  0.759609  0.941660
  1029.119995  0.179499  0.531379  0.647472  0.763565  0.946731
  1032.589966  0.180325  0.534429  0.650988  0.767547  0.952091
  1036.060059  0.181872  0.537248  0.654289  0.771330  0.955925
  1039.530029  0.181850  0.540011  0.657596  0.775181  0.960537
  1043.000000  0.184748  0.542834  0.660910  0.778986  0.965509
  1046.479980  0.187027  0.545826  0.664348  0.782871  0.970508
  1049.949951  0.190018  0.548537  0.667592  0.786647  0.975911
  1053.430054  0.189398  0.551217  0.670748  0.790278  0.981142
  1056.900024  0.190047  0.553985  0.673972  0.793958  0.987644
  1060.380005  0.192031  0.556668  0.677144  0.797620  0.991876
  1063.849976  0.194282  0.559304  0.680290  0.801275  0.997165
  1067.329956  0.195359  0.561907  0.683381  0.804855  0.999540
  1070.810059  0.197175  0.564549  0.686453  0.808356  1.003935
  1074.290039  0.199784  0.567193  0.689562  0.811931  1.009899
  1077.760010  0.200848  0.569652  0.692477  0.815302  1.014695
  1081.239990  0.202191  0.572160  0.695406  0.818651  1.019278
  1084.719971  0.203106  0.574628  0.698314  0.822000  1.023644
  1088.199951  0.204684  0.576869  0.700981  0.825093  1.027682
  1091.680054  0.206288  0.578951  0.703500  0.828048  1.030373
  1095.170044  0.207808  0.581181  0.706157  0.831133  1.035690
  1098.650024  0.208760  0.583393  0.708793  0.834193  1.038441
  1102.130005  0.211302  0.585318  0.711122  0.836926  1.041542
  1105.609985  0.212873  0.587115  0.713289  0.839463  1.044725
  1109.099976  0.212842  0.588919  0.715377  0.841835  1.047777
  1112.579956  0.213459  0.590652  0.717473  0.844293  1.050941
  1116.069946  0.213051  0.592170  0.719409  0.846649  1.054792
  1119.550049  0.215800  0.593725  0.721256  0.848787  1.057616
  1123.040039  0.217233  0.595074  0.722951  0.850828  1.059329
  1126.520020  0.218222  0.596180  0.724428  0.852676  1.063321
  1130.010010  0.218628  0.596690  0.725318  0.853946  1.066680
  1133.500000  0.220449  0.596727  0.725756  0.854785  1.067799
  1136.989990  0.219384  0.596296  0.725882  0.855468  1.067023
  1140.469971  0.219898  0.596113  0.726205  0.856297  1.067830
  1143.959961  0.219208  0.596297  0.726760  0.857223  1.069377
  1147.449951  0.220013  0.597073  0.727638  0.858202  1.071067
  1150.939941  0.219571  0.598364  0.728773  0.859181  1.071851
  1154.430054  0.221586  0.599754  0.729889  0.860024  1.072734
  1157.930054  0.221130  0.600552  0.730479  0.860406  1.073495
  1161.420044  0.220968  0.600940  0.730612  0.860285  1.075262
  1164.910034  0.221385  0.600788  0.730328  0.859868  1.075130
  1168.400024  0.221812  0.600717  0.730149  0.859581  1.075143
  1171.900024  0.218822  0.600533  0.729934  0.859334  1.073736
  1175.390015  0.219500  0.600235  0.729590  0.858944  1.072360
  1178.890015  0.220195  0.599945  0.729253  0.858561  1.070218
  1182.380005  0.220226  0.599748  0.729063  0.858378  1.071532
  1185.880005  0.220677  0.599762  0.729189  0.858616  1.072725
  1189.369995  0.219757  0.600211  0.729849  0.859487  1.074385
  1192.869995  0.220906  0.601050  0.730925  0.860799  1.074217
  1196.369995  0.223396  0.602212  0.732414  0.862616  1.078169
  1199.869995  0.221340  0.603376  0.733945  0.864513  1.081295
  1203.369995  0.222595  0.604602  0.735525  0.866447  1.084791
  1206.869995  0.223484  0.606026  0.737240  0.868454  1.085713
  1210.369995  0.222250  0.607713  0.739286  0.870858  1.089289
  1213.869995  0.227255  0.609857  0.741747  0.873638  1.092054
  1217.369995  0.226747  0.612330  0.744648  0.876966  1.097865
  1220.869995  0.229537  0.614765  0.747545  0.880326  1.102366
  1224.369995  0.231068  0.617634  0.750842  0.884051  1.107047
  1227.869995  0.232290  0.620364  0.754031  0.887698  1.111040
  1231.380005  0.232351  0.622932  0.757046  0.891159  1.115157
  1234.880005  0.237001  0.625334  0.759867  0.894400  1.120923
  1238.390015  0.237304  0.627631  0.762597  0.897562  1.123268
  1241.890015  0.237492  0.629687  0.765063  0.900439  1.129801
  1245.400024  0.240680  0.631562  0.767280  0.902998  1.130121
  1248.900024  0.239741  0.633322  0.769419  0.905516  1.135941
  1252.410034  0.241570  0.635044  0.771430  0.907816  1.138777
  1255.920044  0.244968  0.636617  0.773332  0.910046  1.143423
  1259.420044  0.245545  0.638120  0.775153  0.912187  1.143040
  1262.930054  0.248435  0.639439  0.776768  0.914097  1.148089
  1266.439941  0.244241  0.640861  0.778453  0.916046  1.148698
  1269.949951  0.247988  0.642157  0.780036  0.917915  1.157264
  1273.459961  0.249354  0.643499  0.781636  0.919772  1.157079
  1276.969971  0.250999  0.644659  0.783157  0.921654  1.158950
  1280.479980  0.248061  0.645999  0.784812  0.923624  1.159771
  1283.989990  0.251227  0.647297  0.786395  0.925493  1.165261
  1287.510010  0.251287  0.648733  0.788126  0.927520  1.165101
  1291.020020  0.251069  0.649720  0.789545  0.929371  1.170889
  1294.530029  0.255664  0.651054  0.791086  0.931117  1.168605
  1298.050049  0.256117  0.651873  0.792231  0.932588  1.172563
  1301.560059  0.258312  0.652945  0.793459  0.933972  1.172246
  1305.079956  0.256388  0.653652  0.794428  0.935203  1.175629
  1308.589966  0.257559  0.654438  0.795430  0.936423  1.180377
  1312.109985  0.256411  0.654898  0.796025  0.937152  1.181056
  1315.619995  0.259673  0.655292  0.796539  0.937785  1.180165
  1319.140015  0.256435  0.655138  0.796575  0.938011  1.181505
  1322.660034  0.257831  0.655090  0.796495  0.937901  1.178718
  1326.180054  0.255870  0.654350  0.795783  0.937216  1.178146
  1329.699951  0.258315  0.653224  0.794610  0.935997  1.179708
  1333.219971  0.253791  0.651515  0.792746  0.933977  1.175166
  1336.739990  0.253022  0.649496  0.790457  0.931418  1.171369
  1340.260010  0.251418  0.647025  0.787707  0.928389  1.169900
  1343.780029  0.247518  0.644199  0.784447  0.924694  1.168437
  1347.300049  0.243635  0.640687  0.780516  0.920345  1.164998
  1350.819946  0.242364  0.637227  0.776489  0.915752  1.157475
  1354.349976  0.238554  0.633684  0.772435  0.911186  1.148076
  1357.869995  0.236986  0.630617  0.768733  0.906848  1.142187
  1361.390015  0.235690  0.627454  0.765130  0.902805  1.134171
  1364.920044  0.234047  0.624673  0.762007  0.899341  1.132343
  1368.439941  0.230895  0.621741  0.758860  0.895979  1.126804
  1371.969971  0.229107  0.619159  0.756066  0.892973  1.126032
  1375.500000  0.226207  0.616963  0.753718  0.890473  1.123000
  1379.020020  0.223028  0.615072  0.751493  0.887914  1.122767
  1382.550049  0.224049  0.612851  0.748915  0.884979  1.117858
  1386.079956  0.221604  0.609948  0.745781  0.881614  1.114061
  1389.609985  0.221367  0.606413  0.741767  0.877121  1.105130
  1393.140015  0.217058  0.602415  0.737072  0.871729  1.095669
  1396.670044  0.212340  0.597495  0.731427  0.865360  1.086931
  1400.199951  0.208547  0.592039  0.725070  0.858100  1.076306
  1403.729980  0.206717  0.585247  0.717127  0.849007  1.064750
  1407.260010  0.198644  0.577406  0.708016  0.838625  1.053928
  1410.790039  0.197615  0.568327  0.697541  0.826754  1.037888
  1414.319946  0.187307  0.558407  0.685929  0.813451  1.020660
  1417.859985  0.183736  0.547855  0.673623  0.799390  1.001840
  1421.390015  0.174578  0.537507  0.661349  0.785191  0.982360
  1424.920044  0.171720  0.527213  0.649264  0.771316  0.966433
  1428.459961  0.162592  0.517856  0.638241  0.758625  0.949459
  1431.989990  0.160111  0.509388  0.628201  0.747014  0.932485
  1435.530029  0.156760  0.502423  0.619929  0.737436  0.923237
  1439.069946  0.153861  0.496391  0.612959  0.729527  0.909992
  1442.599976  0.149968  0.491707  0.607460  0.723213  0.900135
  1446.140015  0.147873  0.488011  0.603157  0.718303  0.898715
  1449.680054  0.146792  0.485354  0.600050  0.714746  0.891776
  1453.219971  0.146477  0.483267  0.597528  0.711788  0.886454
  1456.760010  0.143375  0.481800  0.595792  0.709784  0.882431
  1460.300049  0.143220  0.480578  0.594476  0.708373  0.883993
  1463.839966  0.143675  0.479973  0.593850  0.707728  0.881426
  1467.380005  0.143885  0.479494  0.593428  0.707361  0.883314
  1470.920044  0.141540  0.479758  0.593770  0.707782  0.883256
  1474.459961  0.141724  0.479806  0.594026  0.708246  0.883868
  1478.010010  0.143831  0.480499  0.594845  0.709191  0.885586
  1481.550049  0.142426  0.480941  0.595552  0.710162  0.885887
  1485.089966  0.142715  0.481507  0.596348  0.711189  0.888472
  1488.640015  0.140083  0.481834  0.596927  0.712020  0.892758
  1492.180054  0.145529  0.482835  0.598127  0.713419  0.890554
  1495.729980  0.140997  0.483547  0.599157  0.714767  0.892932
  1499.270020  0.147017  0.484784  0.600709  0.716634  0.894608
  1502.819946  0.143153  0.485736  0.601996  0.718255  0.899218
  1506.369995  0.145668  0.486936  0.603458  0.719981  0.902602
  1509.910034  0.142600  0.488009  0.604889  0.721768  0.903862
  1513.459961  0.146364  0.489150  0.606309  0.723467  0.903752
  1517.010010  0.143428  0.489851  0.607373  0.724896  0.905502
  1520.560059  0.147164  0.490708  0.608548  0.726388  0.909810
  1524.109985  0.145012  0.491296  0.609368  0.727441  0.910707
  1527.660034  0.147431  0.491828  0.610085  0.728342  0.914745
  1531.209961  0.145768  0.491791  0.610273  0.728754  0.912035
  1534.760010  0.144744  0.492135  0.610675  0.729215  0.913875
  1538.319946  0.143537  0.491919  0.610580  0.729241  0.911913
  1541.869995  0.146437  0.491784  0.610486  0.729189  0.914261
  1545.420044  0.144389  0.491268  0.610014  0.728760  0.909383
  1548.979980  0.145365  0.490588  0.609353  0.728118  0.907889
  1552.530029  0.144250  0.489881  0.608627  0.727372  0.907336
  1556.089966  0.142407  0.489139  0.607834  0.726530  0.913571
  1559.640015  0.143328  0.488102  0.606795  0.725488  0.909363
  1563.199951  0.143422  0.487310  0.605989  0.724668  0.908005
  1566.750000  0.141968  0.486496  0.605197  0.723898  0.904462
  1570.310059  0.141509  0.485553  0.604296  0.723038  0.903826
  1573.869995  0.142778  0.484921  0.603631  0.722340  0.903498
  1577.430054  0.141685  0.484513  0.603219  0.721925  0.904895
  1580.989990  0.143544  0.483830  0.602531  0.721233  0.902844
  1584.550049  0.140157  0.483444  0.602275  0.721107  0.901552
  1588.109985  0.141843  0.482848  0.601690  0.720532  0.902175
  1591.670044  0.139204  0.482933  0.601838  0.720743  0.900258
  1595.229980  0.141049  0.482374  0.601386  0.720398  0.900737
  1598.790039  0.137107  0.482168  0.601297  0.720426  0.901952
  1602.349976  0.142191  0.481877  0.601028  0.720178  0.900558
  1605.920044  0.137977  0.481505  0.600794  0.720083  0.900532
  1609.479980  0.140266  0.480984  0.600336  0.719688  0.900171
  1613.040039  0.135932  0.480035  0.599362  0.718690  0.896893
  1616.609985  0.139218  0.478865  0.598213  0.717560  0.899343
  1620.170044  0.138227  0.477541  0.596899  0.716257  0.897240
  1623.739990  0.138779  0.475583  0.595064  0.714546  0.897878
  1627.310059  0.136017  0.473683  0.593283  0.712883  0.893995
  1630.869995  0.137531  0.471513  0.591258  0.711003  0.890598
  1634.439941  0.130172  0.469826  0.589775  0.709724  0.887533
  1638.010010  0.134637  0.468347  0.588516  0.708685  0.884617
  1641.579956  0.133257  0.467755  0.587981  0.708208  0.884028
  1645.150024  0.131882  0.467212  0.587479  0.707747  0.886011
  1648.709961  0.133283  0.466996  0.587125  0.707253  0.881240
  1652.290039  0.134400  0.466447  0.586476  0.706505  0.883177
  1655.859985  0.133524  0.464374  0.584441  0.704507  0.880020
  1659.430054  0.132607  0.460337  0.580824  0.701311  0.878208
  1663.000000  0.129490  0.454483  0.576067  0.697652  0.874936
  1666.569946  0.127247  0.447405  0.570526  0.693647  0.872687
  1670.140015  0.128742  0.439705  0.564805  0.689904  0.865779
  1673.719971  0.124008  0.432624  0.559398  0.686173  0.857482
  1677.290039  0.125674  0.427348  0.554994  0.682641  0.850515
  1680.869995  0.121068  0.423876  0.551349  0.678822  0.848137
  1684.439941  0.127067  0.421533  0.547899  0.674265  0.837888
  1688.020020  0.120623  0.419356  0.543842  0.668327  0.836642
  1691.589966  0.125028  0.416754  0.538863  0.660972  0.826241
  1695.170044  0.118982  0.414760  0.534021  0.653283  0.809781
  1698.750000  0.126992  0.413088  0.528708  0.644329  0.797331
  1702.329956  0.128113  0.412224  0.524167  0.636111  0.787609
  1705.910034  0.139855  0.409979  0.518623  0.627268  0.776067
  1709.489990  0.126158  0.407937  0.513107  0.618277  0.751519
  1713.069946  0.141912  0.404502  0.506452  0.608403  0.751437
  1716.650024  0.133074  0.401040  0.499358  0.597676  0.714167
  1720.229980  0.147578  0.395864  0.490877  0.585890  0.718124
