ENVI ASCII Plot File [Sun Apr 06 17:00:13 2025]
Column 1: Wavelength
Column 2: Min: ROI #63~~2##255,0,0
Column 3: Mean-StdDev: ROI #63~~21##0,200,0
Column 4: Mean: ROI #63~~0##0,0,0
Column 5: Mean+StdDev: ROI #63~~21##0,200,0
Column 6: Max: ROI #63~~2##255,0,0
   935.609985  0.264069  0.465492  0.538435  0.611377  0.719986
   939.059998  0.269324  0.468292  0.541448  0.614605  0.721724
   942.520020  0.247941  0.485942  0.571149  0.656356  0.820809
   945.979980  0.247348  0.498261  0.592793  0.687324  0.927453
   949.429993  0.234363  0.506797  0.608230  0.709662  0.970097
   952.890015  0.238593  0.513819  0.618319  0.722819  1.009494
   956.349976  0.238637  0.519137  0.625722  0.732307  1.016910
   959.809998  0.239924  0.523028  0.630582  0.738135  1.032405
   963.270020  0.241364  0.526449  0.634963  0.743478  1.036587
   966.729980  0.246494  0.529524  0.638723  0.747923  1.043909
   970.190002  0.245856  0.532791  0.642779  0.752768  1.053076
   973.650024  0.245478  0.535362  0.645884  0.756406  1.054431
   977.109985  0.248081  0.538140  0.649252  0.760364  1.058181
   980.580017  0.251108  0.541006  0.652659  0.764313  1.064840
   984.039978  0.251579  0.543818  0.656047  0.768275  1.071239
   987.510010  0.253941  0.546372  0.659088  0.771804  1.075541
   990.969971  0.253447  0.549165  0.662438  0.775711  1.080613
   994.429993  0.254809  0.551810  0.665633  0.779456  1.087060
   997.900024  0.254703  0.554839  0.669113  0.783388  1.093042
  1001.369995  0.254921  0.557362  0.672228  0.787093  1.097503
  1004.830017  0.255883  0.560184  0.675477  0.790770  1.103518
  1008.299988  0.256872  0.562886  0.678758  0.794630  1.109154
  1011.770020  0.260831  0.565835  0.682183  0.798531  1.113490
  1015.239990  0.259190  0.568517  0.685454  0.802390  1.119743
  1018.710022  0.260534  0.571144  0.688558  0.805971  1.125805
  1022.179993  0.259079  0.573847  0.691774  0.809700  1.128865
  1025.650024  0.261328  0.576636  0.695084  0.813533  1.134048
  1029.119995  0.261094  0.579186  0.698205  0.817224  1.139174
  1032.589966  0.262799  0.581925  0.701393  0.820861  1.145611
  1036.060059  0.263984  0.584370  0.704368  0.824366  1.150048
  1039.530029  0.266195  0.586941  0.707430  0.827919  1.155191
  1043.000000  0.265560  0.589588  0.710569  0.831550  1.160831
  1046.479980  0.266857  0.592221  0.713609  0.834998  1.164965
  1049.949951  0.267511  0.594671  0.716560  0.838448  1.169050
  1053.430054  0.268266  0.597127  0.719437  0.841747  1.174229
  1056.900024  0.268837  0.599615  0.722405  0.845195  1.179087
  1060.380005  0.268984  0.602037  0.725290  0.848543  1.184423
  1063.849976  0.269940  0.604382  0.728148  0.851913  1.189896
  1067.329956  0.270063  0.606731  0.730973  0.855215  1.193900
  1070.810059  0.269451  0.609100  0.733749  0.858398  1.196828
  1074.290039  0.270911  0.611403  0.736518  0.861633  1.201663
  1077.760010  0.270529  0.613584  0.739130  0.864677  1.207220
  1081.239990  0.270357  0.615794  0.741795  0.867797  1.211443
  1084.719971  0.271967  0.617931  0.744380  0.870830  1.216721
  1088.199951  0.272280  0.619888  0.746757  0.873625  1.220726
  1091.680054  0.272056  0.621787  0.749018  0.876250  1.222635
  1095.170044  0.271801  0.623649  0.751266  0.878883  1.226131
  1098.650024  0.271129  0.625451  0.753438  0.881426  1.229494
  1102.130005  0.271813  0.626992  0.755339  0.883687  1.230584
  1105.609985  0.272004  0.628393  0.757067  0.885741  1.234384
  1109.099976  0.270071  0.629749  0.758688  0.887628  1.238511
  1112.579956  0.267643  0.631008  0.760265  0.889521  1.239005
  1116.069946  0.268886  0.632120  0.761708  0.891296  1.242355
  1119.550049  0.266047  0.633226  0.763113  0.892999  1.242501
  1123.040039  0.264507  0.634042  0.764150  0.894259  1.242907
  1126.520020  0.260002  0.634484  0.764807  0.895130  1.239601
  1130.010010  0.257548  0.634338  0.764882  0.895425  1.235196
  1133.500000  0.250979  0.633713  0.764453  0.895192  1.231754
  1136.989990  0.247643  0.632597  0.763552  0.894506  1.226653
  1140.469971  0.242080  0.631782  0.763050  0.894319  1.218913
  1143.959961  0.240213  0.631556  0.763066  0.894577  1.218201
  1147.449951  0.238827  0.632157  0.763806  0.895456  1.224826
  1150.939941  0.241580  0.633371  0.765008  0.896646  1.229813
  1154.430054  0.246162  0.634748  0.766225  0.897703  1.232639
  1157.930054  0.250695  0.635524  0.766856  0.898188  1.238997
  1161.420044  0.253487  0.635815  0.766987  0.898158  1.242398
  1164.910034  0.256151  0.635381  0.766450  0.897520  1.243356
  1168.400024  0.256131  0.634992  0.765890  0.896787  1.243436
  1171.900024  0.257229  0.634449  0.765188  0.895927  1.243306
  1175.390015  0.254979  0.633905  0.764537  0.895170  1.239561
  1178.890015  0.254491  0.633377  0.763946  0.894515  1.242466
  1182.380005  0.251633  0.633008  0.763522  0.894035  1.240637
  1185.880005  0.253786  0.632730  0.763331  0.893933  1.242306
  1189.369995  0.251799  0.633031  0.763747  0.894463  1.242254
  1192.869995  0.248517  0.633688  0.764666  0.895644  1.241879
  1196.369995  0.247406  0.634765  0.766008  0.897250  1.244602
  1199.869995  0.247003  0.635785  0.767406  0.899027  1.244924
  1203.369995  0.245209  0.637080  0.768995  0.900911  1.248431
  1206.869995  0.241616  0.638290  0.770602  0.902914  1.250636
  1210.369995  0.244535  0.639867  0.772501  0.905134  1.253734
  1213.869995  0.245144  0.641747  0.774799  0.907852  1.259239
  1217.369995  0.246689  0.643937  0.777342  0.910748  1.264796
  1220.869995  0.244502  0.646063  0.779963  0.913863  1.268296
  1224.369995  0.247641  0.648376  0.782666  0.916956  1.275937
  1227.869995  0.245591  0.650654  0.785356  0.920058  1.281570
  1231.380005  0.247351  0.652867  0.787991  0.923116  1.290071
  1234.880005  0.246206  0.654979  0.790535  0.926091  1.289307
  1238.390015  0.248229  0.657003  0.792870  0.928737  1.298001
  1241.890015  0.249992  0.658757  0.795013  0.931268  1.300152
  1245.400024  0.248607  0.660348  0.796950  0.933552  1.303521
  1248.900024  0.248823  0.661889  0.798884  0.935879  1.310061
  1252.410034  0.249116  0.663390  0.800669  0.937948  1.312045
  1255.920044  0.248243  0.664668  0.802279  0.939890  1.315907
  1259.420044  0.248310  0.665759  0.803635  0.941512  1.319286
  1262.930054  0.246849  0.666850  0.805083  0.943315  1.322660
  1266.439941  0.248202  0.668012  0.806408  0.944804  1.323378
  1269.949951  0.245854  0.669051  0.807749  0.946447  1.324973
  1273.459961  0.244779  0.670024  0.808984  0.947943  1.328207
  1276.969971  0.247200  0.671101  0.810373  0.949644  1.330756
  1280.479980  0.245205  0.672305  0.811870  0.951434  1.332939
  1283.989990  0.245607  0.673246  0.813117  0.952988  1.336143
  1287.510010  0.242433  0.674389  0.814476  0.954563  1.336872
  1291.020020  0.242101  0.675238  0.815681  0.956125  1.341421
  1294.530029  0.242663  0.676149  0.816838  0.957528  1.342069
  1298.050049  0.239802  0.676801  0.817734  0.958668  1.344937
  1301.560059  0.237219  0.677568  0.818729  0.959890  1.343777
  1305.079956  0.239893  0.678154  0.819488  0.960823  1.350581
  1308.589966  0.238292  0.678660  0.820153  0.961645  1.349362
  1312.109985  0.240879  0.678857  0.820477  0.962097  1.351028
  1315.619995  0.236306  0.678821  0.820594  0.962367  1.348062
  1319.140015  0.235970  0.678376  0.820147  0.961918  1.349210
  1322.660034  0.231382  0.678078  0.819747  0.961416  1.350361
  1326.180054  0.231858  0.677093  0.818726  0.960358  1.348691
  1329.699951  0.231527  0.675870  0.817328  0.958786  1.346405
  1333.219971  0.229944  0.673691  0.814915  0.956138  1.343798
  1336.739990  0.229432  0.671368  0.812242  0.953116  1.339118
  1340.260010  0.228119  0.668486  0.808902  0.949318  1.330202
  1343.780029  0.223874  0.665586  0.805479  0.945372  1.324026
  1347.300049  0.224691  0.661910  0.801227  0.940545  1.322297
  1350.819946  0.220647  0.658345  0.796989  0.935634  1.313837
  1354.349976  0.221234  0.654860  0.792824  0.930788  1.308037
  1357.869995  0.219368  0.651595  0.788984  0.926373  1.302177
  1361.390015  0.217268  0.648415  0.785273  0.922132  1.295902
  1364.920044  0.213541  0.645516  0.781937  0.918358  1.286631
  1368.439941  0.212959  0.642514  0.778613  0.914713  1.283143
  1371.969971  0.209799  0.640076  0.775852  0.911628  1.277746
  1375.500000  0.210041  0.637911  0.773517  0.909124  1.272799
  1379.020020  0.208630  0.636046  0.771241  0.906435  1.270011
  1382.550049  0.206354  0.633758  0.768577  0.903396  1.264824
  1386.079956  0.204785  0.631053  0.765613  0.900172  1.260457
  1389.609985  0.201904  0.627672  0.761814  0.895956  1.252193
  1393.140015  0.203335  0.624086  0.757304  0.890522  1.244733
  1396.670044  0.197755  0.619011  0.751471  0.883930  1.235549
  1400.199951  0.197445  0.613617  0.744980  0.876344  1.225160
  1403.729980  0.190609  0.607011  0.737212  0.867412  1.211524
  1407.260010  0.192314  0.599443  0.728161  0.856880  1.199060
  1410.790039  0.186092  0.590945  0.718233  0.845520  1.182247
  1414.319946  0.184475  0.581469  0.706988  0.832507  1.163095
  1417.859985  0.179084  0.571585  0.695293  0.819000  1.141440
  1421.390015  0.177169  0.561760  0.683409  0.805057  1.128835
  1424.920044  0.176000  0.551824  0.671622  0.791419  1.107297
  1428.459961  0.173561  0.542809  0.660745  0.778682  1.090906
  1431.989990  0.168759  0.534566  0.650939  0.767313  1.071614
  1435.530029  0.168352  0.527635  0.642573  0.757511  1.058102
  1439.069946  0.164207  0.521908  0.635828  0.749747  1.048640
  1442.599976  0.162181  0.517270  0.630276  0.743281  1.040876
  1446.140015  0.160192  0.513731  0.626082  0.738434  1.034117
  1449.680054  0.163630  0.510806  0.622633  0.734461  1.032225
  1453.219971  0.157516  0.508762  0.620187  0.731611  1.032862
  1456.760010  0.157847  0.507338  0.618487  0.729637  1.027110
  1460.300049  0.157233  0.505934  0.617000  0.728065  1.026977
  1463.839966  0.155950  0.505265  0.616207  0.727149  1.025093
  1467.380005  0.155741  0.504823  0.615775  0.726726  1.027296
  1470.920044  0.152424  0.504898  0.615940  0.726983  1.027548
  1474.459961  0.158777  0.504822  0.615988  0.727155  1.028013
  1478.010010  0.157409  0.505263  0.616673  0.728082  1.027663
  1481.550049  0.158328  0.505719  0.617318  0.728916  1.029652
  1485.089966  0.154841  0.506243  0.618038  0.729833  1.031567
  1488.640015  0.157677  0.506608  0.618565  0.730521  1.032493
  1492.180054  0.153260  0.507264  0.619514  0.731763  1.037041
  1495.729980  0.157076  0.507862  0.620333  0.732804  1.038989
  1499.270020  0.152037  0.508768  0.621521  0.734274  1.042660
  1502.819946  0.151681  0.509625  0.622621  0.735618  1.045457
  1506.369995  0.150851  0.510566  0.623854  0.737141  1.044570
  1509.910034  0.151201  0.511410  0.625065  0.738719  1.052829
  1513.459961  0.149295  0.512488  0.626440  0.740392  1.054809
  1517.010010  0.149692  0.513209  0.627340  0.741471  1.055040
  1520.560059  0.149754  0.513833  0.628307  0.742781  1.060145
  1524.109985  0.151350  0.514339  0.628991  0.743642  1.063249
  1527.660034  0.146601  0.514712  0.629618  0.744524  1.062701
  1531.209961  0.144815  0.514597  0.629667  0.744738  1.065479
  1534.760010  0.147122  0.514981  0.630138  0.745296  1.064467
  1538.319946  0.142116  0.514632  0.629836  0.745040  1.064095
  1541.869995  0.144875  0.514337  0.629556  0.744775  1.065339
  1545.420044  0.143372  0.513797  0.629032  0.744267  1.066144
  1548.979980  0.140660  0.513130  0.628341  0.743551  1.063003
  1552.530029  0.141144  0.512275  0.627441  0.742606  1.060570
  1556.089966  0.138275  0.511551  0.626583  0.741614  1.062061
  1559.640015  0.137172  0.510288  0.625306  0.740323  1.055499
  1563.199951  0.136129  0.509522  0.624452  0.739382  1.056651
  1566.750000  0.132154  0.508509  0.623399  0.738290  1.056490
  1570.310059  0.133487  0.507571  0.622351  0.737130  1.055902
  1573.869995  0.129428  0.506703  0.621533  0.736363  1.053613
  1577.430054  0.131230  0.506189  0.620918  0.735648  1.055825
  1580.989990  0.128120  0.505366  0.620146  0.734926  1.052185
  1584.550049  0.129866  0.504882  0.619604  0.734325  1.052567
  1588.109985  0.124710  0.504206  0.619015  0.733825  1.051000
  1591.670044  0.127999  0.504108  0.618857  0.733606  1.053932
  1595.229980  0.121620  0.503424  0.618248  0.733073  1.048514
  1598.790039  0.124465  0.503107  0.617926  0.732745  1.050435
  1602.349976  0.120584  0.502584  0.617432  0.732281  1.045618
  1605.920044  0.122134  0.501864  0.616771  0.731678  1.048237
  1609.479980  0.117217  0.501109  0.616060  0.731011  1.041617
  1613.040039  0.116856  0.499986  0.614875  0.729765  1.041483
  1616.609985  0.111045  0.498724  0.613485  0.728246  1.032674
  1620.170044  0.111120  0.497071  0.611670  0.726270  1.028976
  1623.739990  0.107196  0.494788  0.609331  0.723875  1.022523
  1627.310059  0.102318  0.492617  0.607085  0.721554  1.014346
  1630.869995  0.101012  0.490125  0.604590  0.719055  1.007527
  1634.439941  0.098414  0.488308  0.602753  0.717197  1.004058
  1638.010010  0.093915  0.486585  0.601271  0.715957  0.999593
  1641.579956  0.090611  0.485805  0.600435  0.715065  0.996583
  1645.150024  0.092303  0.485225  0.599870  0.714515  0.995934
  1648.709961  0.092184  0.484864  0.599415  0.713966  0.995462
  1652.290039  0.092104  0.484442  0.598797  0.713152  0.998244
  1655.859985  0.088371  0.482306  0.596668  0.711031  0.989303
  1659.430054  0.087676  0.478204  0.592803  0.707401  0.979817
  1663.000000  0.079530  0.471927  0.587458  0.702990  0.961834
  1666.569946  0.082599  0.464543  0.581554  0.698565  0.950286
  1670.140015  0.075468  0.456579  0.575598  0.694616  0.931824
  1673.719971  0.074844  0.449255  0.570100  0.690945  0.925247
  1677.290039  0.072111  0.443856  0.565815  0.687774  0.916176
  1680.869995  0.075257  0.440639  0.562619  0.684600  0.915405
  1684.439941  0.073895  0.438718  0.559809  0.680900  0.904703
  1688.020020  0.082495  0.437195  0.556399  0.675602  0.900221
  1691.589966  0.084738  0.435343  0.552393  0.669444  0.884238
  1695.170044  0.090890  0.434101  0.548363  0.662626  0.883947
  1698.750000  0.082924  0.433037  0.544141  0.655245  0.872629
  1702.329956  0.086922  0.432920  0.540655  0.648391  0.867672
  1705.910034  0.100677  0.432289  0.536957  0.641624  0.859094
  1709.489990  0.105748  0.430682  0.532352  0.634022  0.860178
  1713.069946  0.100161  0.427291  0.526442  0.625594  0.842748
  1716.650024  0.120349  0.422821  0.518606  0.614392  0.826182
  1720.229980  0.121181  0.417491  0.510770  0.604048  0.798064
