ENVI ASCII Plot File [Sun Apr 06 16:53:46 2025]
Column 1: Wavelength
Column 2: Min: ROI #57~~2##255,0,0
Column 3: Mean-StdDev: ROI #57~~21##0,200,0
Column 4: Mean: ROI #57~~0##0,0,0
Column 5: Mean+StdDev: ROI #57~~21##0,200,0
Column 6: Max: ROI #57~~2##255,0,0
   935.609985  0.249810  0.391977  0.453160  0.514344  0.671191
   939.059998  0.243864  0.394029  0.455366  0.516703  0.665410
   942.520020  0.235209  0.404024  0.477984  0.551945  0.680188
   945.979980  0.228728  0.410485  0.495390  0.580294  0.706633
   949.429993  0.217271  0.415807  0.508027  0.600248  0.741804
   952.890015  0.215823  0.421477  0.517650  0.613823  0.757877
   956.349976  0.211362  0.426058  0.524452  0.622846  0.768075
   959.809998  0.210289  0.429898  0.529477  0.629056  0.770477
   963.270020  0.209260  0.433569  0.534130  0.634691  0.778492
   966.729980  0.210561  0.436888  0.538236  0.639585  0.780823
   970.190002  0.215800  0.440400  0.542482  0.644563  0.787665
   973.650024  0.214895  0.443277  0.545978  0.648679  0.793195
   977.109985  0.218243  0.446304  0.549643  0.652982  0.799017
   980.580017  0.222895  0.449632  0.553522  0.657411  0.804192
   984.039978  0.221776  0.452636  0.557160  0.661683  0.808592
   987.510010  0.223614  0.455607  0.560688  0.665768  0.814681
   990.969971  0.224916  0.458700  0.564408  0.670115  0.817747
   994.429993  0.226629  0.461868  0.568108  0.674348  0.822385
   997.900024  0.230937  0.465235  0.572043  0.678852  0.827788
  1001.369995  0.232598  0.468119  0.575515  0.682911  0.834267
  1004.830017  0.233156  0.471285  0.579209  0.687133  0.836735
  1008.299988  0.234812  0.474507  0.582990  0.691473  0.842698
  1011.770020  0.238155  0.477880  0.586902  0.695924  0.848619
  1015.239990  0.241367  0.480941  0.590493  0.700046  0.852597
  1018.710022  0.243170  0.483912  0.594034  0.704157  0.856632
  1022.179993  0.243653  0.487006  0.597668  0.708331  0.862935
  1025.650024  0.245487  0.490201  0.601413  0.712625  0.868735
  1029.119995  0.246976  0.493217  0.605003  0.716788  0.873374
  1032.589966  0.251208  0.496403  0.608681  0.720958  0.877634
  1036.060059  0.252733  0.499269  0.612051  0.724833  0.885037
  1039.530029  0.254928  0.502196  0.615534  0.728872  0.889173
  1043.000000  0.256113  0.505300  0.619166  0.733033  0.892869
  1046.479980  0.258625  0.508460  0.622788  0.737117  0.897450
  1049.949951  0.259828  0.511378  0.626195  0.741013  0.902338
  1053.430054  0.262100  0.514194  0.629501  0.744807  0.908269
  1056.900024  0.263703  0.517073  0.632904  0.748736  0.913337
  1060.380005  0.266814  0.519954  0.636280  0.752607  0.917573
  1063.849976  0.268735  0.522712  0.639554  0.756395  0.927212
  1067.329956  0.270226  0.525478  0.642824  0.760171  0.932177
  1070.810059  0.270512  0.528243  0.646050  0.763857  0.935350
  1074.290039  0.271997  0.530967  0.649259  0.767551  0.938725
  1077.760010  0.274399  0.533642  0.652378  0.771114  0.944590
  1081.239990  0.274619  0.536355  0.655548  0.774740  0.951035
  1084.719971  0.276316  0.538986  0.658684  0.778382  0.953242
  1088.199951  0.279021  0.541414  0.661578  0.781742  0.955942
  1091.680054  0.281447  0.543775  0.664357  0.784940  0.960373
  1095.170044  0.282968  0.546185  0.667222  0.788258  0.966003
  1098.650024  0.284547  0.548569  0.669998  0.791428  0.969471
  1102.130005  0.285705  0.550662  0.672493  0.794323  0.971577
  1105.609985  0.287014  0.552669  0.674893  0.797117  0.977764
  1109.099976  0.287125  0.554564  0.677155  0.799746  0.980593
  1112.579956  0.289893  0.556480  0.679477  0.802475  0.981712
  1116.069946  0.291729  0.558365  0.681747  0.805130  0.981637
  1119.550049  0.292851  0.560108  0.683845  0.807582  0.982659
  1123.040039  0.293800  0.561598  0.685683  0.809768  0.981117
  1126.520020  0.293709  0.562908  0.687310  0.811711  0.976844
  1130.010010  0.293786  0.563716  0.688422  0.813129  0.976675
  1133.500000  0.293607  0.564053  0.689020  0.813987  0.978212
  1136.989990  0.294653  0.563939  0.689249  0.814558  0.978439
  1140.469971  0.293180  0.564075  0.689699  0.815322  0.979420
  1143.959961  0.294969  0.564436  0.690316  0.816196  0.981611
  1147.449951  0.295437  0.565263  0.691335  0.817406  0.984709
  1150.939941  0.295779  0.566463  0.692619  0.818775  0.985594
  1154.430054  0.295274  0.567788  0.693875  0.819962  0.986176
  1157.930054  0.297829  0.568541  0.694600  0.820659  0.986736
  1161.420044  0.296553  0.568944  0.694936  0.820929  0.987573
  1164.910034  0.297227  0.568811  0.694823  0.820835  0.990566
  1168.400024  0.297416  0.568721  0.694708  0.820695  0.992272
  1171.900024  0.295877  0.568693  0.694664  0.820635  0.993333
  1175.390015  0.295722  0.568673  0.694628  0.820583  0.994666
  1178.890015  0.296378  0.568467  0.694440  0.820413  0.996037
  1182.380005  0.293898  0.568264  0.694294  0.820324  0.992931
  1185.880005  0.295190  0.568421  0.694516  0.820611  0.992813
  1189.369995  0.296040  0.568923  0.695213  0.821502  0.992726
  1192.869995  0.298098  0.569840  0.696376  0.822912  0.993979
  1196.369995  0.299291  0.571179  0.698005  0.824831  0.992673
  1199.869995  0.297269  0.572519  0.699692  0.826865  0.995491
  1203.369995  0.299067  0.573988  0.701488  0.828988  0.998055
  1206.869995  0.299287  0.575464  0.703306  0.831148  0.999660
  1210.369995  0.300113  0.577202  0.705457  0.833713  1.005206
  1213.869995  0.302268  0.579417  0.708069  0.836721  1.010321
  1217.369995  0.305689  0.582092  0.711233  0.840373  1.013492
  1220.869995  0.305674  0.584883  0.714570  0.844258  1.021514
  1224.369995  0.309851  0.587853  0.718012  0.848170  1.026559
  1227.869995  0.311509  0.590765  0.721404  0.852042  1.034401
  1231.380005  0.312890  0.593615  0.724751  0.855887  1.040101
  1234.880005  0.310898  0.596220  0.727833  0.859446  1.048812
  1238.390015  0.315920  0.598754  0.730794  0.862835  1.054762
  1241.890015  0.314676  0.600862  0.733359  0.865856  1.059709
  1245.400024  0.318802  0.602935  0.735832  0.868728  1.065460
  1248.900024  0.317949  0.604977  0.738257  0.871536  1.067590
  1252.410034  0.322235  0.606966  0.740614  0.874262  1.070136
  1255.920044  0.318648  0.608610  0.742627  0.876643  1.075503
  1259.420044  0.322798  0.610183  0.744542  0.878901  1.080544
  1262.930054  0.322614  0.611748  0.746429  0.881109  1.083125
  1266.439941  0.324311  0.613411  0.748358  0.883304  1.090551
  1269.949951  0.326272  0.614712  0.750080  0.885448  1.089559
  1273.459961  0.325716  0.616259  0.751882  0.887505  1.095901
  1276.969971  0.329494  0.617627  0.753591  0.889556  1.092352
  1280.479980  0.324083  0.619121  0.755453  0.891786  1.097335
  1283.989990  0.331630  0.620475  0.757158  0.893840  1.101082
  1287.510010  0.331650  0.622050  0.759022  0.895994  1.104183
  1291.020020  0.334317  0.623256  0.760562  0.897868  1.105900
  1294.530029  0.334693  0.624706  0.762261  0.899817  1.111862
  1298.050049  0.330819  0.625711  0.763611  0.901511  1.107932
  1301.560059  0.334682  0.626929  0.765066  0.903203  1.111641
  1305.079956  0.332790  0.627865  0.766276  0.904688  1.116589
  1308.589966  0.335283  0.628692  0.767302  0.905913  1.115588
  1312.109985  0.335724  0.629191  0.768042  0.906893  1.118237
  1315.619995  0.336796  0.629609  0.768601  0.907593  1.119670
  1319.140015  0.336262  0.629528  0.768652  0.907777  1.120660
  1322.660034  0.333921  0.629567  0.768694  0.907821  1.119660
  1326.180054  0.336531  0.628833  0.768043  0.907253  1.117397
  1329.699951  0.335539  0.627840  0.766926  0.906013  1.116866
  1333.219971  0.332195  0.626009  0.765007  0.904005  1.115966
  1336.739990  0.329995  0.623919  0.762741  0.901562  1.112592
  1340.260010  0.327914  0.621411  0.759985  0.898559  1.105412
  1343.780029  0.325648  0.618449  0.756649  0.894850  1.100035
  1347.300049  0.323477  0.614940  0.752661  0.890383  1.094678
  1350.819946  0.322098  0.611199  0.748438  0.885676  1.091322
  1354.349976  0.318606  0.607619  0.744343  0.881067  1.084943
  1357.869995  0.316970  0.604232  0.740530  0.876828  1.077496
  1361.390015  0.313180  0.600968  0.736822  0.872676  1.077017
  1364.920044  0.310821  0.597958  0.733510  0.869061  1.068873
  1368.439941  0.306074  0.594967  0.730213  0.865459  1.061816
  1371.969971  0.306978  0.592449  0.727507  0.862565  1.057758
  1375.500000  0.302487  0.590190  0.725055  0.859920  1.050473
  1379.020020  0.305326  0.588097  0.722598  0.857099  1.046438
  1382.550049  0.300605  0.585622  0.719797  0.853972  1.046132
  1386.079956  0.295849  0.582477  0.716443  0.850408  1.033856
  1389.609985  0.291600  0.578739  0.712310  0.845882  1.027161
  1393.140015  0.290835  0.574578  0.707368  0.840158  1.017404
  1396.670044  0.288565  0.569223  0.701337  0.833451  1.011119
  1400.199951  0.284684  0.563296  0.694463  0.825630  1.000747
  1403.729980  0.276197  0.555894  0.685987  0.816079  0.990033
  1407.260010  0.271946  0.547239  0.676048  0.804856  0.973241
  1410.790039  0.264390  0.537591  0.664885  0.792178  0.961291
  1414.319946  0.257374  0.527129  0.652869  0.778608  0.947250
  1417.859985  0.247319  0.516167  0.640129  0.764091  0.926789
  1421.390015  0.242174  0.505424  0.627472  0.749519  0.910193
  1424.920044  0.235875  0.494547  0.614826  0.735105  0.895535
  1428.459961  0.226408  0.485169  0.603754  0.722339  0.878700
  1431.989990  0.223084  0.476466  0.593585  0.710704  0.861420
  1435.530029  0.219525  0.469378  0.585149  0.700920  0.851181
  1439.069946  0.215725  0.463411  0.578190  0.692970  0.841755
  1442.599976  0.212325  0.458688  0.572663  0.686638  0.837463
  1446.140015  0.211946  0.455064  0.568435  0.681806  0.832086
  1449.680054  0.207547  0.452360  0.565321  0.678282  0.831186
  1453.219971  0.209076  0.450259  0.562954  0.675649  0.827739
  1456.760010  0.204036  0.448966  0.561421  0.673876  0.826856
  1460.300049  0.204655  0.447595  0.560008  0.672422  0.823259
  1463.839966  0.205702  0.447222  0.559587  0.671952  0.826073
  1467.380005  0.206242  0.446840  0.559296  0.671752  0.824285
  1470.920044  0.204513  0.447129  0.559751  0.672374  0.827552
  1474.459961  0.204934  0.447149  0.560024  0.672898  0.827375
  1478.010010  0.203139  0.447908  0.560948  0.673988  0.831583
  1481.550049  0.204463  0.448394  0.561738  0.675081  0.830074
  1485.089966  0.204781  0.449248  0.562806  0.676364  0.835395
  1488.640015  0.207853  0.449745  0.563608  0.677472  0.834283
  1492.180054  0.204881  0.450781  0.564951  0.679120  0.839902
  1495.729980  0.208888  0.451599  0.566102  0.680605  0.839726
  1499.270020  0.206329  0.452916  0.567729  0.682542  0.846193
  1502.819946  0.209626  0.453998  0.569178  0.684359  0.846070
  1506.369995  0.208197  0.455245  0.570744  0.686242  0.850513
  1509.910034  0.208015  0.456332  0.572291  0.688249  0.852615
  1513.459961  0.208679  0.457540  0.573836  0.690132  0.857719
  1517.010010  0.208825  0.458483  0.575104  0.691725  0.859245
  1520.560059  0.212945  0.459306  0.576250  0.693195  0.860959
  1524.109985  0.209466  0.459930  0.577172  0.694415  0.862601
  1527.660034  0.212076  0.460377  0.577857  0.695337  0.865172
  1531.209961  0.212732  0.460532  0.578272  0.696013  0.866433
  1534.760010  0.214647  0.460832  0.578689  0.696546  0.864149
  1538.319946  0.209212  0.460615  0.578590  0.696564  0.869734
  1541.869995  0.210716  0.460458  0.578518  0.696578  0.868337
  1545.420044  0.210783  0.459937  0.577969  0.696001  0.872317
  1548.979980  0.210560  0.459264  0.577334  0.695403  0.868708
  1552.530029  0.212193  0.458506  0.576598  0.694690  0.869886
  1556.089966  0.211037  0.457687  0.575766  0.693846  0.866891
  1559.640015  0.208520  0.456719  0.574778  0.692837  0.866613
  1563.199951  0.210420  0.455870  0.573975  0.692081  0.862634
  1566.750000  0.205838  0.454872  0.572957  0.691041  0.864680
  1570.310059  0.208781  0.454052  0.572156  0.690260  0.866355
  1573.869995  0.205587  0.453436  0.571571  0.689706  0.865709
  1577.430054  0.207109  0.453039  0.571185  0.689331  0.861952
  1580.989990  0.206124  0.452317  0.570492  0.688668  0.864347
  1584.550049  0.204316  0.451987  0.570191  0.688394  0.857459
  1588.109985  0.204804  0.451387  0.569734  0.688082  0.859366
  1591.670044  0.203756  0.451550  0.569896  0.688242  0.856974
  1595.229980  0.204258  0.450927  0.569405  0.687882  0.859160
  1598.790039  0.201667  0.450831  0.569389  0.687947  0.857078
  1602.349976  0.205120  0.450494  0.569167  0.687840  0.856708
  1605.920044  0.203437  0.450223  0.568960  0.687697  0.855267
  1609.479980  0.203074  0.449705  0.568485  0.687265  0.851339
  1613.040039  0.201708  0.448730  0.567530  0.686329  0.852715
  1616.609985  0.201744  0.447635  0.566338  0.685042  0.849202
  1620.170044  0.200413  0.446432  0.565003  0.683575  0.848695
  1623.739990  0.201220  0.444511  0.563092  0.681672  0.843843
  1627.310059  0.199203  0.442876  0.561381  0.679886  0.839042
  1630.869995  0.199539  0.440809  0.559368  0.677926  0.836052
  1634.439941  0.195155  0.439499  0.558100  0.676701  0.836780
  1638.010010  0.198807  0.438212  0.557017  0.675822  0.837077
  1641.579956  0.196158  0.437820  0.556702  0.675584  0.836459
  1645.150024  0.197860  0.437373  0.556311  0.675248  0.836962
  1648.709961  0.195065  0.437038  0.555993  0.674948  0.835955
  1652.290039  0.195150  0.436578  0.555382  0.674186  0.835059
  1655.859985  0.193814  0.434627  0.553412  0.672198  0.834366
  1659.430054  0.193380  0.430895  0.549818  0.668741  0.833212
  1663.000000  0.188460  0.425434  0.544962  0.664491  0.832204
  1666.569946  0.187276  0.418413  0.539195  0.659976  0.823376
  1670.140015  0.184335  0.410680  0.533115  0.655550  0.817880
  1673.719971  0.166299  0.403244  0.527312  0.651380  0.811611
  1677.290039  0.159654  0.397545  0.522485  0.647424  0.806150
  1680.869995  0.153191  0.393754  0.518535  0.643316  0.794117
  1684.439941  0.153473  0.391369  0.514947  0.638525  0.788436
  1688.020020  0.159236  0.389414  0.510984  0.632554  0.780910
  1691.589966  0.164022  0.386864  0.505822  0.624780  0.771640
  1695.170044  0.164050  0.384816  0.500921  0.617026  0.757377
  1698.750000  0.176613  0.382962  0.495383  0.607804  0.758969
  1702.329956  0.179300  0.382213  0.490978  0.599743  0.738673
  1705.910034  0.170987  0.380633  0.485980  0.591326  0.733907
  1709.489990  0.188215  0.378565  0.480775  0.582985  0.714954
  1713.069946  0.177984  0.375232  0.474121  0.573010  0.710188
  1716.650024  0.179311  0.371982  0.467471  0.562961  0.698367
  1720.229980  0.169256  0.367552  0.459612  0.551673  0.677534
