ENVI ASCII Plot File [Sun Apr 06 16:48:35 2025]
Column 1: Wavelength
Column 2: Min: ROI #52~~2##255,0,0
Column 3: Mean-StdDev: ROI #52~~21##0,200,0
Column 4: Mean: ROI #52~~0##0,0,0
Column 5: Mean+StdDev: ROI #52~~21##0,200,0
Column 6: Max: ROI #52~~2##255,0,0
   935.609985  0.247093  0.454934  0.517982  0.581031  0.680995
   939.059998  0.249279  0.457098  0.520442  0.583786  0.686274
   942.520020  0.237604  0.468825  0.545383  0.621940  0.729369
   945.979980  0.239079  0.479271  0.565948  0.652625  0.779230
   949.429993  0.230801  0.485681  0.579919  0.674157  0.822176
   952.890015  0.245521  0.492085  0.589849  0.687613  0.834907
   956.349976  0.240630  0.496643  0.596667  0.696691  0.853105
   959.809998  0.240678  0.500464  0.601648  0.702832  0.854065
   963.270020  0.242752  0.503976  0.606052  0.708128  0.862712
   966.729980  0.237629  0.507235  0.610010  0.712784  0.864175
   970.190002  0.243759  0.510586  0.614067  0.717548  0.872544
   973.650024  0.243166  0.513501  0.617525  0.721548  0.874514
   977.109985  0.249115  0.516464  0.621039  0.725613  0.881672
   980.580017  0.248806  0.519727  0.624716  0.729706  0.885934
   984.039978  0.250860  0.522669  0.628226  0.733783  0.892693
   987.510010  0.252628  0.525523  0.631549  0.737575  0.897175
   990.969971  0.253909  0.528656  0.635170  0.741685  0.903478
   994.429993  0.255030  0.531807  0.638811  0.745815  0.906143
   997.900024  0.257334  0.535141  0.642575  0.750009  0.913502
  1001.369995  0.260210  0.537977  0.645874  0.753770  0.919873
  1004.830017  0.264175  0.541105  0.649435  0.757764  0.923412
  1008.299988  0.265214  0.544170  0.652978  0.761786  0.928681
  1011.770020  0.267101  0.547478  0.656692  0.765907  0.934516
  1015.239990  0.269814  0.550384  0.660056  0.769728  0.940646
  1018.710022  0.270472  0.553271  0.663399  0.773527  0.943983
  1022.179993  0.273140  0.556342  0.666960  0.777579  0.950569
  1025.650024  0.274153  0.559502  0.670522  0.781541  0.955907
  1029.119995  0.277674  0.562451  0.673959  0.785467  0.961187
  1032.589966  0.278952  0.565470  0.677390  0.789309  0.964811
  1036.060059  0.279135  0.568328  0.680666  0.793004  0.970876
  1039.530029  0.281125  0.571235  0.684006  0.796776  0.974422
  1043.000000  0.281416  0.574199  0.687404  0.800610  0.981107
  1046.479980  0.283895  0.577231  0.690828  0.804425  0.986801
  1049.949951  0.286219  0.579986  0.694016  0.808047  0.992217
  1053.430054  0.289805  0.582771  0.697196  0.811620  0.995387
  1056.900024  0.291363  0.585566  0.700380  0.815194  0.999992
  1060.380005  0.291039  0.588289  0.703527  0.818765  1.005382
  1063.849976  0.292889  0.591016  0.706666  0.822315  1.010124
  1067.329956  0.294594  0.593681  0.709745  0.825809  1.014401
  1070.810059  0.297330  0.596273  0.712730  0.829186  1.019127
  1074.290039  0.298089  0.598851  0.715689  0.832527  1.024433
  1077.760010  0.298559  0.601435  0.718656  0.835878  1.029716
  1081.239990  0.301512  0.603999  0.721611  0.839224  1.034772
  1084.719971  0.303789  0.606403  0.724407  0.842412  1.038539
  1088.199951  0.305565  0.608706  0.727061  0.845415  1.042448
  1091.680054  0.307502  0.611005  0.729701  0.848398  1.047190
  1095.170044  0.309390  0.613193  0.732231  0.851268  1.050461
  1098.650024  0.309349  0.615335  0.734679  0.854022  1.053833
  1102.130005  0.311534  0.617212  0.736880  0.856548  1.059062
  1105.609985  0.311796  0.618955  0.738913  0.858871  1.062101
  1109.099976  0.312538  0.620577  0.740802  0.861028  1.062484
  1112.579956  0.314117  0.622159  0.742672  0.863184  1.064442
  1116.069946  0.314731  0.623715  0.744493  0.865272  1.069605
  1119.550049  0.315372  0.625209  0.746238  0.867267  1.074702
  1123.040039  0.314891  0.626438  0.747724  0.869010  1.074654
  1126.520020  0.317376  0.627376  0.748967  0.870558  1.074295
  1130.010010  0.316627  0.627989  0.749824  0.871659  1.075378
  1133.500000  0.315742  0.628227  0.750324  0.872422  1.077064
  1136.989990  0.316519  0.628069  0.750460  0.872851  1.075866
  1140.469971  0.315998  0.628083  0.750726  0.873368  1.076939
  1143.959961  0.315691  0.628392  0.751201  0.874009  1.075847
  1147.449951  0.316194  0.628816  0.751742  0.874667  1.076906
  1150.939941  0.317819  0.629357  0.752267  0.875177  1.077317
  1154.430054  0.318126  0.629794  0.752542  0.875290  1.082403
  1157.930054  0.319455  0.629612  0.752156  0.874700  1.083750
  1161.420044  0.317888  0.629106  0.751428  0.873751  1.080626
  1164.910034  0.316900  0.628205  0.750422  0.872638  1.077834
  1168.400024  0.316846  0.627453  0.749540  0.871628  1.078207
  1171.900024  0.315691  0.626836  0.748824  0.870812  1.077222
  1175.390015  0.317869  0.626265  0.748174  0.870084  1.077806
  1178.890015  0.316112  0.625588  0.747473  0.869358  1.076974
  1182.380005  0.315854  0.625238  0.747088  0.868938  1.075842
  1185.880005  0.315437  0.625160  0.747051  0.868941  1.076512
  1189.369995  0.314938  0.625652  0.747678  0.869703  1.077585
  1192.869995  0.316203  0.626615  0.748904  0.871192  1.077990
  1196.369995  0.318151  0.628004  0.750559  0.873114  1.081866
  1199.869995  0.317947  0.629320  0.752212  0.875104  1.085101
  1203.369995  0.319084  0.630780  0.753954  0.877129  1.084900
  1206.869995  0.318364  0.632273  0.755761  0.879248  1.088449
  1210.369995  0.320881  0.633988  0.757805  0.881623  1.093348
  1213.869995  0.321486  0.636128  0.760257  0.884386  1.100076
  1217.369995  0.323979  0.638738  0.763226  0.887714  1.103200
  1220.869995  0.325707  0.641460  0.766388  0.891316  1.111057
  1224.369995  0.326442  0.644355  0.769682  0.895010  1.112191
  1227.869995  0.327288  0.647047  0.772857  0.898667  1.121832
  1231.380005  0.331734  0.649847  0.776003  0.902159  1.126929
  1234.880005  0.334109  0.652233  0.778793  0.905354  1.133380
  1238.390015  0.334410  0.654599  0.781503  0.908406  1.135920
  1241.890015  0.336631  0.656613  0.783887  0.911160  1.141617
  1245.400024  0.337699  0.658532  0.786136  0.913740  1.142720
  1248.900024  0.338640  0.660170  0.788117  0.916063  1.149249
  1252.410034  0.339320  0.661901  0.790128  0.918355  1.150802
  1255.920044  0.340952  0.663442  0.791953  0.920465  1.154801
  1259.420044  0.341547  0.664848  0.793603  0.922357  1.158746
  1262.930054  0.341367  0.666072  0.795116  0.924160  1.162898
  1266.439941  0.343252  0.667520  0.796755  0.925989  1.162380
  1269.949951  0.345104  0.668571  0.798128  0.927686  1.166838
  1273.459961  0.344414  0.669902  0.799682  0.929461  1.166732
  1276.969971  0.347476  0.671050  0.801138  0.931225  1.173808
  1280.479980  0.346088  0.672391  0.802758  0.933125  1.176711
  1283.989990  0.348458  0.673585  0.804192  0.934799  1.178624
  1287.510010  0.347309  0.674933  0.805765  0.936597  1.182231
  1291.020020  0.348963  0.675994  0.807173  0.938353  1.182418
  1294.530029  0.350272  0.677225  0.808566  0.939908  1.185971
  1298.050049  0.350703  0.678084  0.809690  0.941295  1.187127
  1301.560059  0.351769  0.679012  0.810828  0.942644  1.189606
  1305.079956  0.351937  0.679731  0.811683  0.943635  1.189679
  1308.589966  0.353218  0.680317  0.812423  0.944530  1.197123
  1312.109985  0.352167  0.680636  0.812927  0.945217  1.191610
  1315.619995  0.352564  0.680765  0.813152  0.945538  1.198290
  1319.140015  0.351236  0.680451  0.812965  0.945480  1.195556
  1322.660034  0.351381  0.680054  0.812525  0.944995  1.195589
  1326.180054  0.351225  0.678865  0.811330  0.943795  1.191103
  1329.699951  0.350390  0.677391  0.809744  0.942097  1.192404
  1333.219971  0.349770  0.675149  0.807355  0.939561  1.186017
  1336.739990  0.346448  0.672349  0.804330  0.936311  1.183307
  1340.260010  0.344734  0.669346  0.801014  0.932683  1.175368
  1343.780029  0.340710  0.665913  0.797188  0.928463  1.172339
  1347.300049  0.338702  0.661907  0.792790  0.923674  1.163694
  1350.819946  0.336902  0.657790  0.788214  0.918637  1.156974
  1354.349976  0.331238  0.653978  0.783876  0.913774  1.148824
  1357.869995  0.330047  0.650465  0.779908  0.909352  1.145069
  1361.390015  0.326714  0.647006  0.776041  0.905076  1.135405
  1364.920044  0.326041  0.643684  0.772384  0.901084  1.134906
  1368.439941  0.322014  0.640473  0.768937  0.897401  1.124638
  1371.969971  0.322807  0.637582  0.765860  0.894137  1.118425
  1375.500000  0.319008  0.635129  0.763296  0.891462  1.116704
  1379.020020  0.318054  0.633161  0.760949  0.888737  1.112889
  1382.550049  0.314678  0.630722  0.758169  0.885617  1.107362
  1386.079956  0.315104  0.627551  0.754867  0.882183  1.102206
  1389.609985  0.309382  0.623480  0.750507  0.877534  1.094803
  1393.140015  0.311136  0.619288  0.745596  0.871904  1.087359
  1396.670044  0.305564  0.614077  0.739776  0.865474  1.077740
  1400.199951  0.302315  0.608294  0.733156  0.858019  1.066800
  1403.729980  0.294655  0.601026  0.724993  0.848961  1.054773
  1407.260010  0.287982  0.592690  0.715577  0.838464  1.041495
  1410.790039  0.284517  0.583202  0.704845  0.826488  1.027838
  1414.319946  0.273674  0.572883  0.693155  0.813426  1.004941
  1417.859985  0.263440  0.562111  0.680865  0.799620  0.988158
  1421.390015  0.253378  0.551302  0.668372  0.785442  0.964959
  1424.920044  0.250188  0.540331  0.655925  0.771518  0.948072
  1428.459961  0.240056  0.530721  0.644737  0.758753  0.931401
  1431.989990  0.237623  0.521750  0.634480  0.747209  0.917296
  1435.530029  0.229778  0.514230  0.625790  0.737350  0.901418
  1439.069946  0.226066  0.507803  0.618433  0.729064  0.893308
  1442.599976  0.219686  0.502664  0.612494  0.722325  0.883100
  1446.140015  0.217900  0.498609  0.607861  0.717114  0.876012
  1449.680054  0.211742  0.495363  0.604223  0.713083  0.871176
  1453.219971  0.211633  0.492678  0.601177  0.709675  0.866741
  1456.760010  0.210930  0.490801  0.599068  0.707334  0.864065
  1460.300049  0.210110  0.489008  0.597152  0.705295  0.860978
  1463.839966  0.208608  0.487980  0.596101  0.704223  0.861148
  1467.380005  0.207935  0.487264  0.595384  0.703505  0.861024
  1470.920044  0.206510  0.486928  0.595113  0.703297  0.859358
  1474.459961  0.207146  0.486573  0.594842  0.703112  0.856984
  1478.010010  0.206612  0.486859  0.595319  0.703779  0.862199
  1481.550049  0.206688  0.487052  0.595650  0.704249  0.860040
  1485.089966  0.206869  0.487380  0.596141  0.704901  0.863815
  1488.640015  0.206525  0.487643  0.596606  0.705569  0.864995
  1492.180054  0.208015  0.488126  0.597317  0.706509  0.866059
  1495.729980  0.204911  0.488738  0.598124  0.707509  0.867438
  1499.270020  0.207803  0.489711  0.599336  0.708960  0.871946
  1502.819946  0.207386  0.490542  0.600470  0.710398  0.870880
  1506.369995  0.209461  0.491466  0.601718  0.711971  0.873523
  1509.910034  0.207326  0.492423  0.602917  0.713410  0.874356
  1513.459961  0.207540  0.493364  0.604204  0.715043  0.879324
  1517.010010  0.206246  0.494080  0.605199  0.716319  0.882994
  1520.560059  0.207103  0.494731  0.606188  0.717645  0.884756
  1524.109985  0.206583  0.495188  0.606841  0.718495  0.883166
  1527.660034  0.207388  0.495562  0.607394  0.719226  0.884151
  1531.209961  0.206382  0.495471  0.607517  0.719564  0.885137
  1534.760010  0.207785  0.495639  0.607769  0.719900  0.889727
  1538.319946  0.205412  0.495327  0.607546  0.719765  0.887481
  1541.869995  0.207595  0.494950  0.607203  0.719456  0.888172
  1545.420044  0.203826  0.494336  0.606660  0.718985  0.887538
  1548.979980  0.205587  0.493737  0.606073  0.718410  0.885954
  1552.530029  0.203162  0.492788  0.605158  0.717528  0.885462
  1556.089966  0.203508  0.491906  0.604295  0.716684  0.881789
  1559.640015  0.202161  0.490784  0.603162  0.715540  0.883891
  1563.199951  0.199610  0.489793  0.602108  0.714423  0.881534
  1566.750000  0.199363  0.488704  0.600994  0.713283  0.879378
  1570.310059  0.197412  0.487774  0.600035  0.712297  0.878538
  1573.869995  0.198672  0.486894  0.599198  0.711502  0.878138
  1577.430054  0.195186  0.486343  0.598620  0.710897  0.877427
  1580.989990  0.196956  0.485580  0.597932  0.710284  0.877909
  1584.550049  0.194292  0.485199  0.597539  0.709878  0.878213
  1588.109985  0.196767  0.484302  0.596736  0.709169  0.874338
  1591.670044  0.192731  0.484273  0.596683  0.709092  0.874905
  1595.229980  0.192454  0.483700  0.596217  0.708734  0.873561
  1598.790039  0.189896  0.483326  0.595894  0.708461  0.873339
  1602.349976  0.192843  0.482790  0.595491  0.708191  0.874277
  1605.920044  0.192518  0.482359  0.595003  0.707646  0.873066
  1609.479980  0.192772  0.481656  0.594431  0.707206  0.872485
  1613.040039  0.189377  0.480716  0.593472  0.706228  0.873654
  1616.609985  0.190780  0.479406  0.592176  0.704945  0.872982
  1620.170044  0.186887  0.478164  0.590872  0.703581  0.866660
  1623.739990  0.187626  0.476365  0.589083  0.701800  0.864457
  1627.310059  0.186919  0.474641  0.587334  0.700027  0.860244
  1630.869995  0.185932  0.472649  0.585366  0.698083  0.856341
  1634.439941  0.182317  0.471263  0.583998  0.696733  0.852456
  1638.010010  0.184290  0.469876  0.582641  0.695407  0.853354
  1641.579956  0.184359  0.469145  0.581965  0.694786  0.851818
  1645.150024  0.183068  0.468453  0.581278  0.694102  0.852122
  1648.709961  0.180649  0.467641  0.580420  0.693200  0.850816
  1652.290039  0.178845  0.466743  0.579350  0.691957  0.850922
  1655.859985  0.180772  0.464598  0.577154  0.689709  0.845798
  1659.430054  0.177399  0.461562  0.574116  0.686669  0.840832
  1663.000000  0.175342  0.457605  0.570275  0.682945  0.831120
  1666.569946  0.172764  0.453139  0.565773  0.678407  0.823789
  1670.140015  0.171553  0.448499  0.561204  0.673909  0.817339
  1673.719971  0.167375  0.444084  0.556727  0.669371  0.809946
  1677.290039  0.170059  0.440574  0.553064  0.665553  0.806059
  1680.869995  0.167618  0.437896  0.549895  0.661893  0.800786
  1684.439941  0.167950  0.435337  0.546581  0.657824  0.796063
  1688.020020  0.164024  0.432304  0.542333  0.652362  0.786466
  1691.589966  0.169959  0.428606  0.537062  0.645517  0.776143
  1695.170044  0.165558  0.425413  0.531994  0.638576  0.767280
  1698.750000  0.169460  0.421458  0.525886  0.630314  0.764541
  1702.329956  0.163612  0.418719  0.520630  0.622541  0.752899
  1705.910034  0.170096  0.415481  0.515214  0.614947  0.741310
  1709.489990  0.172029  0.412699  0.509643  0.606587  0.741314
  1713.069946  0.183112  0.408475  0.502933  0.597390  0.721584
  1716.650024  0.181546  0.404135  0.495110  0.586085  0.712297
  1720.229980  0.178886  0.398649  0.486680  0.574710  0.692590
