ENVI ASCII Plot File [Sun Apr 06 16:02:36 2025]
Column 1: Wavelength
Column 2: Min: ROI #4~~2##255,0,0
Column 3: Mean-StdDev: ROI #4~~21##0,200,0
Column 4: Mean: ROI #4~~0##0,0,0
Column 5: Mean+StdDev: ROI #4~~21##0,200,0
Column 6: Max: ROI #4~~2##255,0,0
   935.609985  0.171797  0.392247  0.465145  0.538042  0.654099
   939.059998  0.175486  0.394388  0.467608  0.540827  0.655068
   942.520020  0.192402  0.404632  0.491708  0.578784  0.705606
   945.979980  0.170302  0.411334  0.510518  0.609701  0.734683
   949.429993  0.173819  0.416622  0.523728  0.630835  0.777823
   952.890015  0.167765  0.422840  0.534164  0.645487  0.791951
   956.349976  0.170304  0.427736  0.541519  0.655302  0.803340
   959.809998  0.175878  0.432049  0.547159  0.662269  0.813624
   963.270020  0.175797  0.435754  0.551995  0.668235  0.824626
   966.729980  0.178510  0.439152  0.556364  0.673576  0.830183
   970.190002  0.181474  0.442906  0.561010  0.679114  0.837436
   973.650024  0.180592  0.446037  0.564918  0.683800  0.843660
   977.109985  0.184025  0.449207  0.568814  0.688421  0.850275
   980.580017  0.183282  0.452559  0.572917  0.693276  0.857462
   984.039978  0.186474  0.455890  0.576990  0.698089  0.862043
   987.510010  0.187351  0.459006  0.580773  0.702540  0.867994
   990.969971  0.190883  0.462333  0.584823  0.707313  0.873211
   994.429993  0.193021  0.465680  0.588849  0.712018  0.879755
   997.900024  0.193162  0.469131  0.592985  0.716838  0.884713
  1001.369995  0.195612  0.472184  0.596768  0.721353  0.889412
  1004.830017  0.197202  0.475463  0.600709  0.725955  0.896430
  1008.299988  0.197999  0.478769  0.604695  0.730622  0.900912
  1011.770020  0.201187  0.482273  0.608885  0.735497  0.908258
  1015.239990  0.203045  0.485443  0.612748  0.740054  0.912679
  1018.710022  0.202543  0.488608  0.616536  0.744463  0.920012
  1022.179993  0.206680  0.491926  0.620515  0.749105  0.924432
  1025.650024  0.208703  0.495266  0.624520  0.753775  0.931326
  1029.119995  0.209612  0.498369  0.628324  0.758279  0.936505
  1032.589966  0.209585  0.501721  0.632328  0.762934  0.944215
  1036.060059  0.212220  0.504810  0.636018  0.767225  0.948091
  1039.530029  0.213825  0.507837  0.639748  0.771659  0.953036
  1043.000000  0.217023  0.511107  0.643676  0.776245  0.959052
  1046.479980  0.219895  0.514413  0.647584  0.780755  0.965443
  1049.949951  0.221954  0.517392  0.651213  0.785034  0.970869
  1053.430054  0.222752  0.520350  0.654789  0.789228  0.975280
  1056.900024  0.223419  0.523421  0.658475  0.793529  0.980904
  1060.380005  0.223718  0.526414  0.662100  0.797785  0.987316
  1063.849976  0.226092  0.529330  0.665658  0.801986  0.993191
  1067.329956  0.228698  0.532256  0.669193  0.806129  0.998247
  1070.810059  0.230189  0.535169  0.672672  0.810174  1.003429
  1074.290039  0.232754  0.538074  0.676197  0.814319  1.008513
  1077.760010  0.234575  0.540842  0.679585  0.818328  1.014045
  1081.239990  0.236033  0.543693  0.683004  0.822316  1.019133
  1084.719971  0.236638  0.546465  0.686339  0.826213  1.024042
  1088.199951  0.237641  0.549025  0.689435  0.829845  1.027876
  1091.680054  0.240195  0.551475  0.692445  0.833415  1.031465
  1095.170044  0.241651  0.553947  0.695479  0.837011  1.034575
  1098.650024  0.242827  0.556389  0.698412  0.840435  1.039172
  1102.130005  0.244492  0.558623  0.701123  0.843624  1.044815
  1105.609985  0.245141  0.560741  0.703711  0.846682  1.048328
  1109.099976  0.246322  0.562724  0.706123  0.849521  1.050156
  1112.579956  0.247290  0.564723  0.708587  0.852450  1.050584
  1116.069946  0.246680  0.566545  0.710872  0.855198  1.052119
  1119.550049  0.246568  0.568356  0.713053  0.857750  1.054245
  1123.040039  0.249283  0.569860  0.714906  0.859953  1.053126
  1126.520020  0.249423  0.571044  0.716370  0.861696  1.046301
  1130.010010  0.247893  0.571602  0.717146  0.862690  1.034480
  1133.500000  0.245982  0.571530  0.717276  0.863021  1.029580
  1136.989990  0.245842  0.570910  0.716950  0.862989  1.031196
  1140.469971  0.243386  0.570432  0.716839  0.863247  1.032220
  1143.959961  0.244600  0.570531  0.717270  0.864009  1.035349
  1147.449951  0.243725  0.571545  0.718522  0.865499  1.035184
  1150.939941  0.245001  0.573301  0.720365  0.867430  1.036676
  1154.430054  0.245086  0.575144  0.722191  0.869238  1.034998
  1157.930054  0.247869  0.576210  0.723312  0.870414  1.036123
  1161.420044  0.248287  0.576778  0.723809  0.870840  1.047548
  1164.910034  0.250357  0.576595  0.723659  0.870722  1.056427
  1168.400024  0.252182  0.576541  0.723526  0.870512  1.063318
  1171.900024  0.251328  0.576391  0.723369  0.870346  1.064748
  1175.390015  0.250305  0.576161  0.723145  0.870129  1.065431
  1178.890015  0.248732  0.575839  0.722768  0.869697  1.063377
  1182.380005  0.247805  0.575586  0.722463  0.869340  1.062221
  1185.880005  0.247109  0.575473  0.722377  0.869281  1.061735
  1189.369995  0.247863  0.575864  0.722935  0.870005  1.059426
  1192.869995  0.247539  0.576683  0.724011  0.871339  1.056035
  1196.369995  0.247930  0.577862  0.725487  0.873112  1.057630
  1199.869995  0.245083  0.579013  0.727028  0.875042  1.054130
  1203.369995  0.248642  0.580410  0.728803  0.877195  1.054467
  1206.869995  0.249037  0.581886  0.730678  0.879471  1.055386
  1210.369995  0.249073  0.583648  0.732849  0.882050  1.061055
  1213.869995  0.248514  0.585997  0.735737  0.885477  1.065753
  1217.369995  0.250840  0.589031  0.739392  0.889753  1.076602
  1220.869995  0.251045  0.592102  0.743254  0.894405  1.084146
  1224.369995  0.254337  0.595372  0.747225  0.899078  1.096678
  1227.869995  0.254212  0.598612  0.751185  0.903759  1.103932
  1231.380005  0.257563  0.601754  0.754972  0.908189  1.112904
  1234.880005  0.259771  0.604603  0.758439  0.912275  1.120398
  1238.390015  0.261502  0.607209  0.761621  0.916032  1.127495
  1241.890015  0.261728  0.609588  0.764517  0.919447  1.133749
  1245.400024  0.262948  0.611738  0.767132  0.922527  1.138840
  1248.900024  0.263107  0.613824  0.769750  0.925676  1.145249
  1252.410034  0.265083  0.615952  0.772291  0.928631  1.148024
  1255.920044  0.261208  0.617654  0.774463  0.931272  1.153684
  1259.420044  0.266907  0.619337  0.776527  0.933717  1.159049
  1262.930054  0.264438  0.620873  0.778514  0.936155  1.161571
  1266.439941  0.265231  0.622471  0.780480  0.938489  1.161499
  1269.949951  0.266720  0.623948  0.782354  0.940760  1.169589
  1273.459961  0.267787  0.625535  0.784305  0.943075  1.171438
  1276.969971  0.268918  0.626940  0.786127  0.945313  1.174916
  1280.479980  0.269393  0.628602  0.788166  0.947731  1.176772
  1283.989990  0.268890  0.629930  0.789957  0.949985  1.180593
  1287.510010  0.267113  0.631460  0.791806  0.952152  1.184594
  1291.020020  0.270154  0.632762  0.793528  0.954294  1.186223
  1294.530029  0.270991  0.634228  0.795274  0.956320  1.187529
  1298.050049  0.270865  0.635167  0.796650  0.958133  1.191126
  1301.560059  0.271609  0.636376  0.798080  0.959783  1.191337
  1305.079956  0.269513  0.637444  0.799483  0.961521  1.195156
  1308.589966  0.268297  0.638257  0.800525  0.962792  1.198502
  1312.109985  0.268642  0.638825  0.801356  0.963886  1.196188
  1315.619995  0.267509  0.639223  0.801917  0.964611  1.200160
  1319.140015  0.268329  0.639097  0.801952  0.964807  1.198908
  1322.660034  0.267501  0.639081  0.801849  0.964616  1.195565
  1326.180054  0.267749  0.638288  0.801061  0.963835  1.196094
  1329.699951  0.267456  0.637196  0.799827  0.962458  1.194396
  1333.219971  0.263177  0.635201  0.797622  0.960043  1.190216
  1336.739990  0.261283  0.633066  0.795125  0.957183  1.189443
  1340.260010  0.261864  0.630317  0.792037  0.953757  1.185064
  1343.780029  0.258483  0.627243  0.788403  0.949563  1.175199
  1347.300049  0.255189  0.623424  0.783944  0.944464  1.168307
  1350.819946  0.255255  0.619621  0.779414  0.939207  1.162226
  1354.349976  0.253320  0.615795  0.774942  0.934089  1.155145
  1357.869995  0.250637  0.612277  0.770712  0.929147  1.150183
  1361.390015  0.249616  0.608845  0.766666  0.924488  1.145920
  1364.920044  0.244953  0.605585  0.762930  0.920275  1.140781
  1368.439941  0.243645  0.602287  0.759182  0.916077  1.130689
  1371.969971  0.236297  0.599458  0.755967  0.912476  1.121865
  1375.500000  0.238164  0.596857  0.753079  0.909301  1.113016
  1379.020020  0.237797  0.594707  0.750381  0.906055  1.106825
  1382.550049  0.234183  0.592269  0.747464  0.902658  1.103416
  1386.079956  0.233660  0.589118  0.743927  0.898736  1.098673
  1389.609985  0.230407  0.585405  0.739654  0.893903  1.089863
  1393.140015  0.228067  0.581361  0.734707  0.888054  1.081731
  1396.670044  0.223276  0.576265  0.728784  0.881302  1.071900
  1400.199951  0.222812  0.570591  0.721924  0.873257  1.061708
  1403.729980  0.216607  0.563372  0.713340  0.863308  1.046800
  1407.260010  0.212832  0.554697  0.703010  0.851323  1.030015
  1410.790039  0.206439  0.544897  0.691347  0.837796  1.010117
  1414.319946  0.200977  0.534480  0.678891  0.823302  0.995143
  1417.859985  0.192163  0.523374  0.665647  0.807921  0.977211
  1421.390015  0.190672  0.512303  0.652316  0.792329  0.960182
  1424.920044  0.181043  0.501297  0.639122  0.776948  0.941772
  1428.459961  0.175935  0.491408  0.627152  0.762896  0.925138
  1431.989990  0.171755  0.482266  0.616132  0.749998  0.909684
  1435.530029  0.170376  0.474536  0.606752  0.738968  0.895290
  1439.069946  0.164057  0.467926  0.598808  0.729691  0.885724
  1442.599976  0.161375  0.462500  0.592373  0.722246  0.876559
  1446.140015  0.160063  0.458371  0.587396  0.716422  0.869015
  1449.680054  0.157968  0.455073  0.583466  0.711859  0.865635
  1453.219971  0.157278  0.452582  0.580487  0.708392  0.862526
  1456.760010  0.156215  0.450734  0.578245  0.705757  0.858049
  1460.300049  0.155093  0.448950  0.576288  0.703627  0.860508
  1463.839966  0.152281  0.447996  0.575242  0.702488  0.856861
  1467.380005  0.152117  0.447331  0.574559  0.701787  0.856404
  1470.920044  0.151496  0.447241  0.574529  0.701818  0.854167
  1474.459961  0.152096  0.447010  0.574471  0.701932  0.860169
  1478.010010  0.149500  0.447459  0.575102  0.702745  0.859379
  1481.550049  0.154341  0.447701  0.575547  0.703394  0.863842
  1485.089966  0.152007  0.448133  0.576269  0.704405  0.865920
  1488.640015  0.152903  0.448511  0.576882  0.705253  0.866486
  1492.180054  0.151053  0.449375  0.577976  0.706577  0.866178
  1495.729980  0.153408  0.449961  0.578977  0.707993  0.871653
  1499.270020  0.149577  0.451184  0.580513  0.709842  0.871376
  1502.819946  0.152232  0.452166  0.581840  0.711514  0.873328
  1506.369995  0.151344  0.453225  0.583303  0.713381  0.878112
  1509.910034  0.150878  0.454372  0.584776  0.715181  0.880457
  1513.459961  0.148836  0.455523  0.586317  0.717111  0.881271
  1517.010010  0.153554  0.456443  0.587666  0.718890  0.886305
  1520.560059  0.148863  0.457244  0.588843  0.720442  0.890500
  1524.109985  0.156473  0.457951  0.589843  0.721735  0.892539
  1527.660034  0.149121  0.458517  0.590609  0.722701  0.890741
  1531.209961  0.150343  0.458433  0.590900  0.723368  0.890895
  1534.760010  0.150402  0.458918  0.591405  0.723891  0.896056
  1538.319946  0.149574  0.458748  0.591382  0.724015  0.898088
  1541.869995  0.149390  0.458623  0.591308  0.723993  0.895408
  1545.420044  0.149706  0.458011  0.590751  0.723491  0.895381
  1548.979980  0.147906  0.457372  0.590126  0.722880  0.895847
  1552.530029  0.147090  0.456641  0.589305  0.721970  0.896469
  1556.089966  0.144273  0.455728  0.588415  0.721102  0.893032
  1559.640015  0.146768  0.454673  0.587300  0.719927  0.889481
  1563.199951  0.143938  0.453852  0.586461  0.719069  0.894141
  1566.750000  0.142692  0.452778  0.585305  0.717833  0.890643
  1570.310059  0.141162  0.451886  0.584414  0.716942  0.891553
  1573.869995  0.142634  0.451177  0.583682  0.716188  0.888718
  1577.430054  0.141793  0.450933  0.583369  0.715805  0.887139
  1580.989990  0.140407  0.450215  0.582685  0.715155  0.885184
  1584.550049  0.138308  0.449841  0.582294  0.714747  0.885490
  1588.109985  0.140884  0.449298  0.581882  0.714466  0.879485
  1591.670044  0.139235  0.449461  0.582039  0.714617  0.882135
  1595.229980  0.137934  0.448876  0.581612  0.714348  0.877856
  1598.790039  0.140239  0.448786  0.581575  0.714363  0.878739
  1602.349976  0.137597  0.448616  0.581392  0.714168  0.877579
  1605.920044  0.138529  0.448276  0.581136  0.713996  0.876622
  1609.479980  0.138452  0.447749  0.580640  0.713531  0.871975
  1613.040039  0.136081  0.446877  0.579682  0.712487  0.867608
  1616.609985  0.132771  0.445646  0.578235  0.710823  0.859346
  1620.170044  0.132956  0.444247  0.576589  0.708931  0.858099
  1623.739990  0.131201  0.442186  0.574282  0.706379  0.857240
  1627.310059  0.127288  0.440123  0.572001  0.703879  0.856490
  1630.869995  0.126054  0.437647  0.569421  0.701194  0.853470
  1634.439941  0.126477  0.435901  0.567692  0.699484  0.849913
  1638.010010  0.125042  0.434388  0.566268  0.698149  0.854255
  1641.579956  0.122024  0.433811  0.565822  0.697834  0.852948
  1645.150024  0.117270  0.433487  0.565493  0.697498  0.852465
  1648.709961  0.119332  0.433222  0.565262  0.697303  0.848992
  1652.290039  0.115534  0.432937  0.564816  0.696696  0.850224
  1655.859985  0.114396  0.430520  0.562277  0.694034  0.846046
  1659.430054  0.105886  0.425459  0.557450  0.689441  0.845858
  1663.000000  0.096856  0.417496  0.550844  0.684193  0.838593
  1666.569946  0.084191  0.407520  0.543297  0.679073  0.834665
  1670.140015  0.073118  0.396240  0.535450  0.674660  0.829367
  1673.719971  0.064706  0.386051  0.528437  0.670824  0.826008
  1677.290039  0.059405  0.378815  0.522945  0.667074  0.817757
  1680.869995  0.061634  0.374683  0.518834  0.662985  0.815148
  1684.439941  0.062593  0.372801  0.515359  0.657917  0.809941
  1688.020020  0.064912  0.371714  0.511424  0.651134  0.803572
  1691.589966  0.070642  0.370481  0.506695  0.642909  0.793664
  1695.170044  0.076877  0.370091  0.502243  0.634394  0.781073
  1698.750000  0.085173  0.370478  0.497739  0.625000  0.766235
  1702.329956  0.096901  0.372088  0.494305  0.616521  0.757873
  1705.910034  0.095329  0.372248  0.490017  0.607786  0.740529
  1709.489990  0.109144  0.371119  0.485217  0.599315  0.737739
  1713.069946  0.118274  0.368198  0.478485  0.588773  0.730316
  1716.650024  0.126808  0.365396  0.471777  0.578157  0.713783
  1720.229980  0.125048  0.361449  0.464030  0.566611  0.697127
