ENVI ASCII Plot File [Sun Apr 06 17:31:50 2025]
Column 1: Wavelength
Column 2: Min: ROI #86~~2##255,0,0
Column 3: Mean-StdDev: ROI #86~~21##0,200,0
Column 4: Mean: ROI #86~~0##0,0,0
Column 5: Mean+StdDev: ROI #86~~21##0,200,0
Column 6: Max: ROI #86~~2##255,0,0
   935.609985  0.263401  0.425887  0.497261  0.568635  0.708098
   939.059998  0.256184  0.427784  0.499586  0.571388  0.709073
   942.520020  0.239885  0.436453  0.522769  0.609085  0.755571
   945.979980  0.241071  0.443223  0.541681  0.640139  0.779940
   949.429993  0.225993  0.448629  0.555333  0.662038  0.817413
   952.890015  0.228096  0.454531  0.565253  0.675976  0.830594
   956.349976  0.228481  0.459197  0.572375  0.685552  0.849606
   959.809998  0.231193  0.463208  0.577547  0.691887  0.854090
   963.270020  0.232292  0.466716  0.582160  0.697604  0.868226
   966.729980  0.234857  0.470053  0.586336  0.702619  0.872384
   970.190002  0.235858  0.473555  0.590744  0.707934  0.881040
   973.650024  0.236887  0.476505  0.594286  0.712067  0.882904
   977.109985  0.241479  0.479561  0.598039  0.716516  0.894218
   980.580017  0.242355  0.482983  0.601986  0.720990  0.895646
   984.039978  0.242074  0.486005  0.605714  0.725422  0.903538
   987.510010  0.243102  0.488978  0.609281  0.729584  0.905681
   990.969971  0.246662  0.492167  0.613099  0.734030  0.913457
   994.429993  0.247728  0.495293  0.616863  0.738432  0.918292
   997.900024  0.251896  0.498697  0.620805  0.742912  0.926461
  1001.369995  0.252686  0.501553  0.624298  0.747043  0.928984
  1004.830017  0.255448  0.504702  0.628004  0.751306  0.933651
  1008.299988  0.255131  0.507793  0.631697  0.755601  0.940481
  1011.770020  0.257212  0.511210  0.635653  0.760095  0.946078
  1015.239990  0.257217  0.514222  0.639271  0.764319  0.948961
  1018.710022  0.261089  0.517248  0.642853  0.768457  0.954217
  1022.179993  0.264412  0.520376  0.646605  0.772834  0.960702
  1025.650024  0.266154  0.523541  0.650336  0.777131  0.965953
  1029.119995  0.264976  0.526543  0.653926  0.781310  0.970796
  1032.589966  0.266351  0.529644  0.657579  0.785514  0.977232
  1036.060059  0.268755  0.532548  0.661024  0.789499  0.980555
  1039.530029  0.272151  0.535532  0.664547  0.793563  0.985000
  1043.000000  0.273601  0.538612  0.668196  0.797779  0.991290
  1046.479980  0.275499  0.541690  0.671808  0.801926  0.996180
  1049.949951  0.277383  0.544557  0.675247  0.805936  1.003029
  1053.430054  0.279349  0.547445  0.678648  0.809851  1.007070
  1056.900024  0.280703  0.550323  0.682090  0.813858  1.011904
  1060.380005  0.283401  0.553152  0.685444  0.817737  1.016875
  1063.849976  0.286051  0.555966  0.688789  0.821612  1.023181
  1067.329956  0.286034  0.558716  0.692103  0.825489  1.028465
  1070.810059  0.287576  0.561449  0.695302  0.829154  1.032715
  1074.290039  0.290273  0.564168  0.698537  0.832907  1.037111
  1077.760010  0.293877  0.566800  0.701720  0.836640  1.041615
  1081.239990  0.294197  0.569489  0.704915  0.840341  1.046017
  1084.719971  0.294369  0.572095  0.708019  0.843943  1.050685
  1088.199951  0.296610  0.574485  0.710894  0.847303  1.054717
  1091.680054  0.297666  0.576851  0.713707  0.850564  1.058057
  1095.170044  0.298490  0.579145  0.716489  0.853834  1.060837
  1098.650024  0.299888  0.581437  0.719212  0.856988  1.064699
  1102.130005  0.301828  0.583490  0.721682  0.859874  1.068843
  1105.609985  0.303024  0.585345  0.723953  0.862562  1.071327
  1109.099976  0.305583  0.587129  0.726120  0.865110  1.072964
  1112.579956  0.306135  0.588938  0.728332  0.867726  1.073196
  1116.069946  0.307891  0.590661  0.730431  0.870201  1.073461
  1119.550049  0.305093  0.592336  0.732440  0.872544  1.071935
  1123.040039  0.304358  0.593692  0.734085  0.874477  1.069680
  1126.520020  0.305963  0.594650  0.735324  0.875998  1.061561
  1130.010010  0.306056  0.595040  0.735938  0.876837  1.053710
  1133.500000  0.304356  0.594960  0.736032  0.877103  1.054762
  1136.989990  0.301769  0.594438  0.735763  0.877089  1.056043
  1140.469971  0.301629  0.594102  0.735696  0.877290  1.057156
  1143.959961  0.302821  0.594323  0.736192  0.878061  1.059553
  1147.449951  0.303546  0.595249  0.737390  0.879532  1.061249
  1150.939941  0.303199  0.596904  0.739154  0.881404  1.061798
  1154.430054  0.306989  0.598693  0.740909  0.883126  1.063265
  1157.930054  0.306813  0.599789  0.742051  0.884313  1.064340
  1161.420044  0.308971  0.600349  0.742592  0.884835  1.065606
  1164.910034  0.307564  0.600346  0.742613  0.884881  1.070965
  1168.400024  0.310986  0.600288  0.742555  0.884822  1.077853
  1171.900024  0.311763  0.600267  0.742527  0.884787  1.079634
  1175.390015  0.311538  0.600311  0.742583  0.884855  1.083046
  1178.890015  0.310880  0.600186  0.742512  0.884838  1.081874
  1182.380005  0.311173  0.600236  0.742592  0.884948  1.077881
  1185.880005  0.310350  0.600637  0.743095  0.885554  1.076885
  1189.369995  0.312831  0.601462  0.744159  0.886856  1.077452
  1192.869995  0.312064  0.602537  0.745616  0.888695  1.073734
  1196.369995  0.312987  0.604076  0.747493  0.890909  1.073084
  1199.869995  0.313423  0.605542  0.749391  0.893240  1.071924
  1203.369995  0.314599  0.607296  0.751511  0.895726  1.072071
  1206.869995  0.310605  0.608992  0.753597  0.898201  1.074763
  1210.369995  0.315040  0.610841  0.755824  0.900807  1.078323
  1213.869995  0.317420  0.613080  0.758551  0.904023  1.084732
  1217.369995  0.318421  0.615898  0.761858  0.907818  1.092097
  1220.869995  0.320007  0.618567  0.765181  0.911795  1.103971
  1224.369995  0.320954  0.621490  0.768588  0.915686  1.111216
  1227.869995  0.323664  0.624171  0.771914  0.919658  1.122575
  1231.380005  0.325087  0.627015  0.775239  0.923463  1.130925
  1234.880005  0.326934  0.629446  0.778192  0.926938  1.138727
  1238.390015  0.330629  0.631803  0.781007  0.930212  1.142599
  1241.890015  0.328861  0.633792  0.783481  0.933171  1.147900
  1245.400024  0.329870  0.635766  0.785868  0.935970  1.155600
  1248.900024  0.331516  0.637625  0.788173  0.938721  1.160351
  1252.410034  0.333920  0.639493  0.790363  0.941233  1.161556
  1255.920044  0.335494  0.641059  0.792309  0.943560  1.167357
  1259.420044  0.336959  0.642564  0.794187  0.945810  1.171705
  1262.930054  0.337303  0.643997  0.796024  0.948051  1.171083
  1266.439941  0.335075  0.645458  0.797718  0.949978  1.173544
  1269.949951  0.339437  0.646748  0.799377  0.952006  1.177476
  1273.459961  0.340063  0.648155  0.801087  0.954019  1.178814
  1276.969971  0.342248  0.649346  0.802643  0.955939  1.184229
  1280.479980  0.339895  0.650844  0.804488  0.958133  1.187594
  1283.989990  0.339889  0.652040  0.806073  0.960106  1.187131
  1287.510010  0.340728  0.653437  0.807773  0.962110  1.189088
  1291.020020  0.343451  0.654632  0.809317  0.964003  1.192403
  1294.530029  0.344774  0.655882  0.810856  0.965831  1.196600
  1298.050049  0.345119  0.656802  0.812114  0.967425  1.196625
  1301.560059  0.345258  0.657887  0.813456  0.969024  1.194477
  1305.079956  0.346706  0.658862  0.814675  0.970488  1.198792
  1308.589966  0.343323  0.659596  0.815636  0.971676  1.202647
  1312.109985  0.343982  0.660160  0.816398  0.972636  1.199901
  1315.619995  0.344024  0.660468  0.816870  0.973272  1.203848
  1319.140015  0.346537  0.660375  0.816911  0.973447  1.201524
  1322.660034  0.345703  0.660247  0.816775  0.973303  1.200816
  1326.180054  0.345469  0.659407  0.815947  0.972487  1.195748
  1329.699951  0.342756  0.658212  0.814573  0.970935  1.195487
  1333.219971  0.341207  0.656147  0.812321  0.968496  1.192677
  1336.739990  0.340579  0.653785  0.809666  0.965547  1.189765
  1340.260010  0.338914  0.650897  0.806451  0.962005  1.182965
  1343.780029  0.338101  0.647867  0.802917  0.957968  1.177826
  1347.300049  0.336111  0.644261  0.798756  0.953252  1.170715
  1350.819946  0.335546  0.640608  0.794523  0.948437  1.163051
  1354.349976  0.328029  0.636976  0.790332  0.943689  1.159373
  1357.869995  0.328558  0.633702  0.786534  0.939367  1.154560
  1361.390015  0.325751  0.630561  0.782881  0.935200  1.144520
  1364.920044  0.324740  0.627630  0.779590  0.931551  1.143836
  1368.439941  0.319461  0.624725  0.776340  0.927955  1.139163
  1371.969971  0.319336  0.622323  0.773656  0.924989  1.132024
  1375.500000  0.317434  0.620042  0.771286  0.922531  1.122586
  1379.020020  0.319176  0.618204  0.768938  0.919671  1.120357
  1382.550049  0.313746  0.615891  0.766319  0.916748  1.111739
  1386.079956  0.315094  0.613086  0.763299  0.913513  1.107816
  1389.609985  0.312483  0.609679  0.759486  0.909293  1.104723
  1393.140015  0.311152  0.605853  0.754833  0.903813  1.095177
  1396.670044  0.307524  0.600849  0.749134  0.897418  1.082978
  1400.199951  0.304531  0.595451  0.742703  0.889956  1.075321
  1403.729980  0.300473  0.588506  0.734625  0.880745  1.063725
  1407.260010  0.294416  0.580330  0.725076  0.869822  1.046341
  1410.790039  0.290202  0.571300  0.714571  0.857842  1.033840
  1414.319946  0.284327  0.561510  0.703148  0.844786  1.017563
  1417.859985  0.275785  0.551274  0.691183  0.831093  1.004597
  1421.390015  0.269932  0.541157  0.679122  0.817087  0.989242
  1424.920044  0.263916  0.530860  0.667038  0.803216  0.975026
  1428.459961  0.257026  0.521588  0.655949  0.790310  0.955554
  1431.989990  0.256371  0.513027  0.645854  0.778681  0.945011
  1435.530029  0.252340  0.505820  0.637292  0.768764  0.932594
  1439.069946  0.247440  0.499963  0.630300  0.760637  0.924159
  1442.599976  0.244018  0.495176  0.624647  0.754119  0.916415
  1446.140015  0.242697  0.491572  0.620352  0.749131  0.916577
  1449.680054  0.242507  0.488727  0.617001  0.745276  0.916665
  1453.219971  0.241068  0.486611  0.614562  0.742513  0.914484
  1456.760010  0.241480  0.485190  0.612891  0.740593  0.913980
  1460.300049  0.240499  0.483746  0.611319  0.738892  0.911187
  1463.839966  0.237140  0.483123  0.610642  0.738161  0.912829
  1467.380005  0.237599  0.482675  0.610187  0.737699  0.911962
  1470.920044  0.238781  0.482717  0.610371  0.738025  0.916617
  1474.459961  0.237947  0.482508  0.610371  0.738234  0.916131
  1478.010010  0.236430  0.482801  0.610882  0.738963  0.918881
  1481.550049  0.237764  0.483074  0.611266  0.739458  0.915788
  1485.089966  0.236783  0.483446  0.611806  0.740165  0.923202
  1488.640015  0.237608  0.483582  0.612147  0.740713  0.921320
  1492.180054  0.237336  0.484029  0.612893  0.741756  0.925260
  1495.729980  0.237110  0.484504  0.613566  0.742628  0.923468
  1499.270020  0.237673  0.485410  0.614818  0.744226  0.931102
  1502.819946  0.240224  0.486300  0.615964  0.745628  0.931482
  1506.369995  0.237472  0.487358  0.617399  0.747441  0.934839
  1509.910034  0.240874  0.488328  0.618700  0.749071  0.937591
  1513.459961  0.237206  0.489451  0.620224  0.750996  0.940990
  1517.010010  0.241371  0.490510  0.621575  0.752640  0.945521
  1520.560059  0.239950  0.491284  0.622775  0.754266  0.951672
  1524.109985  0.242717  0.491945  0.623731  0.755518  0.949593
  1527.660034  0.238643  0.492595  0.624627  0.756659  0.951887
  1531.209961  0.242884  0.492816  0.625126  0.757436  0.953882
  1534.760010  0.239551  0.493194  0.625630  0.758066  0.952694
  1538.319946  0.240006  0.492922  0.625555  0.758187  0.959373
  1541.869995  0.238407  0.492957  0.625656  0.758355  0.958283
  1545.420044  0.240585  0.492558  0.625317  0.758076  0.954561
  1548.979980  0.237268  0.492056  0.624818  0.757581  0.956832
  1552.530029  0.237124  0.491161  0.624001  0.756841  0.954923
  1556.089966  0.235802  0.490511  0.623306  0.756101  0.952830
  1559.640015  0.236913  0.489491  0.622343  0.755195  0.954103
  1563.199951  0.237158  0.488778  0.621597  0.754415  0.955910
  1566.750000  0.238763  0.487742  0.620519  0.753296  0.956798
  1570.310059  0.236383  0.486894  0.619667  0.752441  0.956728
  1573.869995  0.234548  0.486219  0.619012  0.751804  0.958054
  1577.430054  0.231612  0.485762  0.618568  0.751375  0.952161
  1580.989990  0.233188  0.485020  0.617929  0.750838  0.953816
  1584.550049  0.235298  0.484604  0.617514  0.750423  0.948081
  1588.109985  0.233334  0.483912  0.616912  0.749911  0.952294
  1591.670044  0.232958  0.484033  0.616960  0.749887  0.951319
  1595.229980  0.230937  0.483312  0.616434  0.749556  0.950896
  1598.790039  0.233834  0.483035  0.616128  0.749220  0.946944
  1602.349976  0.230337  0.482570  0.615710  0.748850  0.947361
  1605.920044  0.232396  0.481995  0.615143  0.748291  0.941951
  1609.479980  0.230955  0.481204  0.614393  0.747582  0.942008
  1613.040039  0.229025  0.480009  0.613064  0.746119  0.930813
  1616.609985  0.225741  0.478399  0.611297  0.744195  0.924447
  1620.170044  0.228339  0.476605  0.609284  0.741964  0.910674
  1623.739990  0.223959  0.474036  0.606575  0.739114  0.896723
  1627.310059  0.224237  0.471466  0.603797  0.736128  0.895847
  1630.869995  0.220407  0.468607  0.600803  0.733000  0.898536
  1634.439941  0.221138  0.466563  0.598717  0.730871  0.890953
  1638.010010  0.217261  0.465053  0.597339  0.729625  0.889756
  1641.579956  0.220701  0.464360  0.596752  0.729145  0.885996
  1645.150024  0.219029  0.463850  0.596272  0.728693  0.885171
  1648.709961  0.218959  0.463268  0.595747  0.728226  0.886776
  1652.290039  0.218559  0.462665  0.594831  0.726998  0.887591
  1655.859985  0.217746  0.459841  0.591938  0.724034  0.884193
  1659.430054  0.211809  0.454810  0.586983  0.719157  0.879461
  1663.000000  0.207143  0.447127  0.580225  0.713324  0.876184
  1666.569946  0.199275  0.437499  0.572308  0.707118  0.870170
  1670.140015  0.191949  0.426808  0.564076  0.701345  0.861868
  1673.719971  0.184964  0.417484  0.557009  0.696534  0.851827
  1677.290039  0.178621  0.410852  0.551816  0.692780  0.847069
  1680.869995  0.177219  0.407596  0.548648  0.689699  0.842271
  1684.439941  0.176289  0.406345  0.546249  0.686152  0.841905
  1688.020020  0.176695  0.405462  0.543227  0.680991  0.833893
  1691.589966  0.171343  0.404414  0.539372  0.674329  0.829047
  1695.170044  0.184175  0.403992  0.535434  0.666876  0.819897
  1698.750000  0.183661  0.403903  0.531243  0.658583  0.808810
  1702.329956  0.190070  0.404737  0.527720  0.650703  0.796110
  1705.910034  0.180422  0.404238  0.523229  0.642219  0.791973
  1709.489990  0.193924  0.403329  0.518500  0.633670  0.774652
  1713.069946  0.187022  0.399883  0.511899  0.623916  0.766787
  1716.650024  0.189834  0.396558  0.504746  0.612933  0.749765
  1720.229980  0.171065  0.392557  0.496495  0.600434  0.742524
