ENVI ASCII Plot File [Sun Apr 06 17:30:00 2025]
Column 1: Wavelength
Column 2: Min: ROI #84~~2##255,0,0
Column 3: Mean-StdDev: ROI #84~~21##0,200,0
Column 4: Mean: ROI #84~~0##0,0,0
Column 5: Mean+StdDev: ROI #84~~21##0,200,0
Column 6: Max: ROI #84~~2##255,0,0
   935.609985  0.236578  0.456435  0.529100  0.601765  0.716130
   939.059998  0.240268  0.459306  0.531900  0.604493  0.718937
   942.520020  0.223180  0.477822  0.558896  0.639970  0.804165
   945.979980  0.242182  0.490639  0.579488  0.668337  0.786196
   949.429993  0.227053  0.499164  0.593933  0.688703  0.807914
   952.890015  0.238864  0.506800  0.604161  0.701521  0.819348
   956.349976  0.240557  0.512322  0.611425  0.710528  0.821513
   959.809998  0.237028  0.516573  0.616490  0.716406  0.835402
   963.270020  0.241619  0.520307  0.621109  0.721910  0.837796
   966.729980  0.236893  0.523741  0.625304  0.726868  0.846384
   970.190002  0.244227  0.527245  0.629440  0.731635  0.849767
   973.650024  0.240787  0.530218  0.632947  0.735675  0.852259
   977.109985  0.247047  0.533385  0.636657  0.739929  0.864039
   980.580017  0.245225  0.536523  0.640377  0.744231  0.861339
   984.039978  0.249312  0.539559  0.643963  0.748366  0.866611
   987.510010  0.249066  0.542452  0.647375  0.752299  0.872821
   990.969971  0.251032  0.545572  0.651012  0.756452  0.875670
   994.429993  0.251657  0.548644  0.654635  0.760626  0.881660
   997.900024  0.255561  0.551881  0.658414  0.764947  0.887268
  1001.369995  0.255636  0.554740  0.661800  0.768860  0.891318
  1004.830017  0.256868  0.557833  0.665353  0.772872  0.897428
  1008.299988  0.259339  0.560866  0.668957  0.777048  0.900266
  1011.770020  0.261238  0.564159  0.672748  0.781337  0.906123
  1015.239990  0.262157  0.567105  0.676256  0.785407  0.909995
  1018.710022  0.264162  0.570066  0.679683  0.789301  0.914243
  1022.179993  0.266382  0.573123  0.683263  0.793402  0.920869
  1025.650024  0.268474  0.576155  0.686837  0.797519  0.924391
  1029.119995  0.270925  0.579050  0.690301  0.801552  0.927693
  1032.589966  0.270465  0.582084  0.693806  0.805528  0.933602
  1036.060059  0.270941  0.584887  0.697077  0.809267  0.936987
  1039.530029  0.274552  0.587771  0.700495  0.813218  0.941576
  1043.000000  0.277147  0.590675  0.703903  0.817132  0.947381
  1046.479980  0.278813  0.593635  0.707342  0.821048  0.952219
  1049.949951  0.281820  0.596377  0.710596  0.824816  0.954878
  1053.430054  0.282297  0.599103  0.713794  0.828485  0.959380
  1056.900024  0.283411  0.601874  0.717041  0.832208  0.963704
  1060.380005  0.286718  0.604564  0.720208  0.835853  0.969788
  1063.849976  0.287551  0.607226  0.723359  0.839492  0.976602
  1067.329956  0.286814  0.609905  0.726509  0.843114  0.979900
  1070.810059  0.289314  0.612596  0.729630  0.846665  0.982279
  1074.290039  0.291645  0.615251  0.732778  0.850304  0.987894
  1077.760010  0.292146  0.617721  0.735713  0.853705  0.990524
  1081.239990  0.294287  0.620240  0.738647  0.857053  0.993466
  1084.719971  0.295801  0.622736  0.741591  0.860445  0.997945
  1088.199951  0.297285  0.625011  0.744296  0.863580  1.002763
  1091.680054  0.299624  0.627171  0.746901  0.866631  1.006739
  1095.170044  0.301716  0.629399  0.749562  0.869725  1.009790
  1098.650024  0.302235  0.631573  0.752151  0.872728  1.013894
  1102.130005  0.301894  0.633521  0.754494  0.875468  1.017207
  1105.609985  0.303423  0.635360  0.756697  0.878034  1.020368
  1109.099976  0.305535  0.637115  0.758780  0.880445  1.022693
  1112.579956  0.306626  0.638812  0.760869  0.882926  1.024095
  1116.069946  0.307963  0.640484  0.762927  0.885370  1.025733
  1119.550049  0.308762  0.642093  0.764930  0.887768  1.025452
  1123.040039  0.310287  0.643447  0.766645  0.889843  1.021178
  1126.520020  0.310217  0.644369  0.767890  0.891411  1.019049
  1130.010010  0.311064  0.644670  0.768579  0.892488  1.020409
  1133.500000  0.312003  0.644397  0.768763  0.893128  1.020012
  1136.989990  0.310175  0.643660  0.768621  0.893581  1.022326
  1140.469971  0.309364  0.643165  0.768726  0.894287  1.021325
  1143.959961  0.308750  0.643143  0.769178  0.895212  1.024030
  1147.449951  0.308404  0.644132  0.770277  0.896423  1.024323
  1150.939941  0.309748  0.645839  0.771813  0.897788  1.027050
  1154.430054  0.311915  0.647592  0.773230  0.898868  1.029037
  1157.930054  0.311425  0.648764  0.774161  0.899558  1.030745
  1161.420044  0.313776  0.649569  0.774703  0.899836  1.030253
  1164.910034  0.312948  0.649568  0.774612  0.899656  1.030122
  1168.400024  0.314503  0.649560  0.774466  0.899371  1.028965
  1171.900024  0.312206  0.649475  0.774292  0.899109  1.032616
  1175.390015  0.313245  0.649377  0.774196  0.899016  1.033398
  1178.890015  0.312200  0.649335  0.774155  0.898975  1.033693
  1182.380005  0.313505  0.649331  0.774176  0.899021  1.032704
  1185.880005  0.312793  0.649501  0.774496  0.899491  1.033315
  1189.369995  0.313431  0.650119  0.775352  0.900584  1.029924
  1192.869995  0.312773  0.651144  0.776698  0.902252  1.030930
  1196.369995  0.316091  0.652552  0.778454  0.904356  1.033794
  1199.869995  0.315945  0.653938  0.780263  0.906588  1.035576
  1203.369995  0.316840  0.655477  0.782219  0.908960  1.040097
  1206.869995  0.316988  0.657052  0.784167  0.911282  1.041569
  1210.369995  0.318993  0.658966  0.786404  0.913842  1.046691
  1213.869995  0.318704  0.661034  0.788881  0.916727  1.048609
  1217.369995  0.321416  0.663457  0.791645  0.919833  1.053192
  1220.869995  0.323219  0.665765  0.794442  0.923120  1.056430
  1224.369995  0.323046  0.668333  0.797384  0.926436  1.063393
  1227.869995  0.325699  0.670744  0.800188  0.929631  1.071455
  1231.380005  0.326305  0.673181  0.803036  0.932891  1.077703
  1234.880005  0.328570  0.675379  0.805685  0.935991  1.083699
  1238.390015  0.327958  0.677499  0.808191  0.938883  1.091024
  1241.890015  0.331228  0.679512  0.810522  0.941533  1.095425
  1245.400024  0.332186  0.681332  0.812669  0.944005  1.098790
  1248.900024  0.334540  0.683074  0.814814  0.946554  1.100670
  1252.410034  0.334340  0.684768  0.816818  0.948868  1.107509
  1255.920044  0.336137  0.686236  0.818624  0.951011  1.108666
  1259.420044  0.332424  0.687548  0.820226  0.952903  1.110435
  1262.930054  0.336410  0.688872  0.821838  0.954804  1.113799
  1266.439941  0.334921  0.690318  0.823535  0.956752  1.120628
  1269.949951  0.339110  0.691509  0.825059  0.958608  1.120179
  1273.459961  0.336617  0.692779  0.826620  0.960462  1.122828
  1276.969971  0.337511  0.694041  0.828223  0.962406  1.124775
  1280.479980  0.339633  0.695453  0.829926  0.964399  1.131991
  1283.989990  0.341623  0.696599  0.831465  0.966332  1.133607
  1287.510010  0.337373  0.697963  0.833093  0.968223  1.133921
  1291.020020  0.342799  0.699165  0.834602  0.970038  1.131750
  1294.530029  0.339475  0.700350  0.836052  0.971753  1.136054
  1298.050049  0.342944  0.701217  0.837214  0.973212  1.138603
  1301.560059  0.343724  0.702305  0.838513  0.974720  1.144168
  1305.079956  0.344565  0.703172  0.839616  0.976060  1.143802
  1308.589966  0.343975  0.703787  0.840461  0.977135  1.145820
  1312.109985  0.345392  0.704225  0.841103  0.977982  1.148062
  1315.619995  0.343615  0.704543  0.841523  0.978504  1.144933
  1319.140015  0.344411  0.704290  0.841399  0.978508  1.143550
  1322.660034  0.343151  0.704196  0.841331  0.978466  1.143096
  1326.180054  0.342429  0.703543  0.840677  0.977811  1.147414
  1329.699951  0.343233  0.702447  0.839497  0.976548  1.143532
  1333.219971  0.340921  0.700566  0.837427  0.974288  1.138284
  1336.739990  0.341072  0.698447  0.835017  0.971587  1.134170
  1340.260010  0.337051  0.695781  0.832059  0.968337  1.129107
  1343.780029  0.337814  0.693019  0.828895  0.964771  1.119727
  1347.300049  0.334402  0.689578  0.825020  0.960461  1.120200
  1350.819946  0.331970  0.686173  0.821086  0.955998  1.114200
  1354.349976  0.329010  0.682819  0.817144  0.951469  1.106822
  1357.869995  0.327190  0.679774  0.813493  0.947211  1.101760
  1361.390015  0.323717  0.676793  0.810061  0.943329  1.099566
  1364.920044  0.324365  0.674072  0.806990  0.939908  1.093011
  1368.439941  0.320688  0.671277  0.803907  0.936538  1.085961
  1371.969971  0.319031  0.669004  0.801472  0.933939  1.081860
  1375.500000  0.316922  0.666963  0.799369  0.931776  1.075120
  1379.020020  0.318594  0.665180  0.797224  0.929268  1.072474
  1382.550049  0.315087  0.662984  0.794700  0.926415  1.066379
  1386.079956  0.314026  0.660255  0.791733  0.923210  1.064928
  1389.609985  0.311007  0.656755  0.787826  0.918897  1.059173
  1393.140015  0.311089  0.652754  0.783035  0.913315  1.053486
  1396.670044  0.305534  0.647452  0.776917  0.906383  1.048917
  1400.199951  0.302765  0.641577  0.769976  0.898375  1.037041
  1403.729980  0.297044  0.634426  0.761700  0.888974  1.026309
  1407.260010  0.294370  0.626195  0.752021  0.877847  1.017349
  1410.790039  0.288055  0.616973  0.741337  0.865700  1.001528
  1414.319946  0.283922  0.606673  0.729466  0.852260  0.983999
  1417.859985  0.277803  0.596042  0.716999  0.837957  0.969271
  1421.390015  0.269375  0.585676  0.704653  0.823630  0.954387
  1424.920044  0.265409  0.575216  0.692340  0.809464  0.935736
  1428.459961  0.257781  0.565581  0.680905  0.796228  0.924498
  1431.989990  0.255334  0.556845  0.670643  0.784440  0.907111
  1435.530029  0.249623  0.549477  0.661965  0.774453  0.897290
  1439.069946  0.246355  0.543368  0.654819  0.766270  0.888350
  1442.599976  0.242616  0.538533  0.649140  0.759746  0.878856
  1446.140015  0.241464  0.534760  0.644761  0.754762  0.877711
  1449.680054  0.239941  0.531820  0.641322  0.750824  0.869466
  1453.219971  0.240457  0.529692  0.638812  0.747933  0.870642
  1456.760010  0.238965  0.528263  0.637205  0.746147  0.868023
  1460.300049  0.238504  0.527021  0.635805  0.744589  0.871290
  1463.839966  0.238558  0.526411  0.635176  0.743941  0.872492
  1467.380005  0.241090  0.526083  0.634891  0.743699  0.873150
  1470.920044  0.238597  0.526220  0.635172  0.744123  0.874808
  1474.459961  0.238105  0.526293  0.635400  0.744507  0.875966
  1478.010010  0.236586  0.526985  0.636250  0.745515  0.877531
  1481.550049  0.240138  0.527493  0.636958  0.746423  0.877520
  1485.089966  0.235872  0.528032  0.637773  0.747514  0.878785
  1488.640015  0.239192  0.528564  0.638505  0.748446  0.883247
  1492.180054  0.239764  0.529357  0.639510  0.749662  0.885184
  1495.729980  0.239339  0.530039  0.640553  0.751066  0.887705
  1499.270020  0.239003  0.531192  0.641923  0.752654  0.887789
  1502.819946  0.239559  0.532253  0.643323  0.754392  0.894245
  1506.369995  0.239014  0.533332  0.644735  0.756137  0.899937
  1509.910034  0.238425  0.534542  0.646207  0.757873  0.896869
  1513.459961  0.240076  0.535853  0.647859  0.759865  0.901441
  1517.010010  0.238521  0.536704  0.649125  0.761546  0.903274
  1520.560059  0.238926  0.537577  0.650348  0.763119  0.905599
  1524.109985  0.240235  0.538360  0.651334  0.764308  0.910586
  1527.660034  0.242868  0.538913  0.652090  0.765266  0.912643
  1531.209961  0.240426  0.539062  0.652502  0.765941  0.912681
  1534.760010  0.242377  0.539619  0.653136  0.766654  0.917053
  1538.319946  0.239606  0.539367  0.653041  0.766715  0.915899
  1541.869995  0.241761  0.539244  0.652959  0.766673  0.919488
  1545.420044  0.239621  0.538827  0.652557  0.766287  0.917665
  1548.979980  0.241016  0.538164  0.651983  0.765801  0.920567
  1552.530029  0.240013  0.537529  0.651274  0.765018  0.918702
  1556.089966  0.239279  0.536841  0.650578  0.764316  0.919772
  1559.640015  0.239311  0.535785  0.649544  0.763303  0.916307
  1563.199951  0.238610  0.535121  0.648864  0.762607  0.914681
  1566.750000  0.234190  0.534237  0.647966  0.761695  0.915593
  1570.310059  0.235723  0.533522  0.647276  0.761030  0.916745
  1573.869995  0.235722  0.532886  0.646675  0.760464  0.916526
  1577.430054  0.235460  0.532592  0.646348  0.760104  0.912838
  1580.989990  0.233022  0.531918  0.645804  0.759690  0.915772
  1584.550049  0.235170  0.531702  0.645602  0.759502  0.913680
  1588.109985  0.233376  0.531161  0.645293  0.759426  0.915207
  1591.670044  0.234276  0.531350  0.645484  0.759618  0.910304
  1595.229980  0.235245  0.530769  0.645048  0.759328  0.909960
  1598.790039  0.234953  0.530689  0.645063  0.759437  0.909594
  1602.349976  0.233147  0.530402  0.644826  0.759251  0.904465
  1605.920044  0.234162  0.530005  0.644597  0.759189  0.905450
  1609.479980  0.233314  0.529449  0.644092  0.758735  0.904183
  1613.040039  0.230694  0.528543  0.643252  0.757960  0.896785
  1616.609985  0.234768  0.527393  0.642060  0.756728  0.893705
  1620.170044  0.229839  0.525865  0.640572  0.755280  0.881711
  1623.739990  0.230119  0.523656  0.638571  0.753486  0.880081
  1627.310059  0.227148  0.521490  0.636576  0.751663  0.883016
  1630.869995  0.229476  0.519148  0.634538  0.749928  0.880408
  1634.439941  0.224569  0.517497  0.633259  0.749022  0.879416
  1638.010010  0.227589  0.516244  0.632335  0.748425  0.876354
  1641.579956  0.223648  0.515951  0.632249  0.748546  0.879428
  1645.150024  0.225769  0.515662  0.632143  0.748623  0.876795
  1648.709961  0.222813  0.515663  0.632036  0.748409  0.879771
  1652.290039  0.221375  0.515254  0.631494  0.747734  0.877644
  1655.859985  0.220676  0.512931  0.629298  0.745665  0.875793
  1659.430054  0.222387  0.508046  0.625094  0.742142  0.869101
  1663.000000  0.216359  0.500477  0.619185  0.737893  0.866567
  1666.569946  0.215054  0.491088  0.612248  0.733408  0.860774
  1670.140015  0.205912  0.480612  0.604961  0.729310  0.855870
  1673.719971  0.199559  0.471399  0.598461  0.725522  0.846142
  1677.290039  0.193128  0.464811  0.593576  0.722340  0.841006
  1680.869995  0.189331  0.461185  0.590219  0.719253  0.838027
  1684.439941  0.185228  0.459502  0.587562  0.715622  0.831556
  1688.020020  0.186778  0.458320  0.584270  0.710221  0.828601
  1691.589966  0.186169  0.456879  0.580123  0.703367  0.820244
  1695.170044  0.193563  0.455749  0.575981  0.696212  0.822491
  1698.750000  0.192139  0.455178  0.571459  0.687740  0.805023
  1702.329956  0.197210  0.455489  0.567357  0.679225  0.794308
  1705.910034  0.200883  0.454648  0.562819  0.670989  0.787026
  1709.489990  0.196826  0.453262  0.557925  0.662588  0.782857
  1713.069946  0.198992  0.449010  0.551011  0.653012  0.759181
  1716.650024  0.183014  0.443840  0.543021  0.642202  0.761076
  1720.229980  0.193041  0.438742  0.534034  0.629326  0.740852
