ENVI ASCII Plot File [Sun Apr 06 17:35:29 2025]
Column 1: Wavelength
Column 2: Min: ROI #89~~2##255,0,0
Column 3: Mean-StdDev: ROI #89~~21##0,200,0
Column 4: Mean: ROI #89~~0##0,0,0
Column 5: Mean+StdDev: ROI #89~~21##0,200,0
Column 6: Max: ROI #89~~2##255,0,0
   935.609985  0.263833  0.438942  0.500472  0.562002  0.664621
   939.059998  0.267724  0.441544  0.503042  0.564540  0.663390
   942.520020  0.264925  0.457147  0.527752  0.598357  0.716664
   945.979980  0.256787  0.468484  0.548417  0.628350  0.740395
   949.429993  0.258096  0.476727  0.562616  0.648506  0.762900
   952.890015  0.262134  0.484237  0.573074  0.661911  0.771948
   956.349976  0.262486  0.489734  0.580578  0.671422  0.780594
   959.809998  0.264167  0.494390  0.586114  0.677838  0.791951
   963.270020  0.263407  0.498314  0.590901  0.683488  0.796475
   966.729980  0.266304  0.501980  0.595203  0.688427  0.806382
   970.190002  0.265760  0.505695  0.599668  0.693642  0.809678
   973.650024  0.270463  0.508893  0.603385  0.697877  0.813664
   977.109985  0.271029  0.512236  0.607326  0.702415  0.818574
   980.580017  0.271269  0.515747  0.611318  0.706889  0.826558
   984.039978  0.272524  0.519061  0.615174  0.711286  0.829789
   987.510010  0.274831  0.522222  0.618821  0.715419  0.834104
   990.969971  0.275385  0.525566  0.622651  0.719737  0.839688
   994.429993  0.281478  0.528866  0.626489  0.724112  0.844814
   997.900024  0.280352  0.532412  0.630487  0.728562  0.848960
  1001.369995  0.285775  0.535490  0.634105  0.732719  0.854735
  1004.830017  0.282781  0.538877  0.637937  0.736996  0.859274
  1008.299988  0.288204  0.542183  0.641775  0.741367  0.863280
  1011.770020  0.289625  0.545694  0.645785  0.745876  0.870368
  1015.239990  0.291399  0.548944  0.649524  0.750104  0.877340
  1018.710022  0.293822  0.552211  0.653205  0.754199  0.882542
  1022.179993  0.295819  0.555467  0.656962  0.758458  0.885044
  1025.650024  0.296400  0.558813  0.660803  0.762792  0.892132
  1029.119995  0.301489  0.561954  0.664489  0.767023  0.894465
  1032.589966  0.301919  0.565308  0.668270  0.771232  0.900270
  1036.060059  0.302743  0.568395  0.671816  0.775238  0.903320
  1039.530029  0.304922  0.571489  0.675422  0.779354  0.908785
  1043.000000  0.308293  0.574684  0.679093  0.783503  0.915258
  1046.479980  0.311175  0.577885  0.682733  0.787580  0.920310
  1049.949951  0.312370  0.580905  0.686222  0.791538  0.924136
  1053.430054  0.313562  0.583884  0.689641  0.795399  0.927962
  1056.900024  0.316413  0.586934  0.693134  0.799334  0.932608
  1060.380005  0.319850  0.589917  0.696581  0.803244  0.936861
  1063.849976  0.319586  0.592869  0.700002  0.807135  0.939777
  1067.329956  0.320680  0.595820  0.703412  0.811005  0.944636
  1070.810059  0.323250  0.598717  0.706727  0.814737  0.949860
  1074.290039  0.326544  0.601597  0.710062  0.818526  0.955152
  1077.760010  0.328594  0.604379  0.713285  0.822191  0.957970
  1081.239990  0.330079  0.607179  0.716523  0.825867  0.962419
  1084.719971  0.330939  0.609924  0.719693  0.829461  0.967047
  1088.199951  0.332563  0.612498  0.722656  0.832814  0.970697
  1091.680054  0.335076  0.614924  0.725528  0.836133  0.974656
  1095.170044  0.336771  0.617382  0.728409  0.839435  0.977548
  1098.650024  0.337581  0.619890  0.731265  0.842641  0.981376
  1102.130005  0.337745  0.622106  0.733864  0.845621  0.986015
  1105.609985  0.340212  0.624222  0.736332  0.848442  0.989051
  1109.099976  0.341067  0.626261  0.738671  0.851080  0.989405
  1112.579956  0.342371  0.628262  0.741029  0.853796  0.992307
  1116.069946  0.345335  0.630228  0.743370  0.856512  0.996661
  1119.550049  0.347155  0.632207  0.745698  0.859190  1.002254
  1123.040039  0.346341  0.633874  0.747720  0.861567  1.005180
  1126.520020  0.348152  0.635253  0.749422  0.863591  1.005004
  1130.010010  0.348157  0.636120  0.750626  0.865132  1.006654
  1133.500000  0.347080  0.636498  0.751365  0.866232  1.009531
  1136.989990  0.344791  0.636427  0.751781  0.867136  1.009461
  1140.469971  0.345064  0.636660  0.752455  0.868250  1.012058
  1143.959961  0.342656  0.637116  0.753283  0.869450  1.015486
  1147.449951  0.342274  0.638154  0.754501  0.870848  1.015851
  1150.939941  0.346131  0.639677  0.755988  0.872299  1.017004
  1154.430054  0.348753  0.641133  0.757284  0.873435  1.016776
  1157.930054  0.348992  0.642045  0.758086  0.874127  1.018811
  1161.420044  0.349800  0.642709  0.758586  0.874462  1.019990
  1164.910034  0.352400  0.642649  0.758497  0.874346  1.019799
  1168.400024  0.351104  0.642644  0.758408  0.874172  1.018663
  1171.900024  0.352288  0.642609  0.758358  0.874107  1.018141
  1175.390015  0.351956  0.642609  0.758409  0.874209  1.016439
  1178.890015  0.351672  0.642665  0.758528  0.874392  1.019335
  1182.380005  0.349097  0.642844  0.758726  0.874608  1.020833
  1185.880005  0.352229  0.643177  0.759215  0.875252  1.021060
  1189.369995  0.350409  0.644081  0.760334  0.876587  1.018424
  1192.869995  0.353719  0.645426  0.761986  0.878546  1.022168
  1196.369995  0.352956  0.647138  0.764028  0.880918  1.022958
  1199.869995  0.354543  0.648829  0.766152  0.883475  1.031107
  1203.369995  0.354954  0.650593  0.768319  0.886046  1.031444
  1206.869995  0.356669  0.652468  0.770561  0.888653  1.037091
  1210.369995  0.358015  0.654554  0.772975  0.891396  1.039787
  1213.869995  0.358236  0.656870  0.775701  0.894533  1.046849
  1217.369995  0.360396  0.659554  0.778762  0.897970  1.048983
  1220.869995  0.364349  0.662195  0.781860  0.901524  1.052119
  1224.369995  0.364079  0.664995  0.785069  0.905143  1.058807
  1227.869995  0.366883  0.667791  0.788289  0.908786  1.061480
  1231.380005  0.369698  0.670528  0.791442  0.912355  1.065471
  1234.880005  0.370746  0.672939  0.794290  0.915642  1.072623
  1238.390015  0.370842  0.675360  0.797068  0.918776  1.077087
  1241.890015  0.372131  0.677523  0.799602  0.921680  1.082630
  1245.400024  0.375129  0.679591  0.801974  0.924357  1.086586
  1248.900024  0.375838  0.681533  0.804293  0.927053  1.092962
  1252.410034  0.377333  0.683397  0.806493  0.929589  1.095661
  1255.920044  0.378137  0.685046  0.808490  0.931935  1.101803
  1259.420044  0.376490  0.686545  0.810252  0.933959  1.103970
  1262.930054  0.378975  0.688043  0.812089  0.936135  1.107548
  1266.439941  0.380463  0.689696  0.813936  0.938176  1.110475
  1269.949951  0.380984  0.691101  0.815658  0.940214  1.116356
  1273.459961  0.382321  0.692545  0.817363  0.942181  1.117934
  1276.969971  0.380526  0.694005  0.819198  0.944390  1.122697
  1280.479980  0.385623  0.695571  0.821056  0.946542  1.125994
  1283.989990  0.386925  0.696959  0.822767  0.948575  1.129295
  1287.510010  0.386660  0.698513  0.824617  0.950721  1.130557
  1291.020020  0.385826  0.699806  0.826251  0.952696  1.136618
  1294.530029  0.387051  0.701130  0.827831  0.954531  1.136434
  1298.050049  0.387460  0.702259  0.829268  0.956276  1.138248
  1301.560059  0.388419  0.703517  0.830728  0.957938  1.141669
  1305.079956  0.389184  0.704527  0.831943  0.959358  1.143528
  1308.589966  0.388825  0.705393  0.833027  0.960661  1.146899
  1312.109985  0.390689  0.705929  0.833811  0.961693  1.144807
  1315.619995  0.389952  0.706408  0.834445  0.962482  1.147993
  1319.140015  0.387649  0.706342  0.834528  0.962715  1.148374
  1322.660034  0.387608  0.706379  0.834594  0.962809  1.148915
  1326.180054  0.388688  0.705802  0.834092  0.962382  1.148880
  1329.699951  0.385454  0.704839  0.833126  0.961412  1.146333
  1333.219971  0.385907  0.703029  0.831144  0.959260  1.142844
  1336.739990  0.385734  0.700819  0.828756  0.956694  1.141337
  1340.260010  0.383263  0.698128  0.825823  0.953518  1.136041
  1343.780029  0.380902  0.695415  0.822808  0.950200  1.132512
  1347.300049  0.378069  0.691914  0.818942  0.945970  1.124847
  1350.819946  0.374600  0.688323  0.814952  0.941582  1.119429
  1354.349976  0.372000  0.684856  0.810996  0.937136  1.114260
  1357.869995  0.366508  0.681610  0.807260  0.932910  1.111226
  1361.390015  0.367133  0.678599  0.803862  0.929125  1.106388
  1364.920044  0.362844  0.675695  0.800716  0.925737  1.100668
  1368.439941  0.363224  0.672845  0.797631  0.922416  1.096006
  1371.969971  0.358560  0.670494  0.795137  0.919780  1.089449
  1375.500000  0.357545  0.668407  0.793039  0.917672  1.087284
  1379.020020  0.356615  0.666712  0.790974  0.915236  1.082502
  1382.550049  0.356139  0.664497  0.788492  0.912486  1.075234
  1386.079956  0.352735  0.661768  0.785660  0.909553  1.071363
  1389.609985  0.348876  0.658384  0.781972  0.905559  1.065405
  1393.140015  0.345745  0.654668  0.777609  0.900549  1.061682
  1396.670044  0.341142  0.649478  0.771814  0.894150  1.050758
  1400.199951  0.340087  0.643902  0.765351  0.886800  1.038411
  1403.729980  0.336729  0.636931  0.757461  0.877991  1.031195
  1407.260010  0.330522  0.628715  0.748160  0.867606  1.020584
  1410.790039  0.323869  0.619409  0.737747  0.856085  1.006230
  1414.319946  0.317434  0.609342  0.726281  0.843221  0.990327
  1417.859985  0.310052  0.598690  0.714184  0.829678  0.972906
  1421.390015  0.305004  0.588103  0.701938  0.815773  0.956115
  1424.920044  0.293655  0.577293  0.689628  0.801962  0.942297
  1428.459961  0.289769  0.567365  0.678141  0.788917  0.925306
  1431.989990  0.283219  0.558265  0.667676  0.777087  0.913223
  1435.530029  0.279679  0.550569  0.658820  0.767071  0.900528
  1439.069946  0.272897  0.544118  0.651447  0.758777  0.892722
  1442.599976  0.270574  0.538892  0.645476  0.752059  0.883920
  1446.140015  0.266876  0.534762  0.640831  0.746901  0.872994
  1449.680054  0.269514  0.531520  0.637149  0.742778  0.871454
  1453.219971  0.264284  0.529099  0.634388  0.739677  0.862868
  1456.760010  0.264831  0.527489  0.632532  0.737576  0.863448
  1460.300049  0.262028  0.525923  0.630848  0.735774  0.861751
  1463.839966  0.264253  0.525105  0.630013  0.734922  0.860337
  1467.380005  0.262684  0.524539  0.629490  0.734442  0.858995
  1470.920044  0.262824  0.524458  0.629504  0.734550  0.860777
  1474.459961  0.258509  0.524227  0.629411  0.734595  0.861466
  1478.010010  0.261160  0.524682  0.629965  0.735249  0.862026
  1481.550049  0.260641  0.524919  0.630388  0.735857  0.865119
  1485.089966  0.261321  0.525250  0.630933  0.736617  0.865270
  1488.640015  0.259710  0.525481  0.631322  0.737162  0.868402
  1492.180054  0.260797  0.526049  0.632061  0.738072  0.872532
  1495.729980  0.260138  0.526502  0.632765  0.739027  0.869493
  1499.270020  0.262510  0.527433  0.633929  0.740426  0.875051
  1502.819946  0.261141  0.528361  0.635109  0.741856  0.877164
  1506.369995  0.261977  0.529326  0.636418  0.743510  0.884298
  1509.910034  0.263159  0.530581  0.637906  0.745230  0.881956
  1513.459961  0.262954  0.531626  0.639309  0.746992  0.889083
  1517.010010  0.264690  0.532570  0.640610  0.748651  0.889324
  1520.560059  0.262274  0.533447  0.641763  0.750080  0.891608
  1524.109985  0.265944  0.534102  0.642722  0.751342  0.891717
  1527.660034  0.265818  0.534808  0.643618  0.752428  0.898352
  1531.209961  0.265426  0.534878  0.643962  0.753045  0.899596
  1534.760010  0.261751  0.535329  0.644493  0.753658  0.903225
  1538.319946  0.265191  0.535192  0.644552  0.753913  0.903534
  1541.869995  0.262184  0.535003  0.644384  0.753765  0.903779
  1545.420044  0.265345  0.534526  0.644023  0.753520  0.904526
  1548.979980  0.260450  0.533967  0.643490  0.753014  0.905227
  1552.530029  0.265651  0.533142  0.642686  0.752229  0.901011
  1556.089966  0.260419  0.532322  0.641869  0.751415  0.900688
  1559.640015  0.260534  0.531218  0.640787  0.750356  0.898226
  1563.199951  0.257812  0.530468  0.640035  0.749601  0.904169
  1566.750000  0.258923  0.529403  0.638994  0.748585  0.898247
  1570.310059  0.259611  0.528591  0.638160  0.747729  0.896909
  1573.869995  0.258715  0.527871  0.637495  0.747119  0.898835
  1577.430054  0.256062  0.527444  0.637014  0.746584  0.896511
  1580.989990  0.254451  0.526682  0.636371  0.746060  0.895037
  1584.550049  0.253033  0.526333  0.636082  0.745831  0.894960
  1588.109985  0.255757  0.525698  0.635578  0.745459  0.896735
  1591.670044  0.255692  0.525724  0.635615  0.745506  0.893128
  1595.229980  0.254504  0.525049  0.635107  0.745166  0.893472
  1598.790039  0.254190  0.524810  0.634912  0.745013  0.890410
  1602.349976  0.251398  0.524449  0.634594  0.744740  0.887565
  1605.920044  0.251471  0.523869  0.634135  0.744402  0.882147
  1609.479980  0.252801  0.523287  0.633603  0.743920  0.882293
  1613.040039  0.253180  0.522339  0.632621  0.742904  0.874650
  1616.609985  0.248902  0.521030  0.631322  0.741614  0.878071
  1620.170044  0.250651  0.519538  0.629785  0.740033  0.873227
  1623.739990  0.244596  0.517470  0.627791  0.738113  0.871760
  1627.310059  0.247682  0.515498  0.625864  0.736231  0.870806
  1630.869995  0.242662  0.513336  0.623836  0.734336  0.870452
  1634.439941  0.245702  0.511934  0.622585  0.733236  0.868669
  1638.010010  0.240682  0.510751  0.621655  0.732558  0.863455
  1641.579956  0.240867  0.510455  0.621493  0.732530  0.866724
  1645.150024  0.240840  0.510151  0.621319  0.732486  0.866852
  1648.709961  0.239778  0.509769  0.620947  0.732126  0.869943
  1652.290039  0.238479  0.509144  0.620158  0.731173  0.865248
  1655.859985  0.238482  0.506988  0.618031  0.729074  0.866449
  1659.430054  0.234266  0.503003  0.614275  0.725548  0.861243
  1663.000000  0.227909  0.497026  0.609063  0.721099  0.859725
  1666.569946  0.215814  0.489629  0.602808  0.715986  0.847143
  1670.140015  0.206517  0.481475  0.596303  0.711131  0.841936
  1673.719971  0.197547  0.473924  0.590139  0.706354  0.835124
  1677.290039  0.191172  0.468314  0.585433  0.702552  0.827235
  1680.869995  0.189303  0.464912  0.581978  0.699043  0.824194
  1684.439941  0.187306  0.462885  0.579142  0.695399  0.818207
  1688.020020  0.185031  0.460797  0.575363  0.689930  0.818524
  1691.589966  0.185595  0.457862  0.570384  0.682906  0.804326
  1695.170044  0.188782  0.455391  0.565435  0.675479  0.800289
  1698.750000  0.188236  0.452760  0.559688  0.666616  0.785424
  1702.329956  0.195281  0.450947  0.554511  0.658075  0.784154
  1705.910034  0.199420  0.448384  0.548819  0.649255  0.774629
  1709.489990  0.207648  0.445489  0.543037  0.640584  0.769745
  1713.069946  0.192293  0.441031  0.536026  0.631021  0.767003
  1716.650024  0.204435  0.436174  0.527682  0.619189  0.748341
  1720.229980  0.201197  0.430133  0.518463  0.606793  0.724427
