ENVI ASCII Plot File [Sun Apr 06 17:36:38 2025]
Column 1: Wavelength
Column 2: Min: ROI #90~~2##255,0,0
Column 3: Mean-StdDev: ROI #90~~21##0,200,0
Column 4: Mean: ROI #90~~0##0,0,0
Column 5: Mean+StdDev: ROI #90~~21##0,200,0
Column 6: Max: ROI #90~~2##255,0,0
   935.609985  0.241150  0.436181  0.498686  0.561192  0.668998
   939.059998  0.244504  0.439059  0.501449  0.563839  0.665769
   942.520020  0.251514  0.455826  0.528025  0.600225  0.697304
   945.979980  0.268661  0.467196  0.548529  0.629863  0.747093
   949.429993  0.252934  0.475615  0.563261  0.650907  0.768769
   952.890015  0.257805  0.483313  0.574025  0.664738  0.784413
   956.349976  0.258854  0.488768  0.581466  0.674165  0.800597
   959.809998  0.264739  0.493408  0.587050  0.680691  0.801797
   963.270020  0.264083  0.497452  0.591840  0.686228  0.810544
   966.729980  0.268826  0.500963  0.596133  0.691304  0.816080
   970.190002  0.268232  0.504808  0.600632  0.696456  0.822703
   973.650024  0.270889  0.508024  0.604408  0.700792  0.828309
   977.109985  0.273383  0.511259  0.608288  0.705317  0.833846
   980.580017  0.278023  0.514724  0.612270  0.709816  0.837623
   984.039978  0.276347  0.518086  0.616184  0.714281  0.844215
   987.510010  0.280489  0.521221  0.619814  0.718407  0.848074
   990.969971  0.280905  0.524626  0.623734  0.722842  0.856179
   994.429993  0.284004  0.527971  0.627590  0.727209  0.860252
   997.900024  0.289834  0.531424  0.631628  0.731832  0.866087
  1001.369995  0.287754  0.534597  0.635277  0.735956  0.871418
  1004.830017  0.292159  0.537889  0.639089  0.740289  0.875053
  1008.299988  0.293984  0.541207  0.642944  0.744681  0.881058
  1011.770020  0.296235  0.544753  0.646934  0.749115  0.885454
  1015.239990  0.297038  0.547919  0.650659  0.753400  0.893234
  1018.710022  0.301026  0.551128  0.654319  0.757510  0.897123
  1022.179993  0.304306  0.554433  0.658126  0.761818  0.902325
  1025.650024  0.306158  0.557819  0.662023  0.766227  0.907161
  1029.119995  0.306371  0.560951  0.665730  0.770509  0.911679
  1032.589966  0.308536  0.564227  0.669482  0.774738  0.916219
  1036.060059  0.310274  0.567245  0.672953  0.778661  0.923943
  1039.530029  0.315191  0.570374  0.676587  0.782799  0.928864
  1043.000000  0.316839  0.573607  0.680298  0.786988  0.933456
  1046.479980  0.318258  0.576849  0.684008  0.791167  0.939857
  1049.949951  0.321688  0.579887  0.687545  0.795203  0.946076
  1053.430054  0.324268  0.582819  0.690947  0.799075  0.950061
  1056.900024  0.326210  0.585850  0.694448  0.803046  0.954521
  1060.380005  0.326703  0.588879  0.697956  0.807033  0.959202
  1063.849976  0.328407  0.591793  0.701367  0.810940  0.964676
  1067.329956  0.331454  0.594714  0.704765  0.814816  0.969860
  1070.810059  0.334510  0.597627  0.708129  0.818631  0.975701
  1074.290039  0.336640  0.600555  0.711518  0.822481  0.980471
  1077.760010  0.337771  0.603337  0.714753  0.826168  0.983806
  1081.239990  0.338640  0.606097  0.717952  0.829807  0.989837
  1084.719971  0.341751  0.608841  0.721124  0.833407  0.995896
  1088.199951  0.344989  0.611401  0.724101  0.836801  0.999685
  1091.680054  0.345856  0.613820  0.726977  0.840134  1.003312
  1095.170044  0.346157  0.616298  0.729904  0.843510  1.006081
  1098.650024  0.347505  0.618761  0.732729  0.846696  1.008271
  1102.130005  0.350884  0.620978  0.735310  0.849642  1.012067
  1105.609985  0.352182  0.623098  0.737779  0.852460  1.015400
  1109.099976  0.351392  0.625103  0.740085  0.855066  1.018542
  1112.579956  0.353261  0.627073  0.742409  0.857744  1.022747
  1116.069946  0.354893  0.629009  0.744688  0.860367  1.023515
  1119.550049  0.355514  0.630932  0.746919  0.862906  1.023406
  1123.040039  0.357748  0.632697  0.748927  0.865158  1.021959
  1126.520020  0.358157  0.634065  0.750488  0.866911  1.018750
  1130.010010  0.356073  0.634791  0.751404  0.868017  1.013802
  1133.500000  0.352510  0.635050  0.751801  0.868552  1.015714
  1136.989990  0.351025  0.634742  0.751734  0.868725  1.016827
  1140.469971  0.348656  0.634597  0.751913  0.869230  1.019299
  1143.959961  0.349493  0.634877  0.752546  0.870216  1.024044
  1147.449951  0.351042  0.635988  0.753858  0.871728  1.024181
  1150.939941  0.354251  0.637791  0.755746  0.873701  1.025296
  1154.430054  0.354859  0.639593  0.757585  0.875578  1.023497
  1157.930054  0.358812  0.640734  0.758796  0.876858  1.024735
  1161.420044  0.358650  0.641450  0.759555  0.877660  1.027553
  1164.910034  0.360224  0.641452  0.759651  0.877851  1.033356
  1168.400024  0.360077  0.641561  0.759744  0.877926  1.034153
  1171.900024  0.360179  0.641573  0.759736  0.877898  1.039417
  1175.390015  0.359879  0.641549  0.759793  0.878037  1.041082
  1178.890015  0.359343  0.641595  0.759900  0.878204  1.041175
  1182.380005  0.359943  0.641816  0.760116  0.878416  1.040635
  1185.880005  0.361628  0.642174  0.760595  0.879015  1.039422
  1189.369995  0.360945  0.643067  0.761668  0.880269  1.038176
  1192.869995  0.360585  0.644295  0.763197  0.882099  1.040266
  1196.369995  0.359913  0.646024  0.765200  0.884376  1.039992
  1199.869995  0.360550  0.647680  0.767223  0.886766  1.040947
  1203.369995  0.363811  0.649474  0.769367  0.889260  1.041631
  1206.869995  0.363475  0.651323  0.771576  0.891829  1.045018
  1210.369995  0.363735  0.653418  0.774023  0.894627  1.049173
  1213.869995  0.366393  0.655751  0.776794  0.897838  1.054920
  1217.369995  0.369545  0.658485  0.779962  0.901438  1.063237
  1220.869995  0.369310  0.661116  0.783158  0.905200  1.069513
  1224.369995  0.373681  0.663935  0.786464  0.908993  1.075978
  1227.869995  0.372687  0.666694  0.789759  0.912824  1.086466
  1231.380005  0.375452  0.669434  0.792968  0.916501  1.094818
  1234.880005  0.376247  0.671977  0.796020  0.920063  1.100844
  1238.390015  0.381402  0.674307  0.798762  0.923218  1.107872
  1241.890015  0.379105  0.676543  0.801410  0.926278  1.113922
  1245.400024  0.381642  0.678582  0.803779  0.928976  1.118515
  1248.900024  0.383844  0.680549  0.806168  0.931787  1.120070
  1252.410034  0.386282  0.682433  0.808366  0.934300  1.127813
  1255.920044  0.386427  0.684086  0.810411  0.936736  1.131011
  1259.420044  0.387605  0.685619  0.812252  0.938885  1.133342
  1262.930054  0.385933  0.687104  0.814055  0.941007  1.137140
  1266.439941  0.388499  0.688729  0.815903  0.943076  1.140413
  1269.949951  0.386381  0.690180  0.817674  0.945169  1.144527
  1273.459961  0.392554  0.691584  0.819383  0.947183  1.150314
  1276.969971  0.390349  0.693003  0.821178  0.949353  1.149646
  1280.479980  0.391288  0.694645  0.823068  0.951490  1.155446
  1283.989990  0.393207  0.695973  0.824799  0.953625  1.159248
  1287.510010  0.393540  0.697494  0.826596  0.955698  1.162275
  1291.020020  0.394728  0.698834  0.828265  0.957696  1.163821
  1294.530029  0.395321  0.700179  0.829850  0.959522  1.166176
  1298.050049  0.397313  0.701301  0.831289  0.961278  1.168318
  1301.560059  0.395213  0.702479  0.832705  0.962931  1.173795
  1305.079956  0.397719  0.703585  0.834012  0.964440  1.172768
  1308.589966  0.395829  0.704441  0.835121  0.965801  1.174954
  1312.109985  0.396983  0.705068  0.835985  0.966903  1.178508
  1315.619995  0.393709  0.705540  0.836619  0.967698  1.175925
  1319.140015  0.396572  0.705493  0.836707  0.967920  1.179572
  1322.660034  0.395233  0.705599  0.836838  0.968077  1.177575
  1326.180054  0.397895  0.705101  0.836371  0.967641  1.176381
  1329.699951  0.393573  0.704132  0.835351  0.966569  1.175777
  1333.219971  0.393106  0.702299  0.833350  0.964400  1.169108
  1336.739990  0.388879  0.700167  0.831030  0.961893  1.167221
  1340.260010  0.389953  0.697489  0.828070  0.958652  1.161805
  1343.780029  0.387602  0.694749  0.824917  0.955084  1.156924
  1347.300049  0.382787  0.691164  0.820966  0.950769  1.153111
  1350.819946  0.379966  0.687566  0.816904  0.946241  1.148088
  1354.349976  0.379035  0.684002  0.812813  0.941624  1.142597
  1357.869995  0.376012  0.680748  0.809064  0.937380  1.136988
  1361.390015  0.375653  0.677668  0.805539  0.933410  1.129705
  1364.920044  0.370790  0.674870  0.802425  0.929981  1.124047
  1368.439941  0.367279  0.671907  0.799247  0.926588  1.121076
  1371.969971  0.365645  0.669618  0.796738  0.923858  1.113744
  1375.500000  0.363089  0.667554  0.794555  0.921556  1.110155
  1379.020020  0.364954  0.665778  0.792350  0.918923  1.099240
  1382.550049  0.360518  0.663526  0.789798  0.916071  1.095250
  1386.079956  0.358650  0.660805  0.786895  0.912986  1.088233
  1389.609985  0.357802  0.657516  0.783216  0.908915  1.082816
  1393.140015  0.355943  0.653771  0.778791  0.903810  1.073845
  1396.670044  0.348420  0.648572  0.772923  0.897273  1.070255
  1400.199951  0.347296  0.642943  0.766390  0.889838  1.055754
  1403.729980  0.341677  0.635944  0.758472  0.880999  1.046432
  1407.260010  0.337735  0.627777  0.749095  0.870412  1.026980
  1410.790039  0.327379  0.618563  0.738582  0.858602  1.014819
  1414.319946  0.325462  0.608323  0.726939  0.845555  0.997247
  1417.859985  0.315868  0.597684  0.714764  0.831844  0.977314
  1421.390015  0.308094  0.587016  0.702396  0.817775  0.959784
  1424.920044  0.300650  0.576145  0.689937  0.803730  0.943872
  1428.459961  0.290981  0.566315  0.678462  0.790609  0.930611
  1431.989990  0.287275  0.557126  0.667900  0.778674  0.915020
  1435.530029  0.279909  0.549554  0.659087  0.768620  0.906833
  1439.069946  0.278899  0.543101  0.651791  0.760481  0.893613
  1442.599976  0.272783  0.538083  0.646007  0.753930  0.887051
  1446.140015  0.272228  0.534150  0.641542  0.748935  0.878624
  1449.680054  0.268323  0.530980  0.637977  0.744974  0.874549
  1453.219971  0.266906  0.528675  0.635388  0.742101  0.876256
  1456.760010  0.263205  0.527213  0.633672  0.740132  0.876803
  1460.300049  0.261656  0.525778  0.632183  0.738588  0.872323
  1463.839966  0.263012  0.525140  0.631508  0.737877  0.873419
  1467.380005  0.261062  0.524661  0.631105  0.737549  0.872842
  1470.920044  0.258691  0.524688  0.631229  0.737769  0.875093
  1474.459961  0.260876  0.524582  0.631310  0.738037  0.875714
  1478.010010  0.261764  0.525050  0.631913  0.738777  0.878082
  1481.550049  0.263388  0.525488  0.632496  0.739503  0.878948
  1485.089966  0.259324  0.525775  0.633026  0.740276  0.883829
  1488.640015  0.260710  0.526035  0.633484  0.740932  0.885348
  1492.180054  0.258909  0.526628  0.634250  0.741872  0.887887
  1495.729980  0.260123  0.527140  0.635057  0.742974  0.887809
  1499.270020  0.261100  0.528157  0.636272  0.744388  0.892051
  1502.819946  0.259661  0.529098  0.637509  0.745920  0.894626
  1506.369995  0.261078  0.530182  0.638947  0.747712  0.894914
  1509.910034  0.264744  0.531429  0.640457  0.749486  0.895986
  1513.459961  0.262120  0.532535  0.641954  0.751374  0.900747
  1517.010010  0.263252  0.533490  0.643264  0.753038  0.903500
  1520.560059  0.265341  0.534452  0.644535  0.754618  0.907154
  1524.109985  0.265876  0.535143  0.645510  0.755876  0.909911
  1527.660034  0.263340  0.535818  0.646426  0.757035  0.914749
  1531.209961  0.264901  0.535849  0.646737  0.757625  0.914119
  1534.760010  0.263009  0.536385  0.647351  0.758318  0.918581
  1538.319946  0.261947  0.536257  0.647386  0.758515  0.919593
  1541.869995  0.264446  0.536172  0.647408  0.758643  0.917581
  1545.420044  0.262944  0.535624  0.646937  0.758250  0.917380
  1548.979980  0.261223  0.535096  0.646446  0.757797  0.920568
  1552.530029  0.260879  0.534350  0.645690  0.757030  0.919697
  1556.089966  0.259925  0.533631  0.644964  0.756298  0.918178
  1559.640015  0.259733  0.532417  0.643833  0.755248  0.916686
  1563.199951  0.255181  0.531734  0.643070  0.754405  0.915562
  1566.750000  0.255938  0.530694  0.642037  0.753379  0.918355
  1570.310059  0.258581  0.529862  0.641168  0.752474  0.919342
  1573.869995  0.255483  0.529082  0.640483  0.751884  0.918652
  1577.430054  0.255367  0.528797  0.640104  0.751410  0.919758
  1580.989990  0.252895  0.528012  0.639408  0.750804  0.920457
  1584.550049  0.253741  0.527642  0.639062  0.750483  0.916498
  1588.109985  0.252341  0.527012  0.638591  0.750171  0.915913
  1591.670044  0.254012  0.527024  0.638636  0.750248  0.912046
  1595.229980  0.252582  0.526334  0.638065  0.749796  0.916921
  1598.790039  0.252987  0.526233  0.637939  0.749645  0.910902
  1602.349976  0.251835  0.525853  0.637526  0.749199  0.911056
  1605.920044  0.253006  0.525291  0.637034  0.748778  0.908653
  1609.479980  0.247736  0.524642  0.636397  0.748152  0.906836
  1613.040039  0.249134  0.523563  0.635247  0.746932  0.901442
  1616.609985  0.249872  0.522178  0.633728  0.745278  0.892882
  1620.170044  0.248064  0.520618  0.631984  0.743349  0.877722
  1623.739990  0.245566  0.518269  0.629493  0.740717  0.871545
  1627.310059  0.243161  0.515975  0.627129  0.738284  0.872232
  1630.869995  0.242877  0.513394  0.624555  0.735716  0.870172
  1634.439941  0.243659  0.511561  0.622844  0.734127  0.867428
  1638.010010  0.241038  0.510148  0.621678  0.733208  0.863081
  1641.579956  0.240603  0.509628  0.621334  0.733039  0.866521
  1645.150024  0.242321  0.509254  0.621042  0.732831  0.865670
  1648.709961  0.238523  0.508997  0.620766  0.732535  0.865438
  1652.290039  0.240291  0.508540  0.620182  0.731825  0.866948
  1655.859985  0.234246  0.506086  0.617664  0.729243  0.865753
  1659.430054  0.235302  0.500980  0.613005  0.725030  0.862575
  1663.000000  0.229216  0.492541  0.606206  0.719872  0.857892
  1666.569946  0.220968  0.481895  0.598360  0.714824  0.850825
  1670.140015  0.207618  0.469753  0.590130  0.710507  0.842599
  1673.719971  0.202113  0.458722  0.582661  0.706600  0.836985
  1677.290039  0.191241  0.450962  0.577108  0.703254  0.829894
  1680.869995  0.185958  0.446807  0.573326  0.699844  0.826384
  1684.439941  0.185266  0.445292  0.570589  0.695886  0.818694
  1688.020020  0.186645  0.444351  0.567304  0.690257  0.822610
  1691.589966  0.194388  0.443308  0.563074  0.682841  0.804764
  1695.170044  0.198338  0.442645  0.558752  0.674858  0.800464
  1698.750000  0.197562  0.442439  0.553986  0.665534  0.794202
  1702.329956  0.201266  0.443133  0.549959  0.656785  0.785147
  1705.910034  0.204790  0.443301  0.545823  0.648344  0.767156
  1709.489990  0.204178  0.441388  0.540620  0.639851  0.760594
  1713.069946  0.207737  0.437730  0.533609  0.629488  0.742302
  1716.650024  0.210946  0.433566  0.525817  0.618067  0.729810
  1720.229980  0.208426  0.427752  0.517245  0.606737  0.724008
