ENVI ASCII Plot File [Sun Apr 06 17:26:05 2025]
Column 1: Wavelength
Column 2: Min: ROI #80~~2##255,0,0
Column 3: Mean-StdDev: ROI #80~~21##0,200,0
Column 4: Mean: ROI #80~~0##0,0,0
Column 5: Mean+StdDev: ROI #80~~21##0,200,0
Column 6: Max: ROI #80~~2##255,0,0
   935.609985  0.211894  0.363880  0.421166  0.478452  0.615744
   939.059998  0.218333  0.365809  0.422838  0.479867  0.617279
   942.520020  0.195994  0.374087  0.440807  0.507526  0.651777
   945.979980  0.219333  0.380578  0.455576  0.530575  0.694369
   949.429993  0.211728  0.384668  0.465889  0.547109  0.723275
   952.890015  0.216724  0.390144  0.474447  0.558749  0.736198
   956.349976  0.215801  0.394469  0.480821  0.567172  0.757741
   959.809998  0.225690  0.398306  0.485755  0.573205  0.766999
   963.270020  0.227168  0.402015  0.490291  0.578566  0.774440
   966.729980  0.231657  0.405266  0.494349  0.583431  0.784686
   970.190002  0.233686  0.408603  0.498454  0.588306  0.791015
   973.650024  0.237809  0.411490  0.501907  0.592325  0.795532
   977.109985  0.238521  0.414426  0.505523  0.596619  0.799013
   980.580017  0.242342  0.417729  0.509353  0.600978  0.809065
   984.039978  0.244555  0.420731  0.513028  0.605324  0.813133
   987.510010  0.246600  0.423608  0.516456  0.609305  0.818651
   990.969971  0.247722  0.426703  0.520155  0.613606  0.826792
   994.429993  0.251748  0.429843  0.523829  0.617814  0.833841
   997.900024  0.253293  0.433096  0.527694  0.622292  0.836258
  1001.369995  0.255863  0.435899  0.531073  0.626248  0.843923
  1004.830017  0.254846  0.438968  0.534750  0.630532  0.849654
  1008.299988  0.261080  0.442062  0.538422  0.634781  0.855293
  1011.770020  0.262106  0.445340  0.542239  0.639137  0.861103
  1015.239990  0.264343  0.448282  0.545774  0.643266  0.866320
  1018.710022  0.264456  0.451226  0.549288  0.647349  0.870687
  1022.179993  0.267500  0.454267  0.552892  0.651518  0.878600
  1025.650024  0.270754  0.457394  0.556548  0.655702  0.884296
  1029.119995  0.273519  0.460351  0.560107  0.659863  0.892242
  1032.589966  0.275674  0.463406  0.563689  0.663971  0.897394
  1036.060059  0.275302  0.466274  0.567095  0.667917  0.902480
  1039.530029  0.277674  0.469177  0.570559  0.671940  0.907944
  1043.000000  0.280331  0.472204  0.574153  0.676102  0.914623
  1046.479980  0.281504  0.475258  0.577730  0.680202  0.920414
  1049.949951  0.282600  0.478092  0.581115  0.684137  0.924306
  1053.430054  0.286663  0.480845  0.584425  0.688005  0.928660
  1056.900024  0.289669  0.483689  0.587797  0.691905  0.934305
  1060.380005  0.290489  0.486529  0.591158  0.695788  0.941127
  1063.849976  0.292945  0.489342  0.594514  0.699686  0.947850
  1067.329956  0.294562  0.492078  0.597799  0.703521  0.953927
  1070.810059  0.295414  0.494822  0.601071  0.707319  0.959799
  1074.290039  0.299406  0.497599  0.604357  0.711115  0.965909
  1077.760010  0.300786  0.500192  0.607487  0.714781  0.970448
  1081.239990  0.302837  0.502882  0.610701  0.718520  0.976308
  1084.719971  0.304513  0.505496  0.613840  0.722184  0.980874
  1088.199951  0.305146  0.507939  0.616767  0.725594  0.985290
  1091.680054  0.306655  0.510361  0.619656  0.728951  0.989959
  1095.170044  0.309164  0.512788  0.622606  0.732424  0.993304
  1098.650024  0.310712  0.515261  0.625557  0.735852  0.999452
  1102.130005  0.310896  0.517537  0.628281  0.739025  1.004645
  1105.609985  0.313564  0.519702  0.630856  0.742009  1.007448
  1109.099976  0.314976  0.521748  0.633288  0.744827  1.009989
  1112.579956  0.316352  0.523804  0.635774  0.747744  1.013460
  1116.069946  0.317588  0.525824  0.638225  0.750626  1.014453
  1119.550049  0.318830  0.527869  0.640602  0.753335  1.015148
  1123.040039  0.320099  0.529614  0.642670  0.755726  1.013585
  1126.520020  0.321272  0.531142  0.644442  0.757743  1.005320
  1130.010010  0.321142  0.532297  0.645731  0.759166  0.995061
  1133.500000  0.319665  0.533038  0.646518  0.759997  0.977671
  1136.989990  0.318428  0.533242  0.646849  0.760457  0.954015
  1140.469971  0.317008  0.533728  0.647520  0.761312  0.932104
  1143.959961  0.316029  0.534474  0.648549  0.762624  0.923765
  1147.449951  0.317440  0.535826  0.650261  0.764695  0.931939
  1150.939941  0.320159  0.537672  0.652466  0.767260  0.956371
  1154.430054  0.323701  0.539777  0.654937  0.770097  0.982940
  1157.930054  0.324603  0.541331  0.656908  0.772485  1.006877
  1161.420044  0.327721  0.542507  0.658353  0.774198  1.022848
  1164.910034  0.328657  0.543091  0.659174  0.775257  1.031854
  1168.400024  0.328505  0.543698  0.659971  0.776245  1.035235
  1171.900024  0.327736  0.544272  0.660699  0.777126  1.040790
  1175.390015  0.328456  0.544865  0.661456  0.778048  1.043991
  1178.890015  0.331260  0.545357  0.662083  0.778808  1.043583
  1182.380005  0.329487  0.545875  0.662726  0.779576  1.040872
  1185.880005  0.331944  0.546504  0.663500  0.780496  1.043233
  1189.369995  0.330633  0.547448  0.664657  0.781866  1.042091
  1192.869995  0.332809  0.548633  0.666141  0.783648  1.044183
  1196.369995  0.332331  0.550142  0.667985  0.785828  1.041383
  1199.869995  0.335694  0.551754  0.669934  0.788114  1.041815
  1203.369995  0.334433  0.553452  0.671976  0.790500  1.039519
  1206.869995  0.334857  0.555106  0.674028  0.792950  1.044560
  1210.369995  0.336284  0.556971  0.676266  0.795560  1.049101
  1213.869995  0.337789  0.559183  0.679009  0.798835  1.056025
  1217.369995  0.340005  0.561705  0.682081  0.802456  1.066655
  1220.869995  0.343494  0.564291  0.685312  0.806333  1.079278
  1224.369995  0.342251  0.566991  0.688631  0.810272  1.087457
  1227.869995  0.345867  0.569636  0.691914  0.814193  1.096231
  1231.380005  0.348759  0.572356  0.695181  0.818005  1.106256
  1234.880005  0.350081  0.574730  0.698123  0.821515  1.113241
  1238.390015  0.353122  0.577193  0.701086  0.824978  1.120620
  1241.890015  0.354607  0.579283  0.703715  0.828147  1.126842
  1245.400024  0.356210  0.581358  0.706229  0.831100  1.132713
  1248.900024  0.355319  0.583250  0.708615  0.833979  1.138828
  1252.410034  0.356114  0.585265  0.711063  0.836861  1.145987
  1255.920044  0.356935  0.587036  0.713301  0.839566  1.148867
  1259.420044  0.360244  0.588713  0.715356  0.841998  1.153184
  1262.930054  0.360132  0.590328  0.717402  0.844477  1.158279
  1266.439941  0.363622  0.592073  0.719475  0.846876  1.161566
  1269.949951  0.361245  0.593573  0.721421  0.849269  1.161593
  1273.459961  0.364327  0.595205  0.723399  0.851594  1.169005
  1276.969971  0.362644  0.596611  0.725255  0.853900  1.172209
  1280.479980  0.366349  0.598409  0.727385  0.856360  1.179025
  1283.989990  0.365717  0.599754  0.729162  0.858571  1.179727
  1287.510010  0.368153  0.601405  0.731186  0.860967  1.186075
  1291.020020  0.367319  0.602741  0.732924  0.863107  1.186331
  1294.530029  0.370413  0.604305  0.734776  0.865248  1.190640
  1298.050049  0.370202  0.605494  0.736331  0.867169  1.192800
  1301.560059  0.372806  0.606936  0.738109  0.869281  1.194181
  1305.079956  0.372779  0.608052  0.739522  0.870992  1.200189
  1308.589966  0.372453  0.609223  0.740991  0.872759  1.203517
  1312.109985  0.370203  0.610048  0.742149  0.874250  1.206701
  1315.619995  0.372014  0.610863  0.743194  0.875525  1.208501
  1319.140015  0.375057  0.611237  0.743698  0.876160  1.207127
  1322.660034  0.373654  0.611838  0.744446  0.877054  1.205635
  1326.180054  0.373043  0.611842  0.744627  0.877411  1.207150
  1329.699951  0.373089  0.611557  0.744372  0.877187  1.207447
  1333.219971  0.370014  0.610588  0.743386  0.876185  1.205885
  1336.739990  0.367630  0.609418  0.742062  0.874705  1.203788
  1340.260010  0.367527  0.607823  0.740298  0.872772  1.197600
  1343.780029  0.365421  0.605961  0.738132  0.870303  1.190417
  1347.300049  0.364683  0.603557  0.735384  0.867210  1.184801
  1350.819946  0.360987  0.600922  0.732388  0.863854  1.177596
  1354.349976  0.360055  0.598376  0.729407  0.860439  1.175566
  1357.869995  0.358342  0.595901  0.726584  0.857268  1.165227
  1361.390015  0.355891  0.593731  0.723965  0.854199  1.165566
  1364.920044  0.353386  0.591584  0.721561  0.851539  1.157845
  1368.439941  0.353061  0.589449  0.719182  0.848915  1.151968
  1371.969971  0.348741  0.587721  0.717271  0.846820  1.143820
  1375.500000  0.349006  0.586190  0.715596  0.845002  1.142154
  1379.020020  0.347020  0.585065  0.714086  0.843106  1.134700
  1382.550049  0.347124  0.583558  0.712317  0.841076  1.133933
  1386.079956  0.342611  0.581527  0.710167  0.838806  1.123561
  1389.609985  0.344993  0.578904  0.707277  0.835650  1.116253
  1393.140015  0.339908  0.576241  0.703966  0.831691  1.108089
  1396.670044  0.338206  0.572503  0.699647  0.826791  1.100942
  1400.199951  0.334217  0.568213  0.694577  0.820942  1.090043
  1403.729980  0.326593  0.562581  0.687997  0.813413  1.081139
  1407.260010  0.322950  0.555594  0.679787  0.803981  1.065614
  1410.790039  0.316411  0.547571  0.670418  0.793265  1.044162
  1414.319946  0.307874  0.538596  0.659972  0.781348  1.030431
  1417.859985  0.304810  0.529082  0.648770  0.768457  1.013710
  1421.390015  0.296407  0.519518  0.637355  0.755192  0.997067
  1424.920044  0.287819  0.509434  0.625559  0.741684  0.977353
  1428.459961  0.277985  0.500401  0.614720  0.729040  0.957838
  1431.989990  0.275479  0.492024  0.604839  0.717654  0.942450
  1435.530029  0.270282  0.485125  0.596619  0.708113  0.930446
  1439.069946  0.266043  0.479509  0.589985  0.700460  0.917905
  1442.599976  0.263241  0.475081  0.584736  0.694391  0.913875
  1446.140015  0.257344  0.471703  0.580841  0.689978  0.903472
  1449.680054  0.258863  0.469174  0.577930  0.686685  0.902167
  1453.219971  0.256886  0.467403  0.575951  0.684500  0.897624
  1456.760010  0.255774  0.466526  0.574875  0.683224  0.903125
  1460.300049  0.249499  0.465432  0.573855  0.682278  0.901940
  1463.839966  0.251743  0.465231  0.573690  0.682150  0.899573
  1467.380005  0.252310  0.465213  0.573753  0.682293  0.899637
  1470.920044  0.254868  0.465536  0.574313  0.683090  0.906195
  1474.459961  0.251698  0.465686  0.574671  0.683656  0.903804
  1478.010010  0.253389  0.466471  0.575666  0.684861  0.907993
  1481.550049  0.252852  0.466997  0.576474  0.685950  0.908868
  1485.089966  0.253718  0.467662  0.577390  0.687118  0.914203
  1488.640015  0.253466  0.468091  0.578084  0.688078  0.914143
  1492.180054  0.255278  0.469016  0.579315  0.689615  0.916961
  1495.729980  0.252708  0.469816  0.580423  0.691031  0.920428
  1499.270020  0.255471  0.471002  0.582030  0.693059  0.923958
  1502.819946  0.254569  0.472126  0.583459  0.694791  0.928216
  1506.369995  0.256753  0.473311  0.585049  0.696786  0.931701
  1509.910034  0.256047  0.474492  0.586598  0.698705  0.932541
  1513.459961  0.257206  0.475837  0.588366  0.700894  0.940478
  1517.010010  0.258479  0.476846  0.589724  0.702601  0.942982
  1520.560059  0.259960  0.477844  0.591172  0.704500  0.943024
  1524.109985  0.259663  0.478555  0.592197  0.705839  0.947105
  1527.660034  0.257773  0.479251  0.593181  0.707112  0.948469
  1531.209961  0.257956  0.479513  0.593624  0.707735  0.951296
  1534.760010  0.256977  0.479825  0.594113  0.708401  0.949245
  1538.319946  0.262532  0.479727  0.594158  0.708589  0.953484
  1541.869995  0.256309  0.479646  0.594243  0.708840  0.952930
  1545.420044  0.258435  0.479270  0.593901  0.708532  0.953458
  1548.979980  0.255968  0.478803  0.593504  0.708205  0.950760
  1552.530029  0.258834  0.478159  0.592818  0.707477  0.954510
  1556.089966  0.256580  0.477387  0.592121  0.706856  0.949872
  1559.640015  0.254517  0.476604  0.591302  0.706000  0.953571
  1563.199951  0.252577  0.476005  0.590742  0.705478  0.948574
  1566.750000  0.255826  0.475105  0.589823  0.704541  0.950019
  1570.310059  0.252256  0.474410  0.589132  0.703855  0.948133
  1573.869995  0.253336  0.473727  0.588521  0.703315  0.944815
  1577.430054  0.252103  0.473547  0.588308  0.703069  0.943057
  1580.989990  0.251140  0.472995  0.587869  0.702743  0.943674
  1584.550049  0.252334  0.472796  0.587666  0.702535  0.939652
  1588.109985  0.251018  0.472314  0.587387  0.702459  0.939384
  1591.670044  0.249272  0.472501  0.587579  0.702657  0.938652
  1595.229980  0.250626  0.472133  0.587319  0.702504  0.940042
  1598.790039  0.249787  0.472192  0.587427  0.702663  0.938406
  1602.349976  0.249541  0.471946  0.587263  0.702581  0.933328
  1605.920044  0.246673  0.471674  0.587040  0.702406  0.931504
  1609.479980  0.247667  0.471404  0.586745  0.702086  0.926711
  1613.040039  0.249161  0.470562  0.585790  0.701019  0.918348
  1616.609985  0.248880  0.469378  0.584509  0.699640  0.906783
  1620.170044  0.249512  0.468191  0.583023  0.697854  0.895545
  1623.739990  0.245753  0.466190  0.580778  0.695366  0.868828
  1627.310059  0.244029  0.464331  0.578620  0.692910  0.844478
  1630.869995  0.242048  0.462243  0.576388  0.690533  0.827578
  1634.439941  0.240155  0.460926  0.575050  0.689175  0.830307
  1638.010010  0.240494  0.459900  0.574198  0.688496  0.827755
  1641.579956  0.239010  0.459770  0.574276  0.688781  0.830926
  1645.150024  0.238721  0.459721  0.574451  0.689182  0.830820
  1648.709961  0.238766  0.459790  0.574550  0.689310  0.832636
  1652.290039  0.238063  0.459632  0.574362  0.689092  0.831407
  1655.859985  0.234778  0.457500  0.572148  0.686797  0.828657
  1659.430054  0.229783  0.452921  0.567595  0.682270  0.828091
  1663.000000  0.221595  0.445412  0.561086  0.676760  0.821581
  1666.569946  0.210464  0.435516  0.553333  0.671150  0.815645
  1670.140015  0.199928  0.424089  0.545124  0.666159  0.806851
  1673.719971  0.187328  0.413483  0.537530  0.661578  0.802994
  1677.290039  0.178128  0.405877  0.531766  0.657655  0.795941
  1680.869995  0.175440  0.401792  0.527866  0.653940  0.793474
  1684.439941  0.169062  0.400029  0.524839  0.649649  0.786480
  1688.020020  0.176643  0.399124  0.521501  0.643879  0.778936
  1691.589966  0.171260  0.397685  0.517097  0.636509  0.770863
  1695.170044  0.180093  0.397036  0.512649  0.628262  0.765977
  1698.750000  0.186585  0.396580  0.507755  0.618930  0.756681
  1702.329956  0.193933  0.397221  0.503809  0.610397  0.746851
  1705.910034  0.192836  0.396604  0.499257  0.601910  0.731631
  1709.489990  0.197021  0.394932  0.494155  0.593378  0.720476
  1713.069946  0.193873  0.391126  0.487442  0.583757  0.705681
  1716.650024  0.196638  0.387306  0.480009  0.572712  0.697864
  1720.229980  0.175552  0.381468  0.471295  0.561123  0.692487
