ENVI ASCII Plot File [Sun Apr 06 17:29:09 2025]
Column 1: Wavelength
Column 2: Min: ROI #83~~2##255,0,0
Column 3: Mean-StdDev: ROI #83~~21##0,200,0
Column 4: Mean: ROI #83~~0##0,0,0
Column 5: Mean+StdDev: ROI #83~~21##0,200,0
Column 6: Max: ROI #83~~2##255,0,0
   935.609985  0.223997  0.461856  0.533154  0.604452  0.734107
   939.059998  0.228068  0.464559  0.535704  0.606848  0.721727
   942.520020  0.214734  0.481386  0.560985  0.640583  0.756830
   945.979980  0.233019  0.493605  0.581680  0.669754  0.779874
   949.429993  0.224216  0.502007  0.595760  0.689514  0.798608
   952.890015  0.237839  0.509507  0.605941  0.702376  0.821309
   956.349976  0.236257  0.514848  0.613106  0.711365  0.834551
   959.809998  0.241984  0.518972  0.618036  0.717101  0.841366
   963.270020  0.245206  0.522684  0.622582  0.722479  0.847394
   966.729980  0.240967  0.526011  0.626634  0.727257  0.853705
   970.190002  0.247341  0.529460  0.630719  0.731979  0.861638
   973.650024  0.244458  0.532396  0.634228  0.736061  0.864452
   977.109985  0.250064  0.535502  0.637902  0.740302  0.871832
   980.580017  0.250663  0.538788  0.641725  0.744662  0.877959
   984.039978  0.255107  0.541830  0.645314  0.748798  0.884861
   987.510010  0.254829  0.544704  0.648683  0.752663  0.883249
   990.969971  0.256936  0.547768  0.652272  0.756776  0.890450
   994.429993  0.259759  0.550853  0.655920  0.760987  0.893397
   997.900024  0.260198  0.554162  0.659722  0.765281  0.899722
  1001.369995  0.261629  0.557056  0.663131  0.769206  0.902741
  1004.830017  0.262944  0.560162  0.666745  0.773328  0.905970
  1008.299988  0.262379  0.563230  0.670364  0.777498  0.912079
  1011.770020  0.265259  0.566513  0.674131  0.781749  0.917580
  1015.239990  0.267100  0.569491  0.677659  0.785827  0.921367
  1018.710022  0.270480  0.572459  0.681064  0.789668  0.925730
  1022.179993  0.272207  0.575453  0.684633  0.793814  0.931090
  1025.650024  0.274509  0.578578  0.688280  0.797981  0.936290
  1029.119995  0.275891  0.581505  0.691749  0.801993  0.941076
  1032.589966  0.276271  0.584582  0.695246  0.805911  0.946722
  1036.060059  0.278184  0.587344  0.698479  0.809614  0.950238
  1039.530029  0.279033  0.590215  0.701882  0.813548  0.952634
  1043.000000  0.282985  0.593205  0.705393  0.817580  0.959557
  1046.479980  0.283612  0.596173  0.708817  0.821461  0.962374
  1049.949951  0.286247  0.598937  0.712040  0.825144  0.965605
  1053.430054  0.285725  0.601612  0.715204  0.828796  0.969641
  1056.900024  0.288163  0.604399  0.718476  0.832553  0.975259
  1060.380005  0.290536  0.607173  0.721729  0.836284  0.980027
  1063.849976  0.291141  0.609874  0.724930  0.839986  0.984707
  1067.329956  0.291812  0.612534  0.728052  0.843570  0.989080
  1070.810059  0.294383  0.615202  0.731145  0.847089  0.994193
  1074.290039  0.296622  0.617862  0.734261  0.850660  0.999094
  1077.760010  0.297219  0.620372  0.737226  0.854079  1.003765
  1081.239990  0.297475  0.622868  0.740162  0.857456  1.006250
  1084.719971  0.299603  0.625349  0.743081  0.860813  1.010198
  1088.199951  0.301749  0.627643  0.745806  0.863970  1.015491
  1091.680054  0.302797  0.629841  0.748456  0.867070  1.017839
  1095.170044  0.303511  0.632101  0.751147  0.870194  1.022239
  1098.650024  0.306176  0.634313  0.753726  0.873140  1.026140
  1102.130005  0.307738  0.636249  0.756064  0.875879  1.028243
  1105.609985  0.307385  0.638078  0.758285  0.878492  1.031056
  1109.099976  0.308288  0.639853  0.760383  0.880914  1.035558
  1112.579956  0.308259  0.641573  0.762498  0.883424  1.035856
  1116.069946  0.310544  0.643256  0.764581  0.885906  1.034467
  1119.550049  0.311168  0.644910  0.766581  0.888252  1.035862
  1123.040039  0.312496  0.646255  0.768304  0.890353  1.033622
  1126.520020  0.313882  0.647216  0.769671  0.892126  1.028568
  1130.010010  0.312071  0.647555  0.770414  0.893274  1.021295
  1133.500000  0.312266  0.647391  0.770710  0.894028  1.022112
  1136.989990  0.312634  0.646670  0.770616  0.894562  1.021757
  1140.469971  0.312780  0.646213  0.770756  0.895299  1.023184
  1143.959961  0.311521  0.646372  0.771369  0.896365  1.025576
  1147.449951  0.311754  0.647239  0.772363  0.897487  1.028041
  1150.939941  0.311225  0.648866  0.773813  0.898761  1.029406
  1154.430054  0.313076  0.650591  0.775173  0.899755  1.028014
  1157.930054  0.315193  0.651671  0.775952  0.900233  1.028466
  1161.420044  0.315208  0.652336  0.776331  0.900325  1.032105
  1164.910034  0.314462  0.652389  0.776242  0.900095  1.037192
  1168.400024  0.313689  0.652324  0.776085  0.899846  1.041405
  1171.900024  0.314732  0.652231  0.775907  0.899582  1.044676
  1175.390015  0.314321  0.652098  0.775746  0.899395  1.044376
  1178.890015  0.314575  0.651954  0.775639  0.899324  1.044378
  1182.380005  0.316280  0.652027  0.775741  0.899455  1.045123
  1185.880005  0.314752  0.652261  0.776081  0.899901  1.041129
  1189.369995  0.314993  0.652977  0.777008  0.901038  1.041051
  1192.869995  0.316121  0.653866  0.778304  0.902742  1.040731
  1196.369995  0.316685  0.655293  0.780061  0.904830  1.041362
  1199.869995  0.316776  0.656604  0.781815  0.907026  1.039882
  1203.369995  0.318584  0.658209  0.783856  0.909503  1.043693
  1206.869995  0.319157  0.659850  0.785853  0.911856  1.042249
  1210.369995  0.321112  0.661759  0.788123  0.914487  1.048473
  1213.869995  0.319843  0.663887  0.790645  0.917404  1.052467
  1217.369995  0.322456  0.666295  0.793381  0.920467  1.059849
  1220.869995  0.324468  0.668615  0.796122  0.923629  1.070926
  1224.369995  0.324159  0.671176  0.799016  0.926856  1.077515
  1227.869995  0.324925  0.673622  0.801883  0.930143  1.082421
  1231.380005  0.326380  0.676095  0.804733  0.933371  1.090375
  1234.880005  0.330476  0.678367  0.807426  0.936485  1.096062
  1238.390015  0.328984  0.680477  0.809899  0.939321  1.101632
  1241.890015  0.332366  0.682394  0.812181  0.941969  1.106711
  1245.400024  0.331992  0.684238  0.814374  0.944509  1.108353
  1248.900024  0.332584  0.685870  0.816404  0.946939  1.111943
  1252.410034  0.334009  0.687622  0.818401  0.949180  1.116458
  1255.920044  0.335674  0.689116  0.820240  0.951364  1.121499
  1259.420044  0.334295  0.690497  0.821924  0.953352  1.127321
  1262.930054  0.337180  0.691763  0.823469  0.955174  1.129394
  1266.439941  0.336303  0.693202  0.825113  0.957024  1.126957
  1269.949951  0.337414  0.694349  0.826626  0.958902  1.133092
  1273.459961  0.335938  0.695693  0.828231  0.960768  1.136878
  1276.969971  0.338117  0.696883  0.829744  0.962605  1.137531
  1280.479980  0.339588  0.698354  0.831521  0.964688  1.141746
  1283.989990  0.341132  0.699566  0.833074  0.966581  1.146877
  1287.510010  0.341180  0.700916  0.834719  0.968522  1.149578
  1291.020020  0.342027  0.702079  0.836221  0.970363  1.152788
  1294.530029  0.343170  0.703197  0.837604  0.972010  1.154472
  1298.050049  0.341615  0.704133  0.838855  0.973578  1.152746
  1301.560059  0.342351  0.705133  0.840102  0.975071  1.155250
  1305.079956  0.343225  0.706013  0.841139  0.976265  1.157228
  1308.589966  0.343361  0.706731  0.842075  0.977418  1.157036
  1312.109985  0.342233  0.707137  0.842717  0.978296  1.158424
  1315.619995  0.346234  0.707405  0.843109  0.978813  1.162744
  1319.140015  0.341490  0.707231  0.843030  0.978828  1.159780
  1322.660034  0.341880  0.707064  0.842925  0.978786  1.158189
  1326.180054  0.340363  0.706376  0.842218  0.978060  1.158525
  1329.699951  0.344852  0.705366  0.841080  0.976794  1.158807
  1333.219971  0.339062  0.703531  0.839102  0.974673  1.155260
  1336.739990  0.340633  0.701320  0.836621  0.971921  1.151527
  1340.260010  0.336211  0.698632  0.833649  0.968666  1.144846
  1343.780029  0.337376  0.695823  0.830415  0.965007  1.141422
  1347.300049  0.332833  0.692512  0.826686  0.960861  1.135803
  1350.819946  0.332015  0.689094  0.822736  0.956378  1.129410
  1354.349976  0.328853  0.685873  0.818948  0.952022  1.123061
  1357.869995  0.327451  0.682837  0.815435  0.948032  1.123098
  1361.390015  0.325337  0.680016  0.812159  0.944303  1.113935
  1364.920044  0.321440  0.677249  0.809025  0.940801  1.107346
  1368.439941  0.320883  0.674335  0.805930  0.937524  1.102399
  1371.969971  0.322119  0.671863  0.803219  0.934575  1.098979
  1375.500000  0.316885  0.669929  0.801167  0.932404  1.095134
  1379.020020  0.313204  0.668109  0.799062  0.930016  1.090446
  1382.550049  0.313738  0.666004  0.796616  0.927228  1.083115
  1386.079956  0.313683  0.663116  0.793580  0.924045  1.079782
  1389.609985  0.309118  0.659487  0.789533  0.919579  1.070291
  1393.140015  0.308979  0.655455  0.784704  0.913952  1.062389
  1396.670044  0.304658  0.650036  0.778522  0.907008  1.055247
  1400.199951  0.300343  0.644207  0.771597  0.898987  1.047738
  1403.729980  0.296669  0.637025  0.763326  0.889627  1.031780
  1407.260010  0.293340  0.628709  0.753601  0.878493  1.019155
  1410.790039  0.287098  0.619347  0.742773  0.866199  1.006996
  1414.319946  0.280414  0.609164  0.730984  0.852805  0.987430
  1417.859985  0.278741  0.598495  0.718520  0.838544  0.974087
  1421.390015  0.269274  0.587904  0.705991  0.824078  0.957661
  1424.920044  0.264683  0.577302  0.693584  0.809865  0.943950
  1428.459961  0.258649  0.567676  0.682241  0.796806  0.925579
  1431.989990  0.255626  0.558817  0.671877  0.784938  0.912951
  1435.530029  0.249697  0.551490  0.663221  0.774953  0.900152
  1439.069946  0.248989  0.545212  0.655904  0.766596  0.893124
  1442.599976  0.242203  0.540323  0.650169  0.760015  0.883885
  1446.140015  0.245150  0.536459  0.645673  0.754888  0.881295
  1449.680054  0.239143  0.533443  0.642155  0.750867  0.879973
  1453.219971  0.239722  0.531145  0.639491  0.747837  0.879508
  1456.760010  0.238802  0.529674  0.637745  0.745817  0.875826
  1460.300049  0.238675  0.528260  0.636213  0.744166  0.877480
  1463.839966  0.238892  0.527668  0.635599  0.743531  0.873979
  1467.380005  0.239771  0.527165  0.635144  0.743124  0.875605
  1470.920044  0.236712  0.527309  0.635322  0.743335  0.872019
  1474.459961  0.236349  0.527343  0.635539  0.743735  0.875116
  1478.010010  0.234690  0.527920  0.636291  0.744663  0.880454
  1481.550049  0.237744  0.528489  0.637053  0.745617  0.881078
  1485.089966  0.238393  0.529011  0.637851  0.746691  0.885424
  1488.640015  0.237888  0.529493  0.638512  0.747531  0.885930
  1492.180054  0.237443  0.530358  0.639572  0.748785  0.886149
  1495.729980  0.236938  0.531003  0.640529  0.750055  0.886684
  1499.270020  0.238704  0.532137  0.641957  0.751777  0.891921
  1502.819946  0.238720  0.533150  0.643281  0.753412  0.898016
  1506.369995  0.239550  0.534275  0.644685  0.755095  0.898036
  1509.910034  0.234779  0.535541  0.646260  0.756978  0.900344
  1513.459961  0.239587  0.536685  0.647747  0.758810  0.905195
  1517.010010  0.237123  0.537554  0.648972  0.760391  0.907415
  1520.560059  0.241780  0.538527  0.650269  0.762010  0.909251
  1524.109985  0.237478  0.539248  0.651250  0.763252  0.908616
  1527.660034  0.242784  0.539801  0.652022  0.764243  0.915053
  1531.209961  0.237385  0.539875  0.652322  0.764768  0.914071
  1534.760010  0.240494  0.540350  0.652849  0.765349  0.917498
  1538.319946  0.238926  0.540223  0.652853  0.765483  0.912794
  1541.869995  0.240574  0.540163  0.652832  0.765500  0.915148
  1545.420044  0.237742  0.539625  0.652382  0.765139  0.916307
  1548.979980  0.237865  0.539084  0.651866  0.764648  0.918080
  1552.530029  0.237011  0.538300  0.651055  0.763810  0.916227
  1556.089966  0.236351  0.537676  0.650393  0.763110  0.917494
  1559.640015  0.237190  0.536582  0.649389  0.762195  0.917237
  1563.199951  0.237930  0.535994  0.648779  0.761563  0.916494
  1566.750000  0.233641  0.535061  0.647824  0.760586  0.911829
  1570.310059  0.233314  0.534388  0.647112  0.759836  0.913005
  1573.869995  0.237245  0.533702  0.646483  0.759265  0.911079
  1577.430054  0.234945  0.533385  0.646127  0.758870  0.914735
  1580.989990  0.234176  0.532706  0.645548  0.758390  0.911470
  1584.550049  0.235093  0.532471  0.645398  0.758325  0.905989
  1588.109985  0.232494  0.531983  0.645102  0.758222  0.906865
  1591.670044  0.233124  0.532209  0.645336  0.758464  0.905807
  1595.229980  0.234006  0.531598  0.644880  0.758163  0.908524
  1598.790039  0.228538  0.531621  0.644963  0.758304  0.905944
  1602.349976  0.233739  0.531333  0.644820  0.758307  0.908818
  1605.920044  0.231000  0.530874  0.644445  0.758015  0.903576
  1609.479980  0.232376  0.530386  0.644066  0.757746  0.902257
  1613.040039  0.229332  0.529481  0.643168  0.756855  0.894087
  1616.609985  0.228886  0.528142  0.641925  0.755707  0.893996
  1620.170044  0.227937  0.526790  0.640609  0.754428  0.888868
  1623.739990  0.227455  0.524730  0.638722  0.752714  0.891166
  1627.310059  0.226331  0.522689  0.636905  0.751120  0.886680
  1630.869995  0.223618  0.520578  0.635086  0.749595  0.885570
  1634.439941  0.222163  0.519038  0.633869  0.748699  0.879827
  1638.010010  0.225371  0.517747  0.632982  0.748217  0.890436
  1641.579956  0.222692  0.517355  0.632822  0.748289  0.885399
  1645.150024  0.224674  0.517139  0.632703  0.748267  0.883339
  1648.709961  0.220968  0.517033  0.632534  0.748036  0.880766
  1652.290039  0.220591  0.516612  0.631966  0.747320  0.883623
  1655.859985  0.223986  0.514450  0.629875  0.745300  0.879306
  1659.430054  0.219401  0.509821  0.625912  0.742003  0.878556
  1663.000000  0.214162  0.502683  0.620217  0.737751  0.868809
  1666.569946  0.207981  0.494056  0.613678  0.733299  0.865471
  1670.140015  0.197457  0.484457  0.606796  0.729136  0.856946
  1673.719971  0.192468  0.476003  0.600634  0.725265  0.854651
  1677.290039  0.186487  0.469780  0.595849  0.721919  0.845124
  1680.869995  0.184646  0.466262  0.592475  0.718687  0.842799
  1684.439941  0.183811  0.464425  0.589651  0.714877  0.839214
  1688.020020  0.180360  0.463251  0.586500  0.709749  0.831720
  1691.589966  0.185452  0.461111  0.582028  0.702945  0.822880
  1695.170044  0.182778  0.459762  0.577591  0.695420  0.814114
  1698.750000  0.189541  0.458067  0.572444  0.686822  0.809334
  1702.329956  0.184744  0.457883  0.568261  0.678640  0.798263
  1705.910034  0.192956  0.456552  0.563441  0.670330  0.788125
  1709.489990  0.182540  0.454641  0.558442  0.662242  0.782095
  1713.069946  0.194722  0.450960  0.551716  0.652472  0.780502
  1716.650024  0.187999  0.446311  0.543710  0.641110  0.766637
  1720.229980  0.190977  0.440216  0.534620  0.629025  0.763176
