ENVI ASCII Plot File [Sun Apr 06 17:24:57 2025]
Column 1: Wavelength
Column 2: Min: ROI #79~~2##255,0,0
Column 3: Mean-StdDev: ROI #79~~21##0,200,0
Column 4: Mean: ROI #79~~0##0,0,0
Column 5: Mean+StdDev: ROI #79~~21##0,200,0
Column 6: Max: ROI #79~~2##255,0,0
   935.609985  0.224006  0.363027  0.421177  0.479327  0.623491
   939.059998  0.228948  0.365167  0.423060  0.480954  0.613541
   942.520020  0.212743  0.375939  0.442781  0.509624  0.676204
   945.979980  0.212908  0.381743  0.457269  0.532795  0.692457
   949.429993  0.217279  0.386521  0.467959  0.549397  0.731537
   952.890015  0.211945  0.392348  0.477100  0.561852  0.738911
   956.349976  0.210920  0.396906  0.483530  0.570154  0.755845
   959.809998  0.214627  0.400772  0.488506  0.576240  0.766640
   963.270020  0.220538  0.404362  0.493008  0.581653  0.772359
   966.729980  0.218809  0.407540  0.496910  0.586281  0.779684
   970.190002  0.225378  0.411052  0.501129  0.591205  0.785150
   973.650024  0.221221  0.413915  0.504584  0.595254  0.792779
   977.109985  0.228667  0.416864  0.508205  0.599546  0.797668
   980.580017  0.225600  0.420112  0.512039  0.603966  0.806857
   984.039978  0.232387  0.423278  0.515792  0.608305  0.811135
   987.510010  0.232894  0.426153  0.519213  0.612273  0.815517
   990.969971  0.236787  0.429258  0.522951  0.616644  0.823731
   994.429993  0.237057  0.432393  0.526628  0.620864  0.828123
   997.900024  0.243028  0.435631  0.530457  0.625283  0.834938
  1001.369995  0.242197  0.438504  0.533904  0.629305  0.841709
  1004.830017  0.246502  0.441546  0.537542  0.633539  0.846334
  1008.299988  0.245986  0.444626  0.541184  0.637742  0.853193
  1011.770020  0.250054  0.447949  0.545098  0.642247  0.859019
  1015.239990  0.254051  0.450881  0.548631  0.646380  0.861982
  1018.710022  0.258103  0.453860  0.552123  0.650386  0.868568
  1022.179993  0.257901  0.456949  0.555775  0.654602  0.873745
  1025.650024  0.260504  0.460031  0.559464  0.658897  0.881857
  1029.119995  0.261737  0.463008  0.563004  0.663001  0.890171
  1032.589966  0.265643  0.466066  0.566578  0.667089  0.894922
  1036.060059  0.266378  0.468957  0.569965  0.670974  0.899048
  1039.530029  0.269936  0.471868  0.573453  0.675038  0.904940
  1043.000000  0.272772  0.474895  0.577043  0.679191  0.907695
  1046.479980  0.271843  0.477968  0.580676  0.683385  0.915359
  1049.949951  0.275675  0.480840  0.584071  0.687302  0.920409
  1053.430054  0.278413  0.483627  0.587372  0.691118  0.926906
  1056.900024  0.281295  0.486477  0.590782  0.695087  0.933569
  1060.380005  0.284863  0.489275  0.594127  0.698980  0.939043
  1063.849976  0.285411  0.492061  0.597457  0.702854  0.945443
  1067.329956  0.286181  0.494843  0.600767  0.706690  0.950283
  1070.810059  0.287589  0.497588  0.604028  0.710467  0.955549
  1074.290039  0.289252  0.500319  0.607295  0.714271  0.962013
  1077.760010  0.292861  0.502980  0.610486  0.717993  0.966063
  1081.239990  0.295832  0.505704  0.613736  0.721767  0.970587
  1084.719971  0.297427  0.508334  0.616893  0.725452  0.977133
  1088.199951  0.298847  0.510832  0.619860  0.728889  0.983006
  1091.680054  0.301091  0.513248  0.622743  0.732237  0.989242
  1095.170044  0.303439  0.515658  0.625658  0.735658  0.995226
  1098.650024  0.306599  0.518141  0.628611  0.739080  0.998939
  1102.130005  0.308305  0.520400  0.631327  0.742254  1.001170
  1105.609985  0.307630  0.522553  0.633910  0.745267  1.005129
  1109.099976  0.309073  0.524641  0.636381  0.748120  1.006641
  1112.579956  0.311873  0.526760  0.638906  0.751052  1.008575
  1116.069946  0.314875  0.528751  0.641307  0.753863  1.010436
  1119.550049  0.314406  0.530772  0.643656  0.756540  1.010699
  1123.040039  0.316070  0.532513  0.645710  0.758907  1.008908
  1126.520020  0.318295  0.534125  0.647470  0.760816  1.003916
  1130.010010  0.318124  0.535220  0.648639  0.762058  0.994104
  1133.500000  0.315649  0.535976  0.649332  0.762688  0.977551
  1136.989990  0.314460  0.536229  0.649623  0.763016  0.955295
  1140.469971  0.314036  0.536677  0.650180  0.763682  0.933170
  1143.959961  0.311858  0.537397  0.651163  0.764929  0.928090
  1147.449951  0.314389  0.538744  0.652882  0.767019  0.933108
  1150.939941  0.316263  0.540650  0.655217  0.769785  0.956369
  1154.430054  0.322771  0.542775  0.657778  0.772781  0.981283
  1157.930054  0.324062  0.544336  0.659824  0.775311  1.006730
  1161.420044  0.326097  0.545510  0.661322  0.777134  1.020132
  1164.910034  0.325755  0.546079  0.662158  0.778237  1.029539
  1168.400024  0.326957  0.546667  0.662964  0.779262  1.033359
  1171.900024  0.326321  0.547318  0.663774  0.780230  1.037755
  1175.390015  0.327807  0.547934  0.664527  0.781120  1.039464
  1178.890015  0.327564  0.548366  0.665128  0.781891  1.042419
  1182.380005  0.329455  0.548848  0.665731  0.782614  1.040083
  1185.880005  0.327632  0.549507  0.666514  0.783521  1.041077
  1189.369995  0.328621  0.550462  0.667670  0.784879  1.039990
  1192.869995  0.329215  0.551739  0.669220  0.786702  1.039834
  1196.369995  0.330918  0.553257  0.671056  0.788856  1.038270
  1199.869995  0.330067  0.554793  0.672913  0.791034  1.038644
  1203.369995  0.332701  0.556471  0.674926  0.793381  1.039989
  1206.869995  0.332228  0.558133  0.676950  0.795767  1.041170
  1210.369995  0.335261  0.559938  0.679183  0.798428  1.046719
  1213.869995  0.336573  0.562177  0.681940  0.801703  1.051085
  1217.369995  0.336826  0.564778  0.685133  0.805487  1.061480
  1220.869995  0.340018  0.567373  0.688364  0.809356  1.075499
  1224.369995  0.343045  0.570025  0.691700  0.813376  1.084524
  1227.869995  0.344531  0.572737  0.695039  0.817342  1.092651
  1231.380005  0.347072  0.575428  0.698317  0.821206  1.101467
  1234.880005  0.347669  0.577885  0.701365  0.824844  1.111259
  1238.390015  0.351122  0.580306  0.704295  0.828283  1.117355
  1241.890015  0.350340  0.582411  0.706926  0.831442  1.123882
  1245.400024  0.354114  0.584455  0.709422  0.834389  1.130807
  1248.900024  0.353014  0.586403  0.711865  0.837327  1.134335
  1252.410034  0.356427  0.588459  0.714335  0.840210  1.139891
  1255.920044  0.354421  0.590135  0.716472  0.842808  1.144432
  1259.420044  0.359417  0.591809  0.718534  0.845259  1.149070
  1262.930054  0.358908  0.593435  0.720631  0.847827  1.153448
  1266.439941  0.360014  0.595245  0.722739  0.850233  1.159504
  1269.949951  0.359292  0.596670  0.724643  0.852616  1.162828
  1273.459961  0.361148  0.598401  0.726682  0.854962  1.166881
  1276.969971  0.359968  0.599806  0.728529  0.857252  1.172412
  1280.479980  0.365251  0.601518  0.730604  0.859689  1.176426
  1283.989990  0.364863  0.602878  0.732392  0.861906  1.178737
  1287.510010  0.364466  0.604626  0.734443  0.864260  1.184697
  1291.020020  0.366442  0.605896  0.736176  0.866456  1.186429
  1294.530029  0.368538  0.607500  0.738027  0.868553  1.191661
  1298.050049  0.367289  0.608650  0.739595  0.870540  1.189936
  1301.560059  0.368932  0.610119  0.741304  0.872490  1.195763
  1305.079956  0.372595  0.611247  0.742789  0.874331  1.195750
  1308.589966  0.370619  0.612422  0.744240  0.876058  1.201519
  1312.109985  0.367491  0.613254  0.745433  0.877612  1.202706
  1315.619995  0.371760  0.614133  0.746471  0.878809  1.206850
  1319.140015  0.371491  0.614479  0.747054  0.879628  1.201569
  1322.660034  0.371116  0.615159  0.747789  0.880420  1.205620
  1326.180054  0.373090  0.615045  0.747837  0.880629  1.207548
  1329.699951  0.371717  0.614780  0.747570  0.880360  1.204149
  1333.219971  0.370249  0.613811  0.746549  0.879287  1.203011
  1336.739990  0.368600  0.612581  0.745294  0.878007  1.202989
  1340.260010  0.369209  0.610983  0.743440  0.875897  1.195121
  1343.780029  0.367157  0.609117  0.741262  0.873408  1.188246
  1347.300049  0.365230  0.606747  0.738541  0.870336  1.181817
  1350.819946  0.360771  0.604211  0.735646  0.867082  1.179260
  1354.349976  0.363967  0.601733  0.732780  0.863827  1.169859
  1357.869995  0.358065  0.599472  0.730180  0.860889  1.166902
  1361.390015  0.355810  0.597232  0.727570  0.857907  1.163159
  1364.920044  0.356910  0.595142  0.725206  0.855270  1.155641
  1368.439941  0.353308  0.592977  0.722749  0.852520  1.148085
  1371.969971  0.353192  0.591171  0.720723  0.850274  1.140408
  1375.500000  0.350960  0.589687  0.719072  0.848457  1.135604
  1379.020020  0.350286  0.588492  0.717512  0.846531  1.130056
  1382.550049  0.350018  0.587061  0.715753  0.844446  1.125808
  1386.079956  0.347950  0.584901  0.713513  0.842126  1.118680
  1389.609985  0.345726  0.582535  0.710786  0.839036  1.112400
  1393.140015  0.343946  0.579799  0.707411  0.835023  1.104516
  1396.670044  0.339493  0.576071  0.703098  0.830124  1.093994
  1400.199951  0.336203  0.571802  0.698060  0.824319  1.088094
  1403.729980  0.330914  0.566215  0.691490  0.816766  1.078068
  1407.260010  0.325156  0.559221  0.683274  0.807326  1.060901
  1410.790039  0.316524  0.551124  0.673915  0.796706  1.042053
  1414.319946  0.312024  0.542357  0.663620  0.784884  1.024885
  1417.859985  0.304375  0.532919  0.652501  0.772082  1.009467
  1421.390015  0.291220  0.523238  0.641079  0.758919  0.993541
  1424.920044  0.286695  0.513276  0.629366  0.745455  0.977465
  1428.459961  0.280087  0.504187  0.618510  0.732834  0.956764
  1431.989990  0.272653  0.495765  0.608592  0.721418  0.938311
  1435.530029  0.265348  0.488844  0.600340  0.711835  0.926136
  1439.069946  0.264009  0.482994  0.593471  0.703948  0.913510
  1442.599976  0.259851  0.478389  0.588075  0.697762  0.907426
  1446.140015  0.258616  0.474974  0.584065  0.693156  0.899674
  1449.680054  0.253909  0.472458  0.581145  0.689831  0.898036
  1453.219971  0.255141  0.470562  0.579028  0.687495  0.895150
  1456.760010  0.251495  0.469486  0.577749  0.686012  0.895010
  1460.300049  0.254142  0.468230  0.576516  0.684801  0.895170
  1463.839966  0.252171  0.467928  0.576259  0.684590  0.892762
  1467.380005  0.251600  0.467781  0.576161  0.684541  0.894303
  1470.920044  0.248129  0.468078  0.576674  0.685271  0.896576
  1474.459961  0.250132  0.468110  0.576967  0.685823  0.895905
  1478.010010  0.246774  0.468774  0.577801  0.686827  0.902156
  1481.550049  0.252051  0.469214  0.578480  0.687746  0.901696
  1485.089966  0.248266  0.469882  0.579390  0.688898  0.905632
  1488.640015  0.250694  0.470201  0.580013  0.689826  0.904171
  1492.180054  0.251421  0.471101  0.581166  0.691231  0.908528
  1495.729980  0.251224  0.471767  0.582195  0.692624  0.909761
  1499.270020  0.251912  0.473019  0.583783  0.694547  0.915330
  1502.819946  0.252468  0.474071  0.585175  0.696279  0.919947
  1506.369995  0.252085  0.475215  0.586739  0.698264  0.922848
  1509.910034  0.252555  0.476415  0.588311  0.700207  0.926188
  1513.459961  0.254710  0.477669  0.589905  0.702141  0.930147
  1517.010010  0.252512  0.478696  0.591321  0.703946  0.933843
  1520.560059  0.254559  0.479711  0.592728  0.705744  0.932925
  1524.109985  0.252394  0.480311  0.593707  0.707103  0.936483
  1527.660034  0.254339  0.481034  0.594642  0.708249  0.940506
  1531.209961  0.253153  0.481246  0.595108  0.708969  0.941664
  1534.760010  0.257550  0.481606  0.595624  0.709641  0.945130
  1538.319946  0.256015  0.481495  0.595663  0.709831  0.943483
  1541.869995  0.256387  0.481446  0.595712  0.709977  0.946146
  1545.420044  0.254058  0.481026  0.595384  0.709741  0.946672
  1548.979980  0.255911  0.480428  0.594817  0.709207  0.945318
  1552.530029  0.251792  0.479790  0.594184  0.708579  0.943694
  1556.089966  0.254723  0.479080  0.593485  0.707890  0.940607
  1559.640015  0.252174  0.478210  0.592620  0.707030  0.945538
  1563.199951  0.250676  0.477568  0.591988  0.706408  0.943313
  1566.750000  0.248020  0.476687  0.591064  0.705440  0.941683
  1570.310059  0.249910  0.475949  0.590366  0.704784  0.939527
  1573.869995  0.249544  0.475399  0.589861  0.704323  0.939744
  1577.430054  0.247917  0.475086  0.589545  0.704004  0.936365
  1580.989990  0.246634  0.474639  0.589117  0.703595  0.937797
  1584.550049  0.244622  0.474248  0.588805  0.703362  0.930845
  1588.109985  0.244696  0.473933  0.588559  0.703186  0.936378
  1591.670044  0.245296  0.474136  0.588821  0.703507  0.931448
  1595.229980  0.245000  0.473743  0.588518  0.703293  0.934170
  1598.790039  0.243288  0.473656  0.588483  0.703310  0.927491
  1602.349976  0.246938  0.473443  0.588398  0.703354  0.925403
  1605.920044  0.243937  0.473238  0.588207  0.703177  0.921918
  1609.479980  0.243577  0.472909  0.587854  0.702798  0.919076
  1613.040039  0.241420  0.472130  0.586953  0.701776  0.909984
  1616.609985  0.242707  0.471102  0.585733  0.700364  0.900862
  1620.170044  0.236191  0.469833  0.584153  0.698474  0.885689
  1623.739990  0.237525  0.467821  0.581802  0.695782  0.859236
  1627.310059  0.233996  0.466007  0.579616  0.693226  0.844716
  1630.869995  0.235219  0.463835  0.577215  0.690595  0.839495
  1634.439941  0.230970  0.462449  0.575750  0.689051  0.843527
  1638.010010  0.230001  0.461345  0.574896  0.688446  0.839989
  1641.579956  0.229273  0.461211  0.574948  0.688685  0.842534
  1645.150024  0.229883  0.461220  0.575138  0.689057  0.842069
  1648.709961  0.225953  0.461312  0.575365  0.689418  0.843576
  1652.290039  0.228573  0.461118  0.575127  0.689136  0.841678
  1655.859985  0.222990  0.459022  0.572840  0.686658  0.840460
  1659.430054  0.220811  0.454019  0.567968  0.681917  0.836261
  1663.000000  0.214294  0.445964  0.561119  0.676274  0.831914
  1666.569946  0.202706  0.435196  0.552982  0.670767  0.823672
  1670.140015  0.193352  0.422789  0.544260  0.665731  0.819604
  1673.719971  0.181077  0.411391  0.536467  0.661544  0.811950
  1677.290039  0.175340  0.403268  0.530460  0.657652  0.805089
  1680.869995  0.171187  0.398926  0.526438  0.653949  0.794634
  1684.439941  0.171754  0.397415  0.523487  0.649558  0.792622
  1688.020020  0.170799  0.396830  0.520178  0.643526  0.788334
  1691.589966  0.174943  0.395750  0.515891  0.636032  0.778640
  1695.170044  0.173624  0.395218  0.511469  0.627719  0.771082
  1698.750000  0.176854  0.395532  0.506903  0.618274  0.764968
  1702.329956  0.182290  0.396717  0.503157  0.609596  0.750998
  1705.910034  0.192834  0.396334  0.498505  0.600676  0.745792
  1709.489990  0.182766  0.394752  0.493220  0.591687  0.733862
  1713.069946  0.187983  0.391191  0.486742  0.582293  0.711823
  1716.650024  0.171351  0.386885  0.478991  0.571096  0.711046
  1720.229980  0.189943  0.380707  0.469661  0.558616  0.691555
