ENVI ASCII Plot File [Sun Apr 06 17:30:54 2025]
Column 1: Wavelength
Column 2: Min: ROI #85~~2##255,0,0
Column 3: Mean-StdDev: ROI #85~~21##0,200,0
Column 4: Mean: ROI #85~~0##0,0,0
Column 5: Mean+StdDev: ROI #85~~21##0,200,0
Column 6: Max: ROI #85~~2##255,0,0
   935.609985  0.227545  0.410131  0.485025  0.559919  0.739151
   939.059998  0.232651  0.412413  0.487563  0.562714  0.742677
   942.520020  0.240526  0.426352  0.514190  0.602028  0.761126
   945.979980  0.238331  0.434823  0.534205  0.633587  0.815021
   949.429993  0.230128  0.441377  0.548672  0.655966  0.846869
   952.890015  0.221157  0.448102  0.559291  0.670480  0.867442
   956.349976  0.224976  0.453229  0.566744  0.680260  0.880464
   959.809998  0.225955  0.457427  0.572334  0.687240  0.891416
   963.270020  0.229028  0.461102  0.576996  0.692890  0.896655
   966.729980  0.229452  0.464483  0.581241  0.698000  0.902587
   970.190002  0.232120  0.468156  0.585669  0.703182  0.908189
   973.650024  0.232573  0.470994  0.589242  0.707491  0.915363
   977.109985  0.237055  0.474107  0.593028  0.711949  0.919334
   980.580017  0.239388  0.477296  0.596861  0.716427  0.926111
   984.039978  0.240539  0.480459  0.600677  0.720895  0.929094
   987.510010  0.239022  0.483338  0.604184  0.725030  0.938395
   990.969971  0.244344  0.486464  0.607939  0.729414  0.939417
   994.429993  0.243921  0.489501  0.611619  0.733738  0.945527
   997.900024  0.248736  0.492804  0.615497  0.738190  0.947834
  1001.369995  0.245026  0.495774  0.619072  0.742370  0.955910
  1004.830017  0.248732  0.498851  0.622721  0.746592  0.959283
  1008.299988  0.251079  0.501865  0.626396  0.750926  0.964096
  1011.770020  0.253397  0.505178  0.630280  0.755383  0.968952
  1015.239990  0.255128  0.508199  0.633867  0.759535  0.974631
  1018.710022  0.256800  0.511093  0.637374  0.763656  0.977931
  1022.179993  0.258589  0.514187  0.641051  0.767915  0.983840
  1025.650024  0.261111  0.517315  0.644779  0.772243  0.987973
  1029.119995  0.262960  0.520302  0.648369  0.776436  0.993681
  1032.589966  0.264501  0.523357  0.652005  0.780652  0.998915
  1036.060059  0.264581  0.526194  0.655376  0.784558  1.002332
  1039.530029  0.267863  0.529126  0.658870  0.788614  1.006286
  1043.000000  0.268504  0.532103  0.662452  0.792800  1.010846
  1046.479980  0.269294  0.535153  0.666066  0.796980  1.015421
  1049.949951  0.274083  0.538011  0.669492  0.800974  1.020927
  1053.430054  0.275245  0.540770  0.672793  0.804815  1.023873
  1056.900024  0.276106  0.543606  0.676211  0.808815  1.030576
  1060.380005  0.277873  0.546386  0.679546  0.812706  1.038301
  1063.849976  0.279913  0.549128  0.682841  0.816555  1.042843
  1067.329956  0.281229  0.551875  0.686181  0.820487  1.047976
  1070.810059  0.282711  0.554569  0.689381  0.824193  1.051874
  1074.290039  0.283720  0.557289  0.692615  0.827942  1.054242
  1077.760010  0.287164  0.559916  0.695767  0.831619  1.059804
  1081.239990  0.289325  0.562604  0.698965  0.835327  1.065164
  1084.719971  0.290574  0.565187  0.702059  0.838931  1.068735
  1088.199951  0.291517  0.567533  0.704906  0.842278  1.072166
  1091.680054  0.291576  0.569786  0.707618  0.845450  1.075045
  1095.170044  0.293365  0.572077  0.710372  0.848667  1.078404
  1098.650024  0.293032  0.574349  0.713068  0.851787  1.081885
  1102.130005  0.295599  0.576325  0.715482  0.854640  1.084776
  1105.609985  0.296834  0.578221  0.717757  0.857294  1.086715
  1109.099976  0.298651  0.580026  0.719912  0.859798  1.087598
  1112.579956  0.298511  0.581819  0.722053  0.862287  1.087343
  1116.069946  0.298265  0.583531  0.724077  0.864622  1.087350
  1119.550049  0.299642  0.585206  0.726033  0.866861  1.085284
  1123.040039  0.299083  0.586631  0.727644  0.868657  1.084110
  1126.520020  0.298275  0.587821  0.728815  0.869808  1.074670
  1130.010010  0.301085  0.588447  0.729262  0.870077  1.060698
  1133.500000  0.301821  0.588568  0.729043  0.869517  1.038369
  1136.989990  0.299387  0.588269  0.728406  0.868542  1.013809
  1140.469971  0.298982  0.588119  0.728023  0.867926  1.014505
  1143.959961  0.298801  0.588404  0.728367  0.868329  1.013907
  1147.449951  0.300561  0.589330  0.729665  0.869999  1.014640
  1150.939941  0.300067  0.590790  0.731693  0.872595  1.017025
  1154.430054  0.302249  0.592369  0.733826  0.875282  1.034148
  1157.930054  0.302819  0.593252  0.735303  0.877354  1.057014
  1161.420044  0.303934  0.593692  0.736084  0.878476  1.072969
  1164.910034  0.305086  0.593535  0.736189  0.878842  1.083919
  1168.400024  0.304904  0.593431  0.736213  0.878996  1.089333
  1171.900024  0.303409  0.593381  0.736284  0.879187  1.091412
  1175.390015  0.303371  0.593389  0.736339  0.879290  1.094496
  1178.890015  0.303959  0.593344  0.736344  0.879345  1.094270
  1182.380005  0.304587  0.593467  0.736456  0.879445  1.092922
  1185.880005  0.302431  0.593708  0.736792  0.879876  1.090341
  1189.369995  0.303531  0.594559  0.737767  0.880974  1.088876
  1192.869995  0.303529  0.595848  0.739250  0.882652  1.086168
  1196.369995  0.304838  0.597388  0.741064  0.884741  1.083505
  1199.869995  0.306192  0.599023  0.743003  0.886982  1.082419
  1203.369995  0.306629  0.600592  0.744934  0.889276  1.082551
  1206.869995  0.307092  0.602246  0.746927  0.891607  1.083763
  1210.369995  0.307915  0.604158  0.749239  0.894320  1.087029
  1213.869995  0.308402  0.606365  0.752007  0.897648  1.093334
  1217.369995  0.312945  0.608978  0.755256  0.901534  1.102358
  1220.869995  0.312319  0.611602  0.758641  0.905679  1.112687
  1224.369995  0.316110  0.614307  0.762053  0.909798  1.121319
  1227.869995  0.318038  0.616955  0.765382  0.913808  1.131116
  1231.380005  0.321007  0.619495  0.768623  0.917752  1.141212
  1234.880005  0.321139  0.621885  0.771582  0.921279  1.146614
  1238.390015  0.321177  0.624213  0.774400  0.924588  1.152327
  1241.890015  0.324787  0.626222  0.776946  0.927670  1.158537
  1245.400024  0.321669  0.628149  0.779315  0.930481  1.161450
  1248.900024  0.326900  0.629936  0.781645  0.933353  1.165823
  1252.410034  0.325898  0.631777  0.783883  0.935990  1.174059
  1255.920044  0.329307  0.633323  0.785786  0.938249  1.177586
  1259.420044  0.326253  0.634740  0.787586  0.940432  1.177635
  1262.930054  0.329592  0.636103  0.789341  0.942579  1.183505
  1266.439941  0.327999  0.637552  0.791127  0.944702  1.182501
  1269.949951  0.331098  0.638864  0.792759  0.946653  1.187134
  1273.459961  0.328462  0.640207  0.794405  0.948603  1.187290
  1276.969971  0.332648  0.641428  0.796053  0.950677  1.193231
  1280.479980  0.330781  0.642949  0.797907  0.952865  1.193028
  1283.989990  0.332757  0.644240  0.799636  0.955032  1.198882
  1287.510010  0.333825  0.645706  0.801345  0.956985  1.201030
  1291.020020  0.334030  0.646725  0.802783  0.958842  1.206360
  1294.530029  0.335083  0.647989  0.804311  0.960633  1.203936
  1298.050049  0.333750  0.648886  0.805609  0.962331  1.204097
  1301.560059  0.335743  0.650091  0.806983  0.963875  1.204691
  1305.079956  0.334263  0.650926  0.808093  0.965259  1.207957
  1308.589966  0.336433  0.651705  0.809054  0.966402  1.209104
  1312.109985  0.339878  0.652113  0.809815  0.967516  1.212891
  1315.619995  0.338967  0.652527  0.810295  0.968062  1.209713
  1319.140015  0.336703  0.652401  0.810320  0.968240  1.211121
  1322.660034  0.338745  0.652267  0.810144  0.968021  1.207734
  1326.180054  0.335433  0.651567  0.809491  0.967416  1.206414
  1329.699951  0.337843  0.650444  0.808236  0.966027  1.204403
  1333.219971  0.335245  0.648410  0.806012  0.963613  1.204626
  1336.739990  0.334320  0.646192  0.803403  0.960614  1.198735
  1340.260010  0.327062  0.643347  0.800206  0.957065  1.190680
  1343.780029  0.330810  0.640474  0.796722  0.952971  1.184429
  1347.300049  0.327027  0.636829  0.792556  0.948283  1.179858
  1350.819946  0.325833  0.633173  0.788318  0.943463  1.176756
  1354.349976  0.321921  0.629647  0.784224  0.938801  1.169245
  1357.869995  0.319783  0.626617  0.780625  0.934632  1.163880
  1361.390015  0.316178  0.623666  0.777187  0.930707  1.162039
  1364.920044  0.316507  0.620869  0.773983  0.927096  1.153808
  1368.439941  0.311482  0.617919  0.770635  0.923350  1.147123
  1371.969971  0.311194  0.615453  0.767858  0.920262  1.137005
  1375.500000  0.307321  0.613351  0.765512  0.917673  1.134309
  1379.020020  0.310193  0.611578  0.763222  0.914865  1.129624
  1382.550049  0.306482  0.609568  0.760702  0.911837  1.122299
  1386.079956  0.307812  0.606750  0.757645  0.908540  1.118279
  1389.609985  0.303370  0.603510  0.753835  0.904159  1.110929
  1393.140015  0.301474  0.599856  0.749372  0.898888  1.102430
  1396.670044  0.294034  0.595020  0.743780  0.892540  1.098160
  1400.199951  0.293310  0.589723  0.737414  0.885106  1.086419
  1403.729980  0.290466  0.582919  0.729470  0.876020  1.076313
  1407.260010  0.284229  0.575115  0.720185  0.865256  1.062169
  1410.790039  0.280400  0.566245  0.709763  0.853281  1.045964
  1414.319946  0.271634  0.556567  0.698438  0.840310  1.033615
  1417.859985  0.264279  0.546530  0.686542  0.826554  1.018074
  1421.390015  0.260402  0.536428  0.674546  0.812665  1.006694
  1424.920044  0.253558  0.526226  0.662517  0.798808  0.992649
  1428.459961  0.247317  0.516919  0.651401  0.785883  0.978573
  1431.989990  0.247660  0.508582  0.641422  0.774262  0.966319
  1435.530029  0.239703  0.501663  0.633101  0.764539  0.954180
  1439.069946  0.235867  0.495770  0.626079  0.756388  0.940537
  1442.599976  0.232986  0.491095  0.620591  0.750087  0.939162
  1446.140015  0.232650  0.487540  0.616408  0.745277  0.934139
  1449.680054  0.229926  0.484791  0.613250  0.741709  0.934446
  1453.219971  0.231406  0.482728  0.610915  0.739102  0.934157
  1456.760010  0.226912  0.481418  0.609373  0.737329  0.935246
  1460.300049  0.229862  0.480183  0.608069  0.735956  0.931444
  1463.839966  0.225369  0.479690  0.607521  0.735352  0.931776
  1467.380005  0.226865  0.479194  0.607148  0.735101  0.930052
  1470.920044  0.225946  0.479387  0.607445  0.735504  0.932390
  1474.459961  0.225905  0.479329  0.607638  0.735948  0.934608
  1478.010010  0.226101  0.479796  0.608279  0.736761  0.939953
  1481.550049  0.228794  0.479989  0.608677  0.737365  0.939294
  1485.089966  0.227204  0.480288  0.609146  0.738003  0.937911
  1488.640015  0.226257  0.480280  0.609450  0.738621  0.941059
  1492.180054  0.226866  0.480988  0.610320  0.739651  0.942456
  1495.729980  0.228791  0.481312  0.611007  0.740702  0.943569
  1499.270020  0.227268  0.482322  0.612234  0.742146  0.951426
  1502.819946  0.228410  0.483165  0.613431  0.743698  0.952866
  1506.369995  0.228516  0.484153  0.614800  0.745447  0.952415
  1509.910034  0.227568  0.485270  0.616343  0.747416  0.953925
  1513.459961  0.228714  0.486319  0.617719  0.749119  0.956980
  1517.010010  0.229063  0.487189  0.618982  0.750774  0.960983
  1520.560059  0.227722  0.488002  0.620181  0.752360  0.960887
  1524.109985  0.230132  0.488766  0.621320  0.753874  0.965119
  1527.660034  0.226439  0.489314  0.622138  0.754961  0.968101
  1531.209961  0.228827  0.489426  0.622574  0.755722  0.972639
  1534.760010  0.229052  0.489884  0.623196  0.756508  0.973891
  1538.319946  0.229093  0.489740  0.623259  0.756778  0.972892
  1541.869995  0.232001  0.489755  0.623321  0.756887  0.971343
  1545.420044  0.228635  0.489218  0.622854  0.756489  0.974688
  1548.979980  0.230220  0.488656  0.622290  0.755924  0.970687
  1552.530029  0.226969  0.487973  0.621645  0.755318  0.974733
  1556.089966  0.225985  0.487335  0.621018  0.754702  0.971208
  1559.640015  0.226392  0.486254  0.619948  0.753643  0.970992
  1563.199951  0.227473  0.485527  0.619261  0.752994  0.966172
  1566.750000  0.224229  0.484545  0.618175  0.751806  0.966860
  1570.310059  0.226933  0.483685  0.617362  0.751038  0.966489
  1573.869995  0.224401  0.483058  0.616679  0.750300  0.965045
  1577.430054  0.222874  0.482648  0.616277  0.749906  0.963979
  1580.989990  0.222390  0.481889  0.615556  0.749222  0.963571
  1584.550049  0.220173  0.481442  0.615116  0.748791  0.960386
  1588.109985  0.222157  0.480907  0.614600  0.748294  0.962433
  1591.670044  0.221951  0.480816  0.614538  0.748259  0.959414
  1595.229980  0.221207  0.480084  0.613840  0.747596  0.955368
  1598.790039  0.222945  0.479807  0.613527  0.747248  0.956176
  1602.349976  0.221784  0.479400  0.613069  0.746738  0.950905
  1605.920044  0.221008  0.478768  0.612425  0.746082  0.946546
  1609.479980  0.221222  0.478083  0.611591  0.745099  0.941835
  1613.040039  0.216547  0.476909  0.610263  0.743617  0.936355
  1616.609985  0.216941  0.475409  0.608335  0.741262  0.921799
  1620.170044  0.217312  0.473656  0.605998  0.738340  0.907702
  1623.739990  0.217864  0.471253  0.602970  0.734687  0.882783
  1627.310059  0.210693  0.468741  0.599750  0.730759  0.882010
  1630.869995  0.213537  0.466080  0.596529  0.726978  0.880677
  1634.439941  0.210001  0.464032  0.594157  0.724281  0.875991
  1638.010010  0.209497  0.462428  0.592451  0.722473  0.877420
  1641.579956  0.208020  0.461755  0.591823  0.721891  0.875321
  1645.150024  0.210197  0.461145  0.591286  0.721426  0.876751
  1648.709961  0.207301  0.460766  0.590988  0.721211  0.876489
  1652.290039  0.210207  0.460012  0.590173  0.720335  0.878089
  1655.859985  0.207368  0.457559  0.587219  0.716879  0.872421
  1659.430054  0.202924  0.452346  0.581514  0.710681  0.868049
  1663.000000  0.198168  0.444037  0.573718  0.703398  0.859769
  1666.569946  0.198255  0.433351  0.564869  0.696387  0.855561
  1670.140015  0.195568  0.421173  0.555713  0.690252  0.848925
  1673.719971  0.190554  0.410075  0.547732  0.685389  0.838081
  1677.290039  0.176285  0.402465  0.542057  0.681649  0.833820
  1680.869995  0.173629  0.398786  0.538640  0.678494  0.832663
  1684.439941  0.177329  0.397674  0.536259  0.674844  0.827142
  1688.020020  0.178926  0.397688  0.533759  0.669830  0.827945
  1691.589966  0.180164  0.397329  0.530224  0.663120  0.814115
  1695.170044  0.181802  0.397390  0.526755  0.656120  0.803746
  1698.750000  0.186236  0.398759  0.523433  0.648107  0.795950
  1702.329956  0.185157  0.400683  0.520662  0.640641  0.788652
  1705.910034  0.194153  0.400918  0.516986  0.633055  0.783352
  1709.489990  0.190191  0.400093  0.512870  0.625648  0.773623
  1713.069946  0.192666  0.397369  0.506876  0.616383  0.760602
  1716.650024  0.192498  0.393946  0.499975  0.606004  0.745846
  1720.229980  0.201276  0.389299  0.491308  0.593317  0.718824
