ENVI ASCII Plot File [Sun Apr 06 17:20:50 2025]
Column 1: Wavelength
Column 2: Min: ROI #76~~2##255,0,0
Column 3: Mean-StdDev: ROI #76~~21##0,200,0
Column 4: Mean: ROI #76~~0##0,0,0
Column 5: Mean+StdDev: ROI #76~~21##0,200,0
Column 6: Max: ROI #76~~2##255,0,0
   935.609985  0.158057  0.400327  0.479419  0.558511  0.728451
   939.059998  0.166256  0.402031  0.481830  0.561629  0.716255
   942.520020  0.187679  0.409272  0.504895  0.600519  0.728867
   945.979980  0.174190  0.413584  0.522206  0.630827  0.772708
   949.429993  0.148057  0.416814  0.534662  0.652510  0.818188
   952.890015  0.143841  0.422010  0.544198  0.666387  0.829108
   956.349976  0.135898  0.426154  0.550964  0.675773  0.844570
   959.809998  0.139387  0.429774  0.556013  0.682253  0.853913
   963.270020  0.138301  0.433107  0.560542  0.687977  0.862660
   966.729980  0.138566  0.436213  0.564650  0.693088  0.871263
   970.190002  0.138765  0.439555  0.568812  0.698069  0.883231
   973.650024  0.142436  0.442320  0.572354  0.702387  0.887058
   977.109985  0.141933  0.445256  0.576068  0.706881  0.897833
   980.580017  0.144522  0.448271  0.579851  0.711431  0.899731
   984.039978  0.147157  0.451162  0.583514  0.715866  0.906184
   987.510010  0.146932  0.453932  0.586930  0.719929  0.912627
   990.969971  0.148525  0.456905  0.590659  0.724414  0.921263
   994.429993  0.151166  0.459836  0.594342  0.728848  0.926405
   997.900024  0.152482  0.463010  0.598224  0.733438  0.933558
  1001.369995  0.151248  0.465686  0.601594  0.737502  0.937609
  1004.830017  0.154928  0.468635  0.605243  0.741851  0.943696
  1008.299988  0.157306  0.471604  0.608932  0.746260  0.950196
  1011.770020  0.159353  0.474741  0.612759  0.750777  0.956425
  1015.239990  0.159126  0.477531  0.616227  0.754922  0.962597
  1018.710022  0.163774  0.480275  0.619653  0.759030  0.968889
  1022.179993  0.164986  0.483165  0.623253  0.763341  0.975168
  1025.650024  0.167142  0.486070  0.626824  0.767578  0.981015
  1029.119995  0.168883  0.488912  0.630357  0.771802  0.986566
  1032.589966  0.170314  0.491898  0.633989  0.776081  0.993357
  1036.060059  0.172246  0.494590  0.637322  0.780053  1.001213
  1039.530029  0.173767  0.497267  0.640696  0.784124  1.007262
  1043.000000  0.175421  0.500084  0.644206  0.788329  1.012136
  1046.479980  0.177920  0.503031  0.647769  0.792506  1.016750
  1049.949951  0.179221  0.505732  0.651103  0.796475  1.023811
  1053.430054  0.180436  0.508310  0.654297  0.800284  1.027204
  1056.900024  0.182327  0.510979  0.657608  0.804238  1.032231
  1060.380005  0.183433  0.513675  0.660936  0.808198  1.040587
  1063.849976  0.184664  0.516325  0.664243  0.812161  1.045495
  1067.329956  0.186207  0.518915  0.667459  0.816003  1.051139
  1070.810059  0.189006  0.521535  0.670619  0.819703  1.057188
  1074.290039  0.189460  0.524103  0.673777  0.823452  1.064024
  1077.760010  0.189921  0.526511  0.676821  0.827132  1.070401
  1081.239990  0.193126  0.529047  0.679952  0.830856  1.075467
  1084.719971  0.196608  0.531496  0.682977  0.834457  1.079307
  1088.199951  0.198956  0.533761  0.685798  0.837835  1.083283
  1091.680054  0.200258  0.536010  0.688614  0.841219  1.087300
  1095.170044  0.201768  0.538214  0.691395  0.844576  1.093260
  1098.650024  0.202964  0.540384  0.694089  0.847793  1.098039
  1102.130005  0.206375  0.542371  0.696566  0.850762  1.102044
  1105.609985  0.207736  0.544266  0.698934  0.853602  1.105646
  1109.099976  0.208630  0.546069  0.701207  0.856344  1.108377
  1112.579956  0.207839  0.547789  0.703411  0.859033  1.110574
  1116.069946  0.207706  0.549415  0.705526  0.861638  1.110452
  1119.550049  0.206440  0.551051  0.707630  0.864209  1.111382
  1123.040039  0.208591  0.552490  0.709499  0.866509  1.110670
  1126.520020  0.207700  0.553660  0.711038  0.868416  1.103034
  1130.010010  0.205105  0.554313  0.712064  0.869815  1.090076
  1133.500000  0.204257  0.554639  0.712707  0.870776  1.082274
  1136.989990  0.202314  0.554486  0.712862  0.871239  1.084804
  1140.469971  0.198858  0.554570  0.713210  0.871849  1.086273
  1143.959961  0.202038  0.555067  0.713990  0.872912  1.087827
  1147.449951  0.202502  0.556118  0.715352  0.874587  1.088937
  1150.939941  0.205719  0.557636  0.717103  0.876571  1.091057
  1154.430054  0.207783  0.559264  0.718842  0.878420  1.093783
  1157.930054  0.208711  0.560290  0.719951  0.879613  1.096371
  1161.420044  0.208490  0.561018  0.720722  0.880426  1.112815
  1164.910034  0.212461  0.561163  0.720865  0.880566  1.119944
  1168.400024  0.213422  0.561238  0.720938  0.880638  1.124032
  1171.900024  0.212733  0.561345  0.721073  0.880801  1.126532
  1175.390015  0.212376  0.561355  0.721160  0.880965  1.130297
  1178.890015  0.212498  0.561376  0.721225  0.881075  1.131479
  1182.380005  0.211819  0.561679  0.721566  0.881453  1.128175
  1185.880005  0.211108  0.562062  0.722125  0.882187  1.127950
  1189.369995  0.210826  0.562833  0.723182  0.883532  1.127527
  1192.869995  0.211361  0.563992  0.724730  0.885468  1.128334
  1196.369995  0.211843  0.565520  0.726667  0.887813  1.127983
  1199.869995  0.211050  0.566977  0.728623  0.890269  1.128587
  1203.369995  0.211438  0.568620  0.730739  0.892859  1.127378
  1206.869995  0.213518  0.570241  0.732830  0.895420  1.131076
  1210.369995  0.213723  0.572061  0.735091  0.898122  1.135823
  1213.869995  0.214292  0.574234  0.737782  0.901331  1.142323
  1217.369995  0.217465  0.576637  0.740732  0.904828  1.149580
  1220.869995  0.217058  0.578972  0.743738  0.908505  1.161834
  1224.369995  0.217927  0.581483  0.746841  0.912199  1.170699
  1227.869995  0.219524  0.583954  0.749890  0.915827  1.181388
  1231.380005  0.220990  0.586404  0.752870  0.919336  1.188240
  1234.880005  0.224512  0.588651  0.755661  0.922671  1.196541
  1238.390015  0.226032  0.590814  0.758278  0.925742  1.202439
  1241.890015  0.225496  0.592773  0.760789  0.928805  1.209752
  1245.400024  0.227079  0.594631  0.763090  0.931548  1.217848
  1248.900024  0.228191  0.596249  0.765183  0.934117  1.223275
  1252.410034  0.228662  0.598086  0.767407  0.936728  1.227071
  1255.920044  0.228049  0.599674  0.769463  0.939252  1.234550
  1259.420044  0.231541  0.601088  0.771268  0.941447  1.236345
  1262.930054  0.231632  0.602402  0.772991  0.943580  1.239644
  1266.439941  0.230388  0.603967  0.774841  0.945715  1.240970
  1269.949951  0.232646  0.605105  0.776433  0.947760  1.245930
  1273.459961  0.234056  0.606451  0.778035  0.949619  1.249959
  1276.969971  0.235575  0.607632  0.779692  0.951752  1.251550
  1280.479980  0.235600  0.609162  0.781592  0.954021  1.255610
  1283.989990  0.234414  0.610278  0.783150  0.956023  1.255783
  1287.510010  0.235493  0.611644  0.784823  0.958002  1.258236
  1291.020020  0.234794  0.612781  0.786435  0.960089  1.262710
  1294.530029  0.236679  0.614105  0.788051  0.961998  1.265290
  1298.050049  0.237327  0.615030  0.789418  0.963806  1.267384
  1301.560059  0.236489  0.616310  0.790943  0.965576  1.268639
  1305.079956  0.235701  0.617106  0.792064  0.967021  1.270877
  1308.589966  0.237745  0.617965  0.793109  0.968254  1.274498
  1312.109985  0.236691  0.618485  0.793984  0.969482  1.276109
  1315.619995  0.237198  0.619077  0.794764  0.970451  1.275777
  1319.140015  0.238600  0.619119  0.794976  0.970833  1.273915
  1322.660034  0.236904  0.619253  0.795118  0.970983  1.273773
  1326.180054  0.235705  0.618687  0.794589  0.970492  1.276728
  1329.699951  0.234201  0.617953  0.793759  0.969565  1.275197
  1333.219971  0.233808  0.616419  0.792073  0.967727  1.274050
  1336.739990  0.232964  0.614531  0.789907  0.965283  1.270276
  1340.260010  0.232033  0.612337  0.787395  0.962453  1.259679
  1343.780029  0.230537  0.609927  0.784505  0.959083  1.255811
  1347.300049  0.228876  0.606761  0.780777  0.954793  1.248234
  1350.819946  0.228128  0.603612  0.777090  0.950569  1.246488
  1354.349976  0.226583  0.600714  0.773514  0.946315  1.240928
  1357.869995  0.224686  0.597969  0.770216  0.942463  1.232988
  1361.390015  0.222391  0.595329  0.767045  0.938760  1.228354
  1364.920044  0.222224  0.592654  0.763996  0.935337  1.220669
  1368.439941  0.219970  0.590094  0.761114  0.932133  1.213258
  1371.969971  0.216044  0.587952  0.758783  0.929614  1.209807
  1375.500000  0.216271  0.586164  0.756747  0.927330  1.204223
  1379.020020  0.213397  0.584592  0.754746  0.924900  1.193586
  1382.550049  0.212903  0.582762  0.752537  0.922312  1.190039
  1386.079956  0.213604  0.580459  0.749987  0.919515  1.183382
  1389.609985  0.208980  0.577522  0.746594  0.915665  1.174795
  1393.140015  0.211796  0.574301  0.742516  0.910731  1.163167
  1396.670044  0.204012  0.569933  0.737309  0.904684  1.155162
  1400.199951  0.205570  0.565172  0.731480  0.897787  1.144855
  1403.729980  0.201542  0.559228  0.724263  0.889297  1.133676
  1407.260010  0.197286  0.552103  0.715633  0.879164  1.119396
  1410.790039  0.194499  0.544049  0.705880  0.867712  1.100177
  1414.319946  0.192906  0.535013  0.694991  0.854968  1.081916
  1417.859985  0.183008  0.525698  0.683641  0.841584  1.066924
  1421.390015  0.176190  0.516374  0.672031  0.827687  1.047914
  1424.920044  0.170277  0.506780  0.660351  0.813922  1.029897
  1428.459961  0.162377  0.497986  0.649421  0.800857  1.010525
  1431.989990  0.156107  0.489952  0.639525  0.789097  0.995243
  1435.530029  0.153140  0.483222  0.631152  0.779081  0.982262
  1439.069946  0.149813  0.477527  0.624211  0.770895  0.973312
  1442.599976  0.147230  0.473023  0.618695  0.764367  0.964148
  1446.140015  0.144530  0.469653  0.614575  0.759498  0.960928
  1449.680054  0.143181  0.466907  0.611331  0.755755  0.958539
  1453.219971  0.143329  0.464929  0.608950  0.752971  0.951766
  1456.760010  0.140510  0.463687  0.607334  0.750981  0.950636
  1460.300049  0.141385  0.462317  0.605870  0.749423  0.949955
  1463.839966  0.137269  0.461682  0.605126  0.748570  0.950301
  1467.380005  0.141311  0.461271  0.604815  0.748360  0.952670
  1470.920044  0.136718  0.461304  0.604860  0.748416  0.955721
  1474.459961  0.139885  0.461101  0.604892  0.748683  0.958459
  1478.010010  0.136298  0.461472  0.605377  0.749283  0.958177
  1481.550049  0.140459  0.461671  0.605779  0.749888  0.959567
  1485.089966  0.135975  0.461867  0.606174  0.750481  0.961733
  1488.640015  0.138645  0.461879  0.606422  0.750965  0.961905
  1492.180054  0.138644  0.462372  0.607086  0.751800  0.965388
  1495.729980  0.138910  0.462822  0.607827  0.752833  0.968458
  1499.270020  0.136131  0.463700  0.608968  0.754237  0.969190
  1502.819946  0.140218  0.464466  0.610113  0.755761  0.969221
  1506.369995  0.136008  0.465509  0.611548  0.757587  0.975032
  1509.910034  0.139541  0.466333  0.612726  0.759119  0.976223
  1513.459961  0.138626  0.467429  0.614192  0.760956  0.982304
  1517.010010  0.140607  0.468165  0.615350  0.762535  0.985675
  1520.560059  0.139279  0.469038  0.616599  0.764160  0.988316
  1524.109985  0.140445  0.469584  0.617450  0.765316  0.989734
  1527.660034  0.137912  0.470117  0.618337  0.766557  0.993524
  1531.209961  0.139326  0.470211  0.618607  0.767004  0.996371
  1534.760010  0.138876  0.470590  0.619103  0.767617  0.996609
  1538.319946  0.141367  0.470585  0.619205  0.767824  0.995195
  1541.869995  0.140684  0.470360  0.619101  0.767842  0.996078
  1545.420044  0.139009  0.469946  0.618725  0.767504  0.995427
  1548.979980  0.138646  0.469506  0.618291  0.767076  0.994500
  1552.530029  0.138183  0.468811  0.617594  0.766378  0.997135
  1556.089966  0.140392  0.468172  0.616922  0.765673  0.996020
  1559.640015  0.138671  0.467215  0.615909  0.764603  0.994801
  1563.199951  0.136701  0.466320  0.614916  0.763513  0.991055
  1566.750000  0.134281  0.465416  0.613955  0.762494  0.990855
  1570.310059  0.135073  0.464565  0.613083  0.761600  0.988854
  1573.869995  0.133994  0.463911  0.612454  0.760997  0.989852
  1577.430054  0.134201  0.463665  0.612218  0.760772  0.986357
  1580.989990  0.133920  0.463032  0.611641  0.760250  0.985537
  1584.550049  0.133228  0.462599  0.611262  0.759925  0.983997
  1588.109985  0.132349  0.461899  0.610649  0.759398  0.984892
  1591.670044  0.131658  0.461926  0.610642  0.759358  0.985244
  1595.229980  0.133333  0.461427  0.610161  0.758894  0.985321
  1598.790039  0.131994  0.461153  0.609952  0.758750  0.980928
  1602.349976  0.132220  0.460841  0.609735  0.758628  0.978631
  1605.920044  0.132117  0.460449  0.609370  0.758292  0.972932
  1609.479980  0.130268  0.459830  0.608789  0.757749  0.971774
  1613.040039  0.130697  0.458830  0.607724  0.756619  0.964816
  1616.609985  0.127039  0.457657  0.606401  0.755146  0.954430
  1620.170044  0.129372  0.456282  0.604843  0.753404  0.942665
  1623.739990  0.126325  0.454333  0.602706  0.751079  0.939798
  1627.310059  0.125757  0.452411  0.600564  0.748716  0.936484
  1630.869995  0.125015  0.450212  0.598269  0.746327  0.938846
  1634.439941  0.124390  0.448814  0.596772  0.744730  0.936570
  1638.010010  0.125064  0.447638  0.595798  0.743957  0.934324
  1641.579956  0.123633  0.447468  0.595649  0.743830  0.934919
  1645.150024  0.125398  0.447260  0.595534  0.743809  0.929408
  1648.709961  0.122986  0.447038  0.595275  0.743512  0.934766
  1652.290039  0.123322  0.446513  0.594616  0.742720  0.930151
  1655.859985  0.119403  0.444502  0.592425  0.740348  0.930013
  1659.430054  0.122266  0.440487  0.588313  0.736140  0.927459
  1663.000000  0.118746  0.434635  0.582625  0.730615  0.924210
  1666.569946  0.117585  0.427370  0.575964  0.724558  0.915119
  1670.140015  0.114595  0.419183  0.568904  0.718626  0.910859
  1673.719971  0.105553  0.411637  0.562404  0.713171  0.899226
  1677.290039  0.103481  0.406146  0.557438  0.708730  0.898519
  1680.869995  0.102973  0.402840  0.553836  0.704831  0.887421
  1684.439941  0.103515  0.401106  0.550982  0.700858  0.888300
  1688.020020  0.103313  0.399629  0.547418  0.695208  0.876439
  1691.589966  0.109773  0.397806  0.542983  0.688159  0.869591
  1695.170044  0.107086  0.396101  0.538452  0.680803  0.865974
  1698.750000  0.116087  0.395123  0.533768  0.672413  0.849312
  1702.329956  0.118525  0.395199  0.530148  0.665097  0.836860
  1705.910034  0.119376  0.394113  0.525549  0.656985  0.837865
  1709.489990  0.126430  0.392402  0.520199  0.647996  0.818616
  1713.069946  0.116819  0.389121  0.513740  0.638359  0.811730
  1716.650024  0.134714  0.386357  0.506375  0.626394  0.772712
  1720.229980  0.147202  0.382232  0.498136  0.614041  0.752778
