ENVI ASCII Plot File [Sun Apr 06 17:28:18 2025]
Column 1: Wavelength
Column 2: Min: ROI #82~~2##255,0,0
Column 3: Mean-StdDev: ROI #82~~21##0,200,0
Column 4: Mean: ROI #82~~0##0,0,0
Column 5: Mean+StdDev: ROI #82~~21##0,200,0
Column 6: Max: ROI #82~~2##255,0,0
   935.609985  0.232726  0.463316  0.535002  0.606687  0.736222
   939.059998  0.238547  0.465869  0.537534  0.609198  0.739824
   942.520020  0.227633  0.481554  0.562301  0.643047  0.751413
   945.979980  0.217617  0.493539  0.582894  0.672249  0.783312
   949.429993  0.224646  0.501640  0.596845  0.692051  0.809580
   952.890015  0.227834  0.509070  0.606981  0.704893  0.814900
   956.349976  0.230410  0.514326  0.614086  0.713846  0.822984
   959.809998  0.236167  0.518518  0.619074  0.719630  0.828160
   963.270020  0.234851  0.522222  0.623601  0.724980  0.834451
   966.729980  0.240090  0.525664  0.627763  0.729863  0.841249
   970.190002  0.240631  0.529062  0.631830  0.734598  0.846488
   973.650024  0.243626  0.532105  0.635464  0.738824  0.849551
   977.109985  0.240177  0.535184  0.639097  0.743010  0.857853
   980.580017  0.245686  0.538396  0.642877  0.747357  0.857887
   984.039978  0.247053  0.541545  0.646553  0.751562  0.864488
   987.510010  0.250929  0.544425  0.649907  0.755390  0.868987
   990.969971  0.250505  0.547475  0.653485  0.759496  0.872801
   994.429993  0.252977  0.550519  0.657119  0.763720  0.877737
   997.900024  0.254653  0.553864  0.660985  0.768107  0.884470
  1001.369995  0.257400  0.556752  0.664388  0.772025  0.887218
  1004.830017  0.258303  0.559832  0.667981  0.776131  0.891584
  1008.299988  0.258413  0.562862  0.671547  0.780232  0.895382
  1011.770020  0.260539  0.566181  0.675359  0.784536  0.899828
  1015.239990  0.263632  0.569052  0.678813  0.788575  0.907681
  1018.710022  0.264313  0.572075  0.682270  0.792465  0.911628
  1022.179993  0.265579  0.575105  0.685886  0.796667  0.917481
  1025.650024  0.267930  0.578192  0.689478  0.800765  0.918970
  1029.119995  0.270300  0.581074  0.692937  0.804800  0.925409
  1032.589966  0.271932  0.584143  0.696423  0.808702  0.928912
  1036.060059  0.271839  0.586903  0.699700  0.812497  0.934273
  1039.530029  0.274376  0.589785  0.703107  0.816429  0.939193
  1043.000000  0.277955  0.592747  0.706582  0.820418  0.945439
  1046.479980  0.280429  0.595743  0.710021  0.824299  0.949239
  1049.949951  0.281016  0.598507  0.713253  0.827999  0.953934
  1053.430054  0.281786  0.601199  0.716439  0.831680  0.956759
  1056.900024  0.283126  0.603951  0.719698  0.835445  0.963342
  1060.380005  0.286440  0.606702  0.722934  0.839166  0.966936
  1063.849976  0.286095  0.609384  0.726117  0.842849  0.969533
  1067.329956  0.286414  0.612029  0.729246  0.846462  0.975837
  1070.810059  0.289285  0.614723  0.732345  0.849967  0.980561
  1074.290039  0.291145  0.617407  0.735472  0.853537  0.984198
  1077.760010  0.292460  0.619888  0.738437  0.856987  0.988498
  1081.239990  0.292801  0.622377  0.741386  0.860396  0.992993
  1084.719971  0.295127  0.624874  0.744312  0.863750  0.995676
  1088.199951  0.296387  0.627178  0.747044  0.866909  0.999123
  1091.680054  0.297559  0.629367  0.749712  0.870056  1.003604
  1095.170044  0.297588  0.631600  0.752384  0.873169  1.008456
  1098.650024  0.298372  0.633782  0.754943  0.876104  1.012178
  1102.130005  0.300995  0.635739  0.757276  0.878814  1.014335
  1105.609985  0.303740  0.637609  0.759514  0.881418  1.015491
  1109.099976  0.305657  0.639338  0.761591  0.883845  1.017314
  1112.579956  0.305131  0.640999  0.763657  0.886315  1.019948
  1116.069946  0.305111  0.642678  0.765719  0.888759  1.020755
  1119.550049  0.305929  0.644258  0.767677  0.891096  1.021091
  1123.040039  0.307368  0.645586  0.769348  0.893109  1.020566
  1126.520020  0.308041  0.646449  0.770560  0.894672  1.021854
  1130.010010  0.308183  0.646735  0.771203  0.895670  1.023064
  1133.500000  0.305761  0.646444  0.771338  0.896232  1.024386
  1136.989990  0.306365  0.645542  0.771019  0.896496  1.025830
  1140.469971  0.303119  0.644847  0.770981  0.897115  1.026656
  1143.959961  0.302139  0.644842  0.771408  0.897975  1.027109
  1147.449951  0.302828  0.645828  0.772504  0.899179  1.029030
  1150.939941  0.305845  0.647584  0.774087  0.900589  1.029540
  1154.430054  0.306880  0.649479  0.775662  0.901845  1.031111
  1157.930054  0.308806  0.650764  0.776646  0.902529  1.033195
  1161.420044  0.309239  0.651534  0.777163  0.902791  1.033957
  1164.910034  0.309608  0.651568  0.777055  0.902543  1.030272
  1168.400024  0.308803  0.651509  0.776915  0.902320  1.030862
  1171.900024  0.307448  0.651329  0.776665  0.902001  1.028621
  1175.390015  0.307863  0.651267  0.776585  0.901904  1.030145
  1178.890015  0.310705  0.651145  0.776487  0.901830  1.030047
  1182.380005  0.309252  0.651159  0.776513  0.901866  1.028789
  1185.880005  0.311063  0.651392  0.776878  0.902364  1.032081
  1189.369995  0.309633  0.652026  0.777718  0.903410  1.034269
  1192.869995  0.311467  0.652992  0.779033  0.905074  1.033331
  1196.369995  0.310868  0.654491  0.780824  0.907157  1.037320
  1199.869995  0.310948  0.655776  0.782575  0.909375  1.036113
  1203.369995  0.312558  0.657329  0.784549  0.911769  1.039723
  1206.869995  0.315777  0.658907  0.786530  0.914154  1.043911
  1210.369995  0.315668  0.660799  0.788731  0.916663  1.047961
  1213.869995  0.316292  0.662906  0.791290  0.919673  1.051579
  1217.369995  0.317222  0.665387  0.794099  0.922811  1.056433
  1220.869995  0.318793  0.667747  0.796958  0.926169  1.059981
  1224.369995  0.320516  0.670385  0.799909  0.929434  1.063206
  1227.869995  0.321655  0.672781  0.802787  0.932794  1.066668
  1231.380005  0.321611  0.675297  0.805679  0.936061  1.072916
  1234.880005  0.323365  0.677511  0.808349  0.939187  1.079910
  1238.390015  0.326804  0.679709  0.810880  0.942050  1.084231
  1241.890015  0.325703  0.681586  0.813165  0.944744  1.091296
  1245.400024  0.327575  0.683342  0.815249  0.947156  1.095314
  1248.900024  0.327159  0.685082  0.817362  0.949642  1.095655
  1252.410034  0.330414  0.686782  0.819360  0.951938  1.098674
  1255.920044  0.329267  0.688270  0.821198  0.954125  1.103274
  1259.420044  0.331334  0.689624  0.822814  0.956004  1.106602
  1262.930054  0.329122  0.690914  0.824421  0.957927  1.109143
  1266.439941  0.333303  0.692347  0.826086  0.959825  1.110177
  1269.949951  0.332160  0.693594  0.827670  0.961747  1.113723
  1273.459961  0.332811  0.694848  0.829204  0.963560  1.118994
  1276.969971  0.334861  0.696115  0.830795  0.965475  1.121047
  1280.479980  0.336703  0.697522  0.832519  0.967516  1.122286
  1283.989990  0.332843  0.698696  0.834035  0.969375  1.125832
  1287.510010  0.337282  0.700012  0.835630  0.971248  1.128864
  1291.020020  0.336195  0.701203  0.837182  0.973160  1.129603
  1294.530029  0.338941  0.702337  0.838517  0.974697  1.133301
  1298.050049  0.339276  0.703227  0.839741  0.976255  1.131866
  1301.560059  0.336551  0.704312  0.841022  0.977733  1.134601
  1305.079956  0.338172  0.705170  0.842065  0.978960  1.134457
  1308.589966  0.338930  0.705789  0.842952  0.980114  1.138585
  1312.109985  0.339850  0.706210  0.843560  0.980911  1.138963
  1315.619995  0.338242  0.706467  0.843962  0.981456  1.140702
  1319.140015  0.337770  0.706254  0.843847  0.981440  1.138242
  1322.660034  0.337759  0.706132  0.843781  0.981430  1.138761
  1326.180054  0.338739  0.705475  0.843080  0.980686  1.137799
  1329.699951  0.335962  0.704416  0.841934  0.979452  1.134683
  1333.219971  0.336655  0.702490  0.839823  0.977155  1.133168
  1336.739990  0.335030  0.700313  0.837388  0.974464  1.129809
  1340.260010  0.335965  0.697656  0.834386  0.971116  1.123111
  1343.780029  0.329333  0.694827  0.831198  0.967569  1.118902
  1347.300049  0.332144  0.691546  0.827430  0.963315  1.110443
  1350.819946  0.327681  0.688100  0.823476  0.958851  1.108135
  1354.349976  0.328049  0.684819  0.819601  0.954383  1.102467
  1357.869995  0.323440  0.681757  0.815959  0.950161  1.096487
  1361.390015  0.321963  0.678810  0.812571  0.946332  1.094745
  1364.920044  0.318930  0.676074  0.809485  0.942896  1.088345
  1368.439941  0.319896  0.673232  0.806410  0.939589  1.082258
  1371.969971  0.316878  0.670972  0.803962  0.936952  1.076355
  1375.500000  0.317183  0.668923  0.801797  0.934671  1.072532
  1379.020020  0.313578  0.667230  0.799737  0.932243  1.071290
  1382.550049  0.313705  0.664968  0.797209  0.929451  1.066229
  1386.079956  0.311565  0.662317  0.794325  0.926333  1.062406
  1389.609985  0.310586  0.658769  0.790370  0.921971  1.058263
  1393.140015  0.306588  0.654895  0.785718  0.916542  1.055263
  1396.670044  0.305111  0.649501  0.779570  0.909639  1.046047
  1400.199951  0.301542  0.643808  0.772764  0.901720  1.039768
  1403.729980  0.298690  0.636722  0.764554  0.892386  1.026424
  1407.260010  0.294469  0.628477  0.754884  0.881290  1.013572
  1410.790039  0.285939  0.619317  0.744320  0.869323  0.999975
  1414.319946  0.284023  0.609269  0.732648  0.856027  0.988237
  1417.859985  0.277000  0.598738  0.720370  0.842001  0.969786
  1421.390015  0.274070  0.588329  0.707999  0.827668  0.954783
  1424.920044  0.263553  0.577807  0.695659  0.813512  0.935659
  1428.459961  0.262068  0.568236  0.684311  0.800387  0.922479
  1431.989990  0.252360  0.559369  0.673926  0.788483  0.908094
  1435.530029  0.253350  0.551901  0.665077  0.778254  0.896784
  1439.069946  0.247436  0.545598  0.657733  0.769869  0.890715
  1442.599976  0.248136  0.540539  0.651814  0.763088  0.880201
  1446.140015  0.242576  0.536506  0.647094  0.757683  0.874217
  1449.680054  0.243961  0.533383  0.643405  0.753427  0.871453
  1453.219971  0.239638  0.530885  0.640518  0.750151  0.864045
  1456.760010  0.240146  0.529305  0.638637  0.747970  0.862559
  1460.300049  0.238378  0.527716  0.636891  0.746065  0.860925
  1463.839966  0.238908  0.526872  0.635981  0.745089  0.859294
  1467.380005  0.233413  0.526308  0.635450  0.744591  0.861406
  1470.920044  0.239155  0.526181  0.635426  0.744671  0.860213
  1474.459961  0.235168  0.526109  0.635460  0.744811  0.865811
  1478.010010  0.238419  0.526498  0.636047  0.745597  0.865028
  1481.550049  0.239350  0.527047  0.636720  0.746393  0.870492
  1485.089966  0.237539  0.527502  0.637443  0.747385  0.870220
  1488.640015  0.237836  0.527837  0.637996  0.748156  0.873757
  1492.180054  0.239536  0.528602  0.638991  0.749380  0.873653
  1495.729980  0.240897  0.529349  0.640000  0.750651  0.877275
  1499.270020  0.239730  0.530293  0.641258  0.752224  0.879356
  1502.819946  0.240039  0.531463  0.642643  0.753822  0.885710
  1506.369995  0.239702  0.532407  0.643946  0.755485  0.885789
  1509.910034  0.240040  0.533584  0.645383  0.757181  0.889322
  1513.459961  0.241728  0.534677  0.646846  0.759014  0.890962
  1517.010010  0.244360  0.535628  0.648091  0.760554  0.895982
  1520.560059  0.242556  0.536513  0.649354  0.762194  0.894562
  1524.109985  0.245343  0.537138  0.650194  0.763250  0.897905
  1527.660034  0.241757  0.537729  0.651016  0.764302  0.901735
  1531.209961  0.243677  0.537845  0.651313  0.764780  0.905168
  1534.760010  0.242877  0.538308  0.651889  0.765470  0.903886
  1538.319946  0.245723  0.538103  0.651784  0.765465  0.903373
  1541.869995  0.241009  0.537981  0.651738  0.765496  0.904438
  1545.420044  0.244788  0.537420  0.651218  0.765016  0.908001
  1548.979980  0.241372  0.536959  0.650774  0.764590  0.907143
  1552.530029  0.242098  0.536113  0.649933  0.763753  0.906858
  1556.089966  0.239306  0.535468  0.649243  0.763017  0.904768
  1559.640015  0.241498  0.534396  0.648196  0.761996  0.903576
  1563.199951  0.240294  0.533713  0.647460  0.761206  0.906334
  1566.750000  0.240300  0.532818  0.646597  0.760376  0.899986
  1570.310059  0.239109  0.532106  0.645846  0.759585  0.898216
  1573.869995  0.241054  0.531356  0.645181  0.759006  0.897365
  1577.430054  0.239063  0.531158  0.644878  0.758598  0.900139
  1580.989990  0.238033  0.530395  0.644285  0.758175  0.896186
  1584.550049  0.239460  0.530120  0.644057  0.757995  0.896536
  1588.109985  0.237809  0.529593  0.643734  0.757875  0.893639
  1591.670044  0.236937  0.529888  0.644000  0.758112  0.894017
  1595.229980  0.236862  0.529246  0.643529  0.757812  0.890417
  1598.790039  0.237741  0.529219  0.643544  0.757869  0.892164
  1602.349976  0.233738  0.528882  0.643326  0.757771  0.891652
  1605.920044  0.237480  0.528584  0.643129  0.757673  0.888909
  1609.479980  0.232092  0.528012  0.642640  0.757269  0.889913
  1613.040039  0.237134  0.527028  0.641689  0.756350  0.889729
  1616.609985  0.233525  0.525775  0.640476  0.755178  0.886654
  1620.170044  0.233405  0.524380  0.639079  0.753777  0.882104
  1623.739990  0.229099  0.522224  0.637087  0.751949  0.882630
  1627.310059  0.232639  0.520062  0.635104  0.750147  0.883485
  1630.869995  0.228012  0.517648  0.633033  0.748419  0.877212
  1634.439941  0.228656  0.515944  0.631723  0.747501  0.874636
  1638.010010  0.227163  0.514709  0.630887  0.747065  0.874868
  1641.579956  0.227964  0.514248  0.630661  0.747075  0.878988
  1645.150024  0.226519  0.514039  0.630593  0.747147  0.879757
  1648.709961  0.228603  0.514017  0.630460  0.746904  0.874563
  1652.290039  0.227628  0.513810  0.630057  0.746305  0.876635
  1655.859985  0.227493  0.511337  0.627740  0.744144  0.872306
  1659.430054  0.222810  0.506061  0.623373  0.740685  0.869031
  1663.000000  0.219504  0.497707  0.617092  0.736477  0.863718
  1666.569946  0.214873  0.487309  0.609778  0.732247  0.859448
  1670.140015  0.210448  0.475800  0.602172  0.728543  0.848082
  1673.719971  0.201579  0.465636  0.595322  0.725008  0.847137
  1677.290039  0.195187  0.458403  0.590237  0.722071  0.841071
  1680.869995  0.192945  0.454925  0.587061  0.719196  0.838615
  1684.439941  0.190753  0.453239  0.584381  0.715523  0.827193
  1688.020020  0.190097  0.452681  0.581409  0.710136  0.827167
  1691.589966  0.193481  0.451484  0.577334  0.703185  0.815351
  1695.170044  0.191818  0.451244  0.573516  0.695788  0.820675
  1698.750000  0.197530  0.451165  0.569120  0.687076  0.807756
  1702.329956  0.196319  0.452311  0.565526  0.678741  0.798540
  1705.910034  0.188656  0.452083  0.561205  0.670328  0.786888
  1709.489990  0.199195  0.450975  0.556334  0.661694  0.773307
  1713.069946  0.187539  0.447120  0.549527  0.651935  0.778916
  1716.650024  0.202338  0.442994  0.541875  0.640755  0.749174
  1720.229980  0.193641  0.437561  0.533543  0.629524  0.744377
