ENVI ASCII Plot File [Sun Apr 06 17:33:53 2025]
Column 1: Wavelength
Column 2: Min: ROI #88~~2##255,0,0
Column 3: Mean-StdDev: ROI #88~~21##0,200,0
Column 4: Mean: ROI #88~~0##0,0,0
Column 5: Mean+StdDev: ROI #88~~21##0,200,0
Column 6: Max: ROI #88~~2##255,0,0
   935.609985  0.265450  0.439675  0.501535  0.563394  0.677201
   939.059998  0.269564  0.442538  0.504332  0.566126  0.679764
   942.520020  0.262317  0.459949  0.531618  0.603286  0.696966
   945.979980  0.254438  0.470743  0.551907  0.633072  0.743980
   949.429993  0.257306  0.478757  0.566211  0.653664  0.770010
   952.890015  0.255035  0.486315  0.576744  0.667172  0.793131
   956.349976  0.259729  0.492014  0.584382  0.676750  0.805438
   959.809998  0.260934  0.496504  0.589800  0.683097  0.810508
   963.270020  0.267629  0.500556  0.594719  0.688882  0.817478
   966.729980  0.265145  0.504183  0.599115  0.694048  0.823223
   970.190002  0.271407  0.508053  0.603618  0.699184  0.831288
   973.650024  0.273281  0.511125  0.607272  0.703419  0.833975
   977.109985  0.277139  0.514559  0.611256  0.707952  0.838784
   980.580017  0.274998  0.517963  0.615229  0.712494  0.845455
   984.039978  0.276976  0.521344  0.619131  0.716918  0.852080
   987.510010  0.280881  0.524547  0.622833  0.721119  0.854636
   990.969971  0.284044  0.527961  0.626710  0.725460  0.862795
   994.429993  0.284878  0.531249  0.630566  0.729883  0.865023
   997.900024  0.289823  0.534708  0.634546  0.734384  0.872355
  1001.369995  0.290317  0.537868  0.638230  0.738592  0.876312
  1004.830017  0.293431  0.541227  0.642054  0.742882  0.881558
  1008.299988  0.293700  0.544485  0.645878  0.747271  0.887580
  1011.770020  0.297894  0.548066  0.649895  0.751724  0.893586
  1015.239990  0.300068  0.551224  0.653619  0.756013  0.898795
  1018.710022  0.302520  0.554483  0.657291  0.760099  0.902744
  1022.179993  0.304848  0.557784  0.661089  0.764395  0.909286
  1025.650024  0.306992  0.561128  0.664928  0.768727  0.913646
  1029.119995  0.308220  0.564293  0.668650  0.773007  0.917997
  1032.589966  0.309013  0.567612  0.672436  0.777259  0.923450
  1036.060059  0.313621  0.570694  0.675970  0.781246  0.927616
  1039.530029  0.314825  0.573847  0.679600  0.785353  0.935186
  1043.000000  0.317832  0.577033  0.683299  0.789566  0.939894
  1046.479980  0.321079  0.580273  0.686991  0.793709  0.945449
  1049.949951  0.322824  0.583347  0.690530  0.797712  0.949989
  1053.430054  0.323867  0.586247  0.693903  0.801559  0.955192
  1056.900024  0.326475  0.589292  0.697414  0.805537  0.962721
  1060.380005  0.326948  0.592352  0.700954  0.809556  0.967166
  1063.849976  0.329036  0.595308  0.704395  0.813482  0.970773
  1067.329956  0.329820  0.598289  0.707841  0.817393  0.977742
  1070.810059  0.333144  0.601175  0.711163  0.821151  0.982112
  1074.290039  0.336652  0.604046  0.714497  0.824947  0.986716
  1077.760010  0.337910  0.606841  0.717730  0.828618  0.994351
  1081.239990  0.339523  0.609678  0.720991  0.832304  0.998455
  1084.719971  0.341830  0.612434  0.724204  0.835973  1.002670
  1088.199951  0.343904  0.614936  0.727144  0.839351  1.006061
  1091.680054  0.344528  0.617397  0.730034  0.842670  1.009250
  1095.170044  0.345246  0.619932  0.732972  0.846013  1.013749
  1098.650024  0.346390  0.622384  0.735808  0.849231  1.016453
  1102.130005  0.349856  0.624582  0.738393  0.852204  1.019326
  1105.609985  0.350181  0.626682  0.740836  0.854991  1.023312
  1109.099976  0.350156  0.628701  0.743150  0.857598  1.026460
  1112.579956  0.352689  0.630715  0.745529  0.860342  1.028566
  1116.069946  0.353107  0.632678  0.747866  0.863054  1.030114
  1119.550049  0.354057  0.634630  0.750122  0.865613  1.028975
  1123.040039  0.354476  0.636287  0.752058  0.867829  1.029466
  1126.520020  0.355003  0.637680  0.753675  0.869671  1.025251
  1130.010010  0.353396  0.638514  0.754741  0.870968  1.020056
  1133.500000  0.351665  0.638797  0.755227  0.871657  1.021343
  1136.989990  0.348377  0.638683  0.755410  0.872136  1.022031
  1140.469971  0.347230  0.638747  0.755825  0.872903  1.022185
  1143.959961  0.345678  0.639049  0.756494  0.873938  1.026588
  1147.449951  0.347883  0.640134  0.757771  0.875408  1.028547
  1150.939941  0.349341  0.641718  0.759418  0.877119  1.027713
  1154.430054  0.352934  0.643368  0.761037  0.878706  1.028013
  1157.930054  0.356057  0.644438  0.762145  0.879853  1.032545
  1161.420044  0.356721  0.645007  0.762671  0.880335  1.032371
  1164.910034  0.358087  0.644961  0.762656  0.880351  1.041509
  1168.400024  0.359424  0.644970  0.762623  0.880276  1.045185
  1171.900024  0.358787  0.644982  0.762634  0.880286  1.046302
  1175.390015  0.358977  0.644975  0.762680  0.880385  1.046521
  1178.890015  0.357928  0.645020  0.762776  0.880531  1.047420
  1182.380005  0.359258  0.645191  0.762970  0.880748  1.046352
  1185.880005  0.356683  0.645556  0.763458  0.881359  1.044103
  1189.369995  0.358419  0.646453  0.764554  0.882655  1.044203
  1192.869995  0.359141  0.647782  0.766171  0.884559  1.042989
  1196.369995  0.360425  0.649498  0.768163  0.886828  1.046834
  1199.869995  0.359525  0.651133  0.770229  0.889325  1.047049
  1203.369995  0.360597  0.652954  0.772446  0.891937  1.048162
  1206.869995  0.361278  0.654809  0.774615  0.894422  1.049550
  1210.369995  0.363079  0.656862  0.777013  0.897163  1.055981
  1213.869995  0.365821  0.659248  0.779846  0.900443  1.059513
  1217.369995  0.366608  0.662001  0.783011  0.904021  1.070367
  1220.869995  0.367035  0.664683  0.786230  0.907778  1.077224
  1224.369995  0.369489  0.667474  0.789482  0.911489  1.086603
  1227.869995  0.371705  0.670239  0.792730  0.915221  1.095213
  1231.380005  0.371480  0.672980  0.795951  0.918922  1.102609
  1234.880005  0.375372  0.675446  0.798882  0.922317  1.108309
  1238.390015  0.375188  0.677817  0.801647  0.925478  1.115540
  1241.890015  0.378840  0.680058  0.804256  0.928454  1.118717
  1245.400024  0.378800  0.682010  0.806568  0.931127  1.126867
  1248.900024  0.383486  0.683923  0.808878  0.933832  1.127090
  1252.410034  0.380462  0.685842  0.811144  0.936447  1.134394
  1255.920044  0.384625  0.687525  0.813165  0.938805  1.140411
  1259.420044  0.381976  0.689058  0.815020  0.940982  1.139242
  1262.930054  0.385161  0.690491  0.816775  0.943060  1.143898
  1266.439941  0.386958  0.692089  0.818595  0.945101  1.146630
  1269.949951  0.387023  0.693572  0.820403  0.947233  1.153551
  1273.459961  0.386344  0.695082  0.822186  0.949289  1.156656
  1276.969971  0.388047  0.696434  0.823883  0.951331  1.159576
  1280.479980  0.387474  0.698030  0.825762  0.953494  1.162923
  1283.989990  0.389941  0.699401  0.827507  0.955613  1.166177
  1287.510010  0.389964  0.700956  0.829331  0.957706  1.166021
  1291.020020  0.391461  0.702235  0.830943  0.959651  1.170645
  1294.530029  0.392190  0.703646  0.832635  0.961623  1.173006
  1298.050049  0.391837  0.704734  0.834012  0.963291  1.177307
  1301.560059  0.391637  0.705981  0.835493  0.965004  1.177480
  1305.079956  0.394447  0.706992  0.836710  0.966427  1.182554
  1308.589966  0.393974  0.707868  0.837797  0.967726  1.182019
  1312.109985  0.393377  0.708426  0.838600  0.968774  1.184910
  1315.619995  0.394082  0.708820  0.839131  0.969443  1.186426
  1319.140015  0.394467  0.708767  0.839247  0.969727  1.190501
  1322.660034  0.394761  0.708860  0.839315  0.969770  1.185136
  1326.180054  0.389780  0.708248  0.838801  0.969353  1.179533
  1329.699951  0.392564  0.707235  0.837713  0.968190  1.178696
  1333.219971  0.388142  0.705449  0.835808  0.966166  1.178455
  1336.739990  0.388481  0.703314  0.833407  0.963501  1.174786
  1340.260010  0.384040  0.700640  0.830536  0.960432  1.169052
  1343.780029  0.387101  0.697801  0.827279  0.956758  1.165197
  1347.300049  0.376494  0.694378  0.823515  0.952652  1.160273
  1350.819946  0.378572  0.690857  0.819534  0.948210  1.153022
  1354.349976  0.373122  0.687296  0.815535  0.943775  1.148457
  1357.869995  0.374029  0.684152  0.811891  0.939630  1.143355
  1361.390015  0.371941  0.681154  0.808461  0.935768  1.137964
  1364.920044  0.368769  0.678246  0.805227  0.932208  1.130564
  1368.439941  0.364986  0.675313  0.802063  0.928812  1.124084
  1371.969971  0.365520  0.672944  0.799536  0.926129  1.119126
  1375.500000  0.359326  0.670920  0.797406  0.923892  1.114121
  1379.020020  0.363428  0.669208  0.795292  0.921376  1.109550
  1382.550049  0.359057  0.667085  0.792872  0.918660  1.104862
  1386.079956  0.357170  0.664451  0.790110  0.915769  1.097762
  1389.609985  0.353483  0.661106  0.786433  0.911760  1.089004
  1393.140015  0.352009  0.657311  0.781979  0.906648  1.080075
  1396.670044  0.347460  0.652338  0.776384  0.900429  1.075370
  1400.199951  0.342839  0.646781  0.769956  0.893130  1.065839
  1403.729980  0.338848  0.639900  0.762120  0.884341  1.050353
  1407.260010  0.335092  0.631829  0.752931  0.874033  1.040100
  1410.790039  0.331840  0.622703  0.742592  0.862481  1.021057
  1414.319946  0.320984  0.612751  0.731251  0.849750  1.007119
  1417.859985  0.316360  0.602100  0.719143  0.836185  0.985874
  1421.390015  0.306345  0.591669  0.707058  0.822447  0.968933
  1424.920044  0.302323  0.580869  0.694681  0.808492  0.953056
  1428.459961  0.293586  0.570883  0.683153  0.795422  0.938377
  1431.989990  0.289932  0.561756  0.672604  0.783451  0.923760
  1435.530029  0.280840  0.553985  0.663647  0.773310  0.913443
  1439.069946  0.280558  0.547454  0.656118  0.764782  0.902183
  1442.599976  0.274176  0.541998  0.649948  0.757898  0.896036
  1446.140015  0.273825  0.537756  0.645121  0.752486  0.887993
  1449.680054  0.269972  0.534452  0.641350  0.748249  0.883815
  1453.219971  0.268398  0.531843  0.638405  0.744967  0.879990
  1456.760010  0.265354  0.530051  0.636359  0.742667  0.881403
  1460.300049  0.267264  0.528348  0.634513  0.740678  0.879068
  1463.839966  0.263838  0.527328  0.633447  0.739567  0.877489
  1467.380005  0.262605  0.526693  0.632792  0.738890  0.877361
  1470.920044  0.260924  0.526436  0.632633  0.738831  0.877754
  1474.459961  0.262955  0.526136  0.632474  0.738811  0.879496
  1478.010010  0.262249  0.526498  0.632929  0.739359  0.880326
  1481.550049  0.261944  0.526693  0.633253  0.739813  0.883457
  1485.089966  0.262912  0.526988  0.633747  0.740505  0.879778
  1488.640015  0.261916  0.527031  0.633971  0.740911  0.885869
  1492.180054  0.260935  0.527538  0.634652  0.741766  0.888008
  1495.729980  0.260841  0.527899  0.635287  0.742674  0.889568
  1499.270020  0.265481  0.528836  0.636443  0.744049  0.888652
  1502.819946  0.261333  0.529694  0.637537  0.745379  0.894146
  1506.369995  0.262983  0.530645  0.638830  0.747016  0.894963
  1509.910034  0.262160  0.531692  0.640160  0.748627  0.900874
  1513.459961  0.263705  0.532892  0.641677  0.750461  0.902208
  1517.010010  0.263391  0.533700  0.642850  0.752000  0.903224
  1520.560059  0.265849  0.534519  0.643997  0.753475  0.904183
  1524.109985  0.264456  0.535262  0.645006  0.754750  0.909955
  1527.660034  0.262417  0.535873  0.645823  0.755773  0.911939
  1531.209961  0.262151  0.535968  0.646155  0.756342  0.914389
  1534.760010  0.262712  0.536468  0.646733  0.756997  0.915778
  1538.319946  0.261527  0.536209  0.646686  0.757164  0.915026
  1541.869995  0.265017  0.536132  0.646620  0.757107  0.915811
  1545.420044  0.261476  0.535553  0.646144  0.756735  0.916117
  1548.979980  0.262053  0.534884  0.645548  0.756213  0.916772
  1552.530029  0.258879  0.534210  0.644848  0.755486  0.917138
  1556.089966  0.260412  0.533396  0.644008  0.754620  0.918154
  1559.640015  0.258898  0.532217  0.642905  0.753593  0.916504
  1563.199951  0.253954  0.531459  0.642066  0.752673  0.915914
  1566.750000  0.254821  0.530390  0.640989  0.751587  0.913545
  1570.310059  0.255782  0.529609  0.640122  0.750634  0.919284
  1573.869995  0.256869  0.528805  0.639445  0.750085  0.913759
  1577.430054  0.254007  0.528392  0.638951  0.749511  0.916292
  1580.989990  0.254387  0.527618  0.638288  0.748959  0.912432
  1584.550049  0.251088  0.527235  0.637944  0.748654  0.913472
  1588.109985  0.253191  0.526587  0.637455  0.748322  0.910383
  1591.670044  0.253324  0.526604  0.637465  0.748325  0.913547
  1595.229980  0.251714  0.525958  0.636919  0.747879  0.912340
  1598.790039  0.251641  0.525795  0.636816  0.747836  0.912589
  1602.349976  0.252752  0.525509  0.636563  0.747616  0.911624
  1605.920044  0.250243  0.524939  0.636089  0.747240  0.908391
  1609.479980  0.251120  0.524295  0.635461  0.746627  0.904840
  1613.040039  0.247585  0.523264  0.634424  0.745584  0.899440
  1616.609985  0.249164  0.522096  0.633095  0.744094  0.890580
  1620.170044  0.247690  0.520579  0.631446  0.742313  0.880917
  1623.739990  0.246488  0.518494  0.629239  0.739983  0.867549
  1627.310059  0.245223  0.516339  0.627104  0.737869  0.869050
  1630.869995  0.242735  0.514029  0.624787  0.735545  0.865251
  1634.439941  0.243018  0.512400  0.623311  0.734223  0.869326
  1638.010010  0.241068  0.511163  0.622310  0.733457  0.866268
  1641.579956  0.241662  0.510761  0.622080  0.733399  0.864982
  1645.150024  0.241410  0.510509  0.621942  0.733374  0.867277
  1648.709961  0.239297  0.510296  0.621743  0.733191  0.867267
  1652.290039  0.238182  0.509725  0.621060  0.732396  0.863274
  1655.859985  0.235953  0.507515  0.618746  0.729977  0.865531
  1659.430054  0.235102  0.502886  0.614394  0.725902  0.859335
  1663.000000  0.228502  0.495613  0.608387  0.721160  0.856206
  1666.569946  0.221621  0.486343  0.601219  0.716095  0.846242
  1670.140015  0.209315  0.475801  0.593625  0.711449  0.839620
  1673.719971  0.202750  0.466274  0.586839  0.707405  0.835236
  1677.290039  0.191811  0.459403  0.581631  0.703858  0.827266
  1680.869995  0.183271  0.455629  0.578091  0.700553  0.829291
  1684.439941  0.183467  0.453830  0.575231  0.696632  0.820826
  1688.020020  0.185625  0.452594  0.571850  0.691106  0.819904
  1691.589966  0.192263  0.450793  0.567296  0.683799  0.806130
  1695.170044  0.199012  0.449474  0.562746  0.676018  0.803005
  1698.750000  0.200701  0.448220  0.557570  0.666920  0.786223
  1702.329956  0.199863  0.448000  0.553141  0.658282  0.778081
  1705.910034  0.203387  0.446480  0.547944  0.649407  0.771168
  1709.489990  0.200759  0.444637  0.543046  0.641456  0.774422
  1713.069946  0.189592  0.440855  0.536141  0.631427  0.747298
  1716.650024  0.206676  0.436560  0.528285  0.620009  0.739006
  1720.229980  0.204230  0.430633  0.519427  0.608221  0.719940
