ENVI ASCII Plot File [Sun Apr 06 17:22:35 2025]
Column 1: Wavelength
Column 2: Min: ROI #77~~2##255,0,0
Column 3: Mean-StdDev: ROI #77~~21##0,200,0
Column 4: Mean: ROI #77~~0##0,0,0
Column 5: Mean+StdDev: ROI #77~~21##0,200,0
Column 6: Max: ROI #77~~2##255,0,0
   935.609985  0.166988  0.396174  0.476810  0.557446  0.703211
   939.059998  0.173225  0.397716  0.479045  0.560374  0.692055
   942.520020  0.177553  0.404066  0.500578  0.597090  0.731542
   945.979980  0.174211  0.408332  0.517958  0.627584  0.777069
   949.429993  0.145105  0.411930  0.530280  0.648629  0.799541
   952.890015  0.144740  0.416981  0.539582  0.662182  0.830740
   956.349976  0.132873  0.420948  0.546273  0.671599  0.838812
   959.809998  0.138042  0.424526  0.551235  0.677945  0.853738
   963.270020  0.137706  0.427868  0.555810  0.683752  0.860881
   966.729980  0.137639  0.430961  0.559860  0.688758  0.871750
   970.190002  0.138488  0.434206  0.564030  0.693855  0.873552
   973.650024  0.141409  0.436873  0.567446  0.698019  0.882862
   977.109985  0.139610  0.439750  0.571138  0.702526  0.891677
   980.580017  0.143402  0.442743  0.574898  0.707053  0.900996
   984.039978  0.146894  0.445512  0.578466  0.711420  0.903157
   987.510010  0.148557  0.448289  0.581872  0.715456  0.911279
   990.969971  0.148794  0.451193  0.585548  0.719903  0.915636
   994.429993  0.150570  0.454118  0.589176  0.724233  0.920799
   997.900024  0.151689  0.457147  0.592969  0.728791  0.928853
  1001.369995  0.151126  0.459854  0.596369  0.732883  0.935588
  1004.830017  0.153977  0.462792  0.600026  0.737259  0.940248
  1008.299988  0.156945  0.465733  0.603653  0.741573  0.946932
  1011.770020  0.160092  0.468797  0.607397  0.745997  0.952976
  1015.239990  0.160379  0.471546  0.610879  0.750213  0.957480
  1018.710022  0.162185  0.474197  0.614248  0.754300  0.964318
  1022.179993  0.162942  0.477046  0.617821  0.758597  0.972186
  1025.650024  0.165784  0.479963  0.621425  0.762887  0.976897
  1029.119995  0.169039  0.482784  0.624916  0.767049  0.983446
  1032.589966  0.170490  0.485709  0.628486  0.771263  0.989407
  1036.060059  0.171299  0.488291  0.631742  0.775193  0.994634
  1039.530029  0.173239  0.491041  0.635196  0.779351  1.001810
  1043.000000  0.175060  0.493865  0.638679  0.783493  1.007175
  1046.479980  0.177023  0.496726  0.642136  0.787545  1.012578
  1049.949951  0.177250  0.499375  0.645467  0.791558  1.017631
  1053.430054  0.178937  0.501944  0.648667  0.795390  1.024435
  1056.900024  0.181402  0.504573  0.651928  0.799284  1.030269
  1060.380005  0.184096  0.507226  0.655219  0.803212  1.036872
  1063.849976  0.185334  0.509835  0.658483  0.807130  1.041854
  1067.329956  0.185872  0.512394  0.661675  0.810957  1.048204
  1070.810059  0.188039  0.514941  0.664813  0.814685  1.053615
  1074.290039  0.189864  0.517489  0.667953  0.818416  1.059624
  1077.760010  0.190841  0.519966  0.671031  0.822097  1.062563
  1081.239990  0.193036  0.522505  0.674157  0.825809  1.066837
  1084.719971  0.195480  0.524913  0.677168  0.829422  1.073790
  1088.199951  0.197928  0.527138  0.679971  0.832804  1.079701
  1091.680054  0.199855  0.529328  0.682733  0.836138  1.085402
  1095.170044  0.201287  0.531460  0.685470  0.839479  1.089523
  1098.650024  0.201833  0.533608  0.688139  0.842670  1.092864
  1102.130005  0.204300  0.535526  0.690577  0.845627  1.097436
  1105.609985  0.206449  0.537349  0.692883  0.848417  1.100127
  1109.099976  0.207744  0.539126  0.695139  0.851151  1.102432
  1112.579956  0.207264  0.540849  0.697393  0.853938  1.106821
  1116.069946  0.208285  0.542428  0.699520  0.856612  1.108549
  1119.550049  0.207990  0.544016  0.701597  0.859179  1.108209
  1123.040039  0.209707  0.545345  0.703420  0.861495  1.106407
  1126.520020  0.208133  0.546392  0.704960  0.863527  1.099493
  1130.010010  0.206006  0.546908  0.705969  0.865030  1.086873
  1133.500000  0.203723  0.547116  0.706617  0.866117  1.078605
  1136.989990  0.201677  0.546901  0.706888  0.866875  1.080178
  1140.469971  0.199542  0.546904  0.707319  0.867734  1.082614
  1143.959961  0.201941  0.547332  0.708075  0.868817  1.083216
  1147.449951  0.202864  0.548408  0.709396  0.870385  1.086869
  1150.939941  0.205816  0.550028  0.711105  0.872182  1.088456
  1154.430054  0.207771  0.551707  0.712756  0.873805  1.089508
  1157.930054  0.210450  0.552838  0.713852  0.874866  1.093384
  1161.420044  0.209737  0.553642  0.714617  0.875592  1.107408
  1164.910034  0.212082  0.553858  0.714805  0.875752  1.116311
  1168.400024  0.212922  0.554002  0.714918  0.875834  1.120670
  1171.900024  0.214666  0.554150  0.715049  0.875948  1.123602
  1175.390015  0.212238  0.554230  0.715199  0.876168  1.125903
  1178.890015  0.213414  0.554237  0.715215  0.876193  1.126483
  1182.380005  0.210623  0.554427  0.715492  0.876557  1.125350
  1185.880005  0.212578  0.554814  0.716063  0.877312  1.125202
  1189.369995  0.212513  0.555575  0.717138  0.878702  1.123201
  1192.869995  0.213676  0.556676  0.718656  0.880635  1.123149
  1196.369995  0.212062  0.558099  0.720544  0.882990  1.124665
  1199.869995  0.211060  0.559543  0.722481  0.885418  1.123448
  1203.369995  0.213539  0.561091  0.724553  0.888016  1.123034
  1206.869995  0.213516  0.562698  0.726675  0.890652  1.123293
  1210.369995  0.211084  0.564533  0.728938  0.893344  1.128614
  1213.869995  0.213189  0.566615  0.731541  0.896466  1.136212
  1217.369995  0.216812  0.569084  0.734508  0.899931  1.147787
  1220.869995  0.217769  0.571326  0.737399  0.903472  1.156014
  1224.369995  0.217526  0.573934  0.740517  0.907100  1.164162
  1227.869995  0.219089  0.576450  0.743592  0.910734  1.175248
  1231.380005  0.221579  0.578924  0.746582  0.914239  1.186543
  1234.880005  0.225051  0.581076  0.749289  0.917503  1.193199
  1238.390015  0.225824  0.583309  0.751972  0.920635  1.197851
  1241.890015  0.226586  0.585255  0.754406  0.923558  1.204422
  1245.400024  0.227872  0.587174  0.756776  0.926379  1.211205
  1248.900024  0.227811  0.588794  0.758911  0.929029  1.216635
  1252.410034  0.229314  0.590608  0.761087  0.931566  1.222137
  1255.920044  0.227928  0.592113  0.763049  0.933985  1.228347
  1259.420044  0.232011  0.593473  0.764833  0.936193  1.232750
  1262.930054  0.231025  0.594775  0.766559  0.938343  1.234626
  1266.439941  0.232506  0.596321  0.768374  0.940427  1.238014
  1269.949951  0.233264  0.597464  0.769974  0.942483  1.241498
  1273.459961  0.234503  0.598864  0.771670  0.944476  1.245422
  1276.969971  0.234047  0.600070  0.773291  0.946513  1.246573
  1280.479980  0.235661  0.601490  0.775070  0.948649  1.251818
  1283.989990  0.233240  0.602609  0.776654  0.950698  1.254203
  1287.510010  0.235100  0.604010  0.778397  0.952784  1.256345
  1291.020020  0.231828  0.605097  0.779931  0.954766  1.254688
  1294.530029  0.236214  0.606368  0.781474  0.956580  1.262841
  1298.050049  0.236872  0.607229  0.782808  0.958388  1.262981
  1301.560059  0.237219  0.608476  0.784312  0.960149  1.264873
  1305.079956  0.236898  0.609361  0.785545  0.961729  1.266258
  1308.589966  0.237554  0.610247  0.786647  0.963047  1.271362
  1312.109985  0.236118  0.610785  0.787517  0.964250  1.271629
  1315.619995  0.236938  0.611271  0.788212  0.965154  1.271728
  1319.140015  0.236118  0.611390  0.788469  0.965548  1.270828
  1322.660034  0.237868  0.611404  0.788569  0.965733  1.272610
  1326.180054  0.235860  0.610857  0.788083  0.965309  1.271468
  1329.699951  0.235086  0.610162  0.787289  0.964417  1.269619
  1333.219971  0.234808  0.608642  0.785606  0.962569  1.267980
  1336.739990  0.232344  0.606739  0.783469  0.960200  1.263054
  1340.260010  0.232920  0.604547  0.780925  0.957303  1.256356
  1343.780029  0.229786  0.602090  0.777988  0.953887  1.251071
  1347.300049  0.229682  0.599115  0.774425  0.949735  1.243882
  1350.819946  0.227500  0.595871  0.770669  0.945467  1.239927
  1354.349976  0.227221  0.592991  0.767072  0.941154  1.232317
  1357.869995  0.223751  0.590363  0.763894  0.937426  1.227692
  1361.390015  0.223410  0.587740  0.760771  0.933802  1.224175
  1364.920044  0.221467  0.585171  0.757771  0.930372  1.215565
  1368.439941  0.220907  0.582665  0.754960  0.927256  1.209164
  1371.969971  0.217164  0.580462  0.752562  0.924663  1.204548
  1375.500000  0.216936  0.578551  0.750468  0.922386  1.196961
  1379.020020  0.214645  0.576976  0.748522  0.920068  1.192711
  1382.550049  0.213234  0.575125  0.746320  0.917516  1.185613
  1386.079956  0.212856  0.572768  0.743708  0.914647  1.177132
  1389.609985  0.210496  0.569861  0.740360  0.910860  1.172760
  1393.140015  0.208704  0.566707  0.736331  0.905956  1.161358
  1396.670044  0.205630  0.562407  0.731210  0.900013  1.151910
  1400.199951  0.203347  0.557734  0.725454  0.893174  1.144262
  1403.729980  0.202081  0.551794  0.718209  0.884625  1.131302
  1407.260010  0.198144  0.544796  0.709618  0.874441  1.112749
  1410.790039  0.193647  0.536639  0.699753  0.862867  1.092880
  1414.319946  0.189191  0.527708  0.688925  0.850141  1.078916
  1417.859985  0.182653  0.518374  0.677485  0.836595  1.058298
  1421.390015  0.173586  0.509157  0.665887  0.822617  1.043229
  1424.920044  0.167855  0.499530  0.654130  0.808730  1.024293
  1428.459961  0.164143  0.490999  0.643422  0.795845  1.008089
  1431.989990  0.155676  0.482971  0.633554  0.784137  0.987535
  1435.530029  0.154272  0.476465  0.625359  0.774253  0.977140
  1439.069946  0.150986  0.470875  0.618586  0.766298  0.967529
  1442.599976  0.147775  0.466628  0.613285  0.759941  0.961046
  1446.140015  0.143244  0.463280  0.609199  0.755118  0.956548
  1449.680054  0.143981  0.460839  0.606177  0.751516  0.956368
  1453.219971  0.142230  0.458976  0.603936  0.748896  0.950700
  1456.760010  0.140692  0.457845  0.602488  0.747132  0.947952
  1460.300049  0.140950  0.456528  0.601093  0.745659  0.950111
  1463.839966  0.140823  0.456149  0.600599  0.745050  0.948127
  1467.380005  0.138330  0.455764  0.600305  0.744846  0.949433
  1470.920044  0.136519  0.455904  0.600556  0.745207  0.952207
  1474.459961  0.138573  0.455759  0.600618  0.745477  0.952763
  1478.010010  0.134336  0.456298  0.601250  0.746202  0.954382
  1481.550049  0.139217  0.456446  0.601674  0.746903  0.956353
  1485.089966  0.136874  0.456711  0.602084  0.747457  0.956104
  1488.640015  0.141102  0.456787  0.602387  0.747987  0.958422
  1492.180054  0.137333  0.457274  0.603096  0.748917  0.960824
  1495.729980  0.140434  0.457685  0.603796  0.749908  0.965067
  1499.270020  0.138029  0.458643  0.605056  0.751468  0.967160
  1502.819946  0.140188  0.459512  0.606259  0.753005  0.968082
  1506.369995  0.137389  0.460418  0.607537  0.754656  0.973038
  1509.910034  0.141320  0.461441  0.608959  0.756476  0.977436
  1513.459961  0.138697  0.462384  0.610305  0.758227  0.978949
  1517.010010  0.143297  0.463283  0.611577  0.759870  0.985441
  1520.560059  0.138463  0.464011  0.612776  0.761541  0.984744
  1524.109985  0.141225  0.464692  0.613655  0.762619  0.987517
  1527.660034  0.139193  0.465200  0.614556  0.763911  0.986522
  1531.209961  0.140962  0.465395  0.614928  0.764461  0.993469
  1534.760010  0.141287  0.465760  0.615437  0.765114  0.992651
  1538.319946  0.138962  0.465635  0.615446  0.765257  0.992353
  1541.869995  0.140551  0.465560  0.615418  0.765277  0.991947
  1545.420044  0.141086  0.465200  0.615095  0.764991  0.994546
  1548.979980  0.139599  0.464697  0.614655  0.764612  0.994114
  1552.530029  0.136772  0.464004  0.613869  0.763735  0.996697
  1556.089966  0.140152  0.463329  0.613120  0.762912  0.996248
  1559.640015  0.135781  0.462476  0.612244  0.762012  0.992829
  1563.199951  0.135571  0.461673  0.611394  0.761116  0.989830
  1566.750000  0.133193  0.460705  0.610394  0.760083  0.987564
  1570.310059  0.135417  0.459894  0.609501  0.759108  0.987730
  1573.869995  0.134430  0.459252  0.608860  0.758467  0.985086
  1577.430054  0.135218  0.459068  0.608647  0.758227  0.985754
  1580.989990  0.133362  0.458298  0.608043  0.757788  0.983560
  1584.550049  0.131068  0.457934  0.607722  0.757511  0.982930
  1588.109985  0.130683  0.457209  0.607135  0.757060  0.981198
  1591.670044  0.133575  0.457319  0.607176  0.757034  0.982417
  1595.229980  0.131791  0.456704  0.606644  0.756584  0.979651
  1598.790039  0.133567  0.456637  0.606582  0.756528  0.980038
  1602.349976  0.132192  0.456152  0.606225  0.756298  0.973243
  1605.920044  0.131120  0.455681  0.605803  0.755925  0.974454
  1609.479980  0.129971  0.455070  0.605246  0.755422  0.969038
  1613.040039  0.130487  0.454014  0.604208  0.754403  0.966510
  1616.609985  0.129578  0.452755  0.602869  0.752983  0.949526
  1620.170044  0.129019  0.451302  0.601257  0.751212  0.937395
  1623.739990  0.126115  0.449227  0.599167  0.749106  0.938260
  1627.310059  0.126745  0.447232  0.596987  0.746743  0.937896
  1630.869995  0.125381  0.445006  0.594748  0.744491  0.938969
  1634.439941  0.126335  0.443635  0.593362  0.743088  0.933560
  1638.010010  0.125679  0.442447  0.592445  0.742444  0.935752
  1641.579956  0.124975  0.442219  0.592270  0.742320  0.937263
  1645.150024  0.125827  0.441955  0.592077  0.742199  0.931880
  1648.709961  0.125929  0.441752  0.591847  0.741942  0.930554
  1652.290039  0.125556  0.441255  0.591162  0.741068  0.930588
  1655.859985  0.121025  0.439323  0.589051  0.738779  0.925517
  1659.430054  0.120443  0.435366  0.585105  0.734843  0.925227
  1663.000000  0.112034  0.429637  0.579603  0.729570  0.918607
  1666.569946  0.102621  0.422817  0.573305  0.723793  0.913123
  1670.140015  0.096647  0.415193  0.566502  0.717811  0.904382
  1673.719971  0.089350  0.408373  0.560396  0.712419  0.902313
  1677.290039  0.088047  0.403280  0.555589  0.707899  0.893130
  1680.869995  0.087076  0.400425  0.552197  0.703970  0.889990
  1684.439941  0.088328  0.398512  0.549263  0.700013  0.886198
  1688.020020  0.091750  0.396917  0.545714  0.694512  0.881930
  1691.589966  0.097107  0.394751  0.541163  0.687575  0.866592
  1695.170044  0.099603  0.393187  0.536752  0.680317  0.864332
  1698.750000  0.102491  0.391687  0.531829  0.671971  0.851174
  1702.329956  0.103135  0.391216  0.527509  0.663802  0.827282
  1705.910034  0.106004  0.389581  0.522555  0.655530  0.821649
  1709.489990  0.120468  0.388631  0.517918  0.647204  0.806139
  1713.069946  0.126327  0.385655  0.511688  0.637721  0.802995
  1716.650024  0.134876  0.382621  0.504103  0.625585  0.769033
  1720.229980  0.132399  0.377991  0.495341  0.612692  0.770417
